10 0.080296
10.016384 0.088571
10.032768 0.101853
10.049152 0.100114
10.08192 0.102019
10.114688 0.093910
10.131072 0.097177
10.16384 0.094075
10.180224 0.087329
10.196608 0.085590
10.212992 0.078843
10.229376 0.072097
10.24576 0.065351
10.262144 0.058604
10.278528 0.051858
10.294912 0.047830
10.311296 0.051097
10.32768 0.047830
10.344064 0.047830
10.360448 0.047830
10.376832 0.050166
10.393216 0.058440
10.4096 0.051694
10.425984 0.047830
10.442368 0.047830
10.458752 0.061112
10.475136 0.064379
10.49152 0.057633
10.507904 0.050887
10.524288 0.050166
10.540672 0.063448
10.557056 0.071722
10.57344 0.074990
10.589824 0.068244
10.606208 0.061497
10.622592 0.064765
10.638976 0.073040
10.65536 0.081315
10.671744 0.084583
10.688128 0.077836
10.704512 0.081104
10.720896 0.079365
10.73728 0.082632
10.753664 0.090907
10.770048 0.094175
10.786432 0.092436
10.802816 0.095704
10.8192 0.093964
10.835584 0.092225
10.851968 0.095493
10.868352 0.103768
10.90112 0.095658
10.917504 0.098926
10.933888 0.097187
10.950272 0.095448
10.966656 0.098715
10.98304 0.096976
10.999424 0.100244
11.015808 0.103512
11.032192 0.101772
11.048576 0.105040
11.06496 0.103301
11.081344 0.101561
11.097728 0.104829
11.114112 0.103090
11.130496 0.101351
11.14688 0.104618
11.163264 0.102879
11.179648 0.106147
11.196032 0.099400
11.212416 0.092654
11.2288 0.085908
11.245184 0.079161
11.261568 0.072415
11.277952 0.065669
11.294336 0.058922
11.31072 0.062190
11.327104 0.055444
11.343488 0.048697
11.359872 0.047830
11.376256 0.047830
11.39264 0.051097
11.409024 0.054365
11.425408 0.047830
11.441792 0.047830
11.458176 0.050166
11.47456 0.058440
11.490944 0.056701
11.507328 0.049955
11.523712 0.047830
11.540096 0.056104
11.55648 0.064379
11.572864 0.062640
11.589248 0.055894
11.605632 0.054154
11.622016 0.057422
11.6384 0.065697
11.654784 0.068965
11.671168 0.062218
11.687552 0.060479
11.703936 0.063747
11.72032 0.067015
11.736704 0.075289
11.753088 0.073550
11.769472 0.071811
11.785856 0.075079
11.80224 0.073339
11.818624 0.071600
11.835008 0.084882
11.851392 0.083143
11.867776 0.081403
11.88416 0.084671
11.900544 0.082932
11.916928 0.081192
11.933312 0.089467
11.949696 0.092735
11.96608 0.096003
11.982464 0.094264
11.998848 0.092524
12.015232 0.095792
12.031616 0.094053
12.048 0.097320
12.064384 0.100588
12.080768 0.103856
12.097152 0.102117
12.113536 0.100377
12.12992 0.103645
12.146304 0.101906
12.162688 0.105174
12.179072 0.103434
12.195456 0.101695
12.21184 0.104963
12.228224 0.103224
12.244608 0.101484
12.260992 0.099745
12.277376 0.092999
12.29376 0.086252
12.310144 0.079506
12.326528 0.072760
12.342912 0.066013
12.359296 0.059267
12.37568 0.052520
12.392064 0.055788
12.408448 0.049042
12.424832 0.047830
12.441216 0.047830
12.4576 0.047830
12.473984 0.061112
12.490368 0.054365
12.506752 0.047830
12.523136 0.047830
12.53952 0.050166
12.555904 0.063448
12.572288 0.061708
12.588672 0.054962
12.605056 0.048216
12.62144 0.052502
12.637824 0.060776
12.654208 0.059037
12.670592 0.057298
12.686976 0.055559
12.70336 0.053819
12.719744 0.062094
12.736128 0.060355
12.752512 0.063623
12.768896 0.061883
12.78528 0.060144
12.801664 0.068419
12.818048 0.066680
12.834432 0.069947
12.850816 0.068208
12.8672 0.071476
12.883584 0.074744
12.899968 0.073004
12.916352 0.076272
12.932736 0.074533
12.94912 0.072793
12.965504 0.081068
12.981888 0.084336
12.998272 0.082597
13.014656 0.085864
13.03104 0.084125
13.047424 0.082386
13.063808 0.090661
13.080192 0.093928
13.096576 0.092189
13.11296 0.095457
13.129344 0.093718
13.145728 0.091978
13.162112 0.095246
13.178496 0.098514
13.211264 0.095412
13.227648 0.098680
13.244032 0.096940
13.260416 0.095201
13.2768 0.098469
13.293184 0.096729
13.309568 0.099997
13.342336 0.096895
13.35872 0.100163
13.375104 0.098424
13.391488 0.096684
13.407872 0.099952
13.424256 0.098213
13.44064 0.096473
13.473408 0.098378
13.489792 0.096639
13.506176 0.089893
13.52256 0.083146
13.538944 0.076400
13.555328 0.069654
13.571712 0.062907
13.588096 0.056161
13.60448 0.054422
13.620864 0.052682
13.637248 0.047830
13.653632 0.047830
13.670016 0.047830
13.6864 0.056104
13.702784 0.054365
13.719168 0.047830
13.735552 0.047830
13.751936 0.050166
13.76832 0.063448
13.784704 0.066715
13.801088 0.059969
13.817472 0.053223
13.833856 0.056490
13.85024 0.064765
13.866624 0.063026
13.883008 0.061287
13.899392 0.054540
13.915776 0.062815
13.93216 0.071090
13.948544 0.069351
13.964928 0.067611
13.981312 0.060865
13.997696 0.069140
14.01408 0.072408
14.030464 0.075675
14.046848 0.073936
14.063232 0.072197
14.079616 0.075464
14.096 0.073725
14.112384 0.082000
14.128768 0.085268
14.145152 0.083528
14.161536 0.081789
14.17792 0.085057
14.194304 0.083318
14.210688 0.091592
14.227072 0.094860
14.243456 0.093121
14.25984 0.091382
14.276224 0.094649
14.292608 0.092910
14.308992 0.091171
14.325376 0.099446
14.34176 0.102713
14.358144 0.100974
14.374528 0.099235
14.390912 0.102503
14.407296 0.100763
14.42368 0.099024
14.440064 0.102292
14.456448 0.105560
14.472832 0.103820
14.489216 0.102081
14.5056 0.105349
14.521984 0.098602
14.538368 0.091856
14.554752 0.085110
14.571136 0.078363
14.58752 0.071617
14.603904 0.064871
14.620288 0.058124
14.636672 0.061392
14.653056 0.054646
14.66944 0.047899
14.685824 0.047830
14.702208 0.047830
14.718592 0.056104
14.734976 0.054365
14.75136 0.047830
14.767744 0.047830
14.784128 0.050166
14.800512 0.063448
14.816896 0.061708
14.83328 0.054962
14.849664 0.048216
14.866048 0.052502
14.882432 0.060776
14.898816 0.059037
14.9152 0.057298
14.931584 0.055559
14.947968 0.053819
14.964352 0.062094
14.980736 0.060355
14.99712 0.063623
15.013504 0.061883
15.029888 0.060144
15.046272 0.068419
15.062656 0.066680
15.07904 0.069947
15.095424 0.068208
15.111808 0.071476
15.128192 0.074744
15.144576 0.073004
15.16096 0.076272
15.177344 0.074533
15.193728 0.072793
15.210112 0.081068
15.226496 0.084336
15.24288 0.082597
15.259264 0.085864
15.275648 0.084125
15.292032 0.082386
15.308416 0.090661
15.3248 0.093928
15.341184 0.092189
15.357568 0.095457
15.373952 0.093718
15.390336 0.091978
15.40672 0.095246
15.423104 0.098514
15.455872 0.095412
15.472256 0.098680
15.48864 0.096940
15.505024 0.095201
15.521408 0.098469
15.537792 0.096729
15.554176 0.099997
15.586944 0.096895
15.603328 0.100163
15.619712 0.098424
15.636096 0.096684
15.65248 0.099952
15.668864 0.098213
15.685248 0.096473
15.718016 0.098378
15.7344 0.096639
15.750784 0.089893
15.767168 0.083146
15.783552 0.076400
15.799936 0.069654
15.81632 0.062907
15.832704 0.056161
15.849088 0.054422
15.865472 0.052682
15.881856 0.047830
15.89824 0.047830
15.914624 0.047830
15.931008 0.056104
15.947392 0.054365
15.963776 0.047830
15.98016 0.047830
15.996544 0.050166
16.012928 0.063448
16.029312 0.066715
16.045696 0.059969
16.06208 0.053223
16.078464 0.056490
16.094848 0.064765
16.111232 0.063026
16.127616 0.061287
16.144 0.054540
16.160384 0.062815
16.176768 0.071090
16.193152 0.069351
16.209536 0.067611
16.22592 0.060865
16.242304 0.069140
16.258688 0.072408
16.275072 0.075675
16.291456 0.073936
16.30784 0.072197
16.324224 0.075464
16.340608 0.073725
16.356992 0.082000
16.373376 0.085268
16.38976 0.083528
16.406144 0.081789
16.422528 0.085057
16.438912 0.083318
16.455296 0.091592
16.47168 0.094860
16.488064 0.093121
16.504448 0.091382
16.520832 0.094649
16.537216 0.092910
16.5536 0.091171
16.569984 0.099446
16.586368 0.102713
16.602752 0.100974
16.619136 0.099235
16.63552 0.102503
16.651904 0.100763
16.668288 0.099024
16.684672 0.102292
16.701056 0.105560
16.71744 0.103820
16.733824 0.102081
16.750208 0.105349
16.766592 0.098602
16.782976 0.091856
16.79936 0.085110
16.815744 0.078363
16.832128 0.071617
16.848512 0.064871
16.864896 0.058124
16.88128 0.061392
16.897664 0.054646
16.914048 0.047899
16.930432 0.047830
16.946816 0.047830
16.9632 0.056104
16.979584 0.054365
16.995968 0.047830
17.012352 0.047830
17.028736 0.050166
17.04512 0.063448
17.061504 0.061708
17.077888 0.054962
17.094272 0.048216
17.110656 0.052502
17.12704 0.060776
17.143424 0.059037
17.159808 0.057298
17.176192 0.055559
17.192576 0.053819
17.20896 0.062094
17.225344 0.060355
17.241728 0.063623
17.258112 0.061883
17.274496 0.060144
17.29088 0.068419
17.307264 0.066680
17.323648 0.069947
17.340032 0.068208
17.356416 0.071476
17.3728 0.074744
17.389184 0.073004
17.405568 0.076272
17.421952 0.074533
17.438336 0.072793
17.45472 0.081068
17.471104 0.084336
17.487488 0.082597
17.503872 0.085864
17.520256 0.084125
17.53664 0.082386
17.553024 0.090661
17.569408 0.093928
17.585792 0.092189
17.602176 0.095457
17.61856 0.093718
17.634944 0.091978
17.651328 0.095246
17.667712 0.098514
17.70048 0.095412
17.716864 0.098680
17.733248 0.096940
17.749632 0.095201
17.766016 0.098469
17.7824 0.096729
17.798784 0.099997
17.831552 0.096895
17.847936 0.100163
17.86432 0.098424
17.880704 0.096684
17.897088 0.099952
17.913472 0.098213
17.929856 0.096473
17.962624 0.098378
17.979008 0.096639
17.995392 0.089893
18.011776 0.083146
18.02816 0.076400
18.044544 0.069654
18.060928 0.062907
18.077312 0.056161
18.093696 0.054422
18.11008 0.052682
18.126464 0.047830
18.142848 0.047830
18.159232 0.047830
18.175616 0.056104
18.192 0.054365
18.208384 0.047830
18.224768 0.047830
18.241152 0.050166
18.257536 0.063448
18.27392 0.066715
18.290304 0.059969
18.306688 0.053223
18.323072 0.056490
18.339456 0.064765
18.35584 0.063026
18.372224 0.061287
18.388608 0.054540
18.404992 0.062815
18.421376 0.071090
18.43776 0.069351
18.454144 0.067611
18.470528 0.060865
18.486912 0.069140
18.503296 0.072408
18.51968 0.075675
18.536064 0.073936
18.552448 0.072197
18.568832 0.075464
18.585216 0.073725
18.6016 0.082000
18.617984 0.085268
18.634368 0.083528
18.650752 0.081789
18.667136 0.085057
18.68352 0.083318
18.699904 0.091592
18.716288 0.094860
18.732672 0.093121
18.749056 0.091382
18.76544 0.094649
18.781824 0.092910
18.798208 0.091171
18.814592 0.099446
18.830976 0.102713
18.84736 0.100974
18.863744 0.099235
18.880128 0.102503
18.896512 0.100763
18.912896 0.099024
18.92928 0.102292
18.945664 0.105560
18.962048 0.103820
18.978432 0.102081
18.994816 0.105349
19.0112 0.098602
19.027584 0.091856
19.043968 0.085110
19.060352 0.078363
19.076736 0.071617
19.09312 0.064871
19.109504 0.058124
19.125888 0.061392
19.142272 0.054646
19.158656 0.047899
19.17504 0.047830
19.191424 0.047830
19.207808 0.056104
19.224192 0.054365
19.240576 0.047830
19.25696 0.047830
19.273344 0.050166
19.289728 0.063448
19.306112 0.061708
19.322496 0.054962
19.33888 0.048216
19.355264 0.052502
19.371648 0.060776
19.388032 0.059037
19.404416 0.057298
19.4208 0.055559
19.437184 0.053819
19.453568 0.062094
19.469952 0.060355
19.486336 0.063623
19.50272 0.061883
19.519104 0.060144
19.535488 0.068419
19.551872 0.066680
19.568256 0.069947
19.58464 0.068208
19.601024 0.071476
19.617408 0.074744
19.633792 0.073004
19.650176 0.076272
19.66656 0.074533
19.682944 0.072793
19.699328 0.081068
19.715712 0.084336
19.732096 0.082597
19.74848 0.085864
19.764864 0.084125
19.781248 0.082386
19.797632 0.090661
19.814016 0.093928
19.8304 0.092189
19.846784 0.095457
19.863168 0.093718
19.879552 0.091978
19.895936 0.095246
19.91232 0.098514
19.945088 0.095412
19.961472 0.098680
19.977856 0.096940
19.99424 0.095201
20.010624 0.098469
20.027008 0.096729
20.043392 0.099997
20.07616 0.096895
20.092544 0.100163
20.108928 0.098424
20.125312 0.096684
20.141696 0.099952
20.15808 0.098213
20.174464 0.096473
20.207232 0.098378
20.223616 0.096639
20.24 0.089893
20.256384 0.083146
20.272768 0.076400
20.289152 0.069654
20.305536 0.062907
20.32192 0.056161
20.338304 0.054422
20.354688 0.052682
20.371072 0.047830
20.387456 0.047830
20.40384 0.047830
20.420224 0.056104
20.436608 0.054365
20.452992 0.047830
20.469376 0.047830
20.48576 0.050166
20.502144 0.063448
20.518528 0.066715
20.534912 0.059969
20.551296 0.053223
20.56768 0.056490
20.584064 0.064765
20.600448 0.063026
20.616832 0.061287
20.633216 0.054540
20.6496 0.062815
20.665984 0.071090
20.682368 0.069351
20.698752 0.067611
20.715136 0.060865
20.73152 0.069140
20.747904 0.072408
20.764288 0.075675
20.780672 0.073936
20.797056 0.072197
20.81344 0.075464
20.829824 0.073725
20.846208 0.082000
20.862592 0.085268
20.878976 0.083528
20.89536 0.081789
20.911744 0.085057
20.928128 0.083318
20.944512 0.091592
20.960896 0.094860
20.97728 0.093121
20.993664 0.091382
21.010048 0.094649
21.026432 0.092910
21.042816 0.091171
21.0592 0.099446
21.075584 0.102713
21.091968 0.100974
21.108352 0.099235
21.124736 0.102503
21.14112 0.100763
21.157504 0.099024
21.173888 0.102292
21.190272 0.105560
21.206656 0.103820
21.22304 0.102081
21.239424 0.105349
21.255808 0.098602
21.272192 0.091856
21.288576 0.085110
21.30496 0.078363
21.321344 0.071617
21.337728 0.064871
21.354112 0.058124
21.370496 0.061392
21.38688 0.054646
21.403264 0.047899
21.419648 0.047830
21.436032 0.047830
21.452416 0.056104
21.4688 0.054365
21.485184 0.047830
21.501568 0.047830
21.517952 0.050166
21.534336 0.063448
21.55072 0.061708
21.567104 0.054962
21.583488 0.048216
21.599872 0.052502
21.616256 0.060776
21.63264 0.059037
21.649024 0.057298
21.665408 0.055559
21.681792 0.053819
21.698176 0.062094
21.71456 0.060355
21.730944 0.063623
21.747328 0.061883
21.763712 0.060144
21.780096 0.068419
21.79648 0.066680
21.812864 0.069947
21.829248 0.068208
21.845632 0.071476
21.862016 0.074744
21.8784 0.073004
21.894784 0.076272
21.911168 0.074533
21.927552 0.072793
21.943936 0.081068
21.96032 0.084336
21.976704 0.082597
21.993088 0.085864
22.009472 0.084125
22.025856 0.082386
22.04224 0.090661
22.058624 0.093928
22.075008 0.092189
22.091392 0.095457
22.107776 0.093718
22.12416 0.091978
22.140544 0.095246
22.156928 0.098514
22.189696 0.095412
22.20608 0.098680
22.222464 0.096940
22.238848 0.095201
22.255232 0.098469
22.271616 0.096729
22.288 0.099997
22.320768 0.096895
22.337152 0.100163
22.353536 0.098424
22.36992 0.096684
22.386304 0.099952
22.402688 0.098213
22.419072 0.096473
22.45184 0.098378
22.468224 0.096639
22.484608 0.089893
22.500992 0.083146
22.517376 0.076400
22.53376 0.069654
22.550144 0.062907
22.566528 0.056161
22.582912 0.054422
22.599296 0.052682
22.61568 0.047830
22.632064 0.047830
22.648448 0.047830
22.664832 0.056104
22.681216 0.054365
22.6976 0.047830
22.713984 0.047830
22.730368 0.050166
22.746752 0.063448
22.763136 0.066715
22.77952 0.059969
22.795904 0.053223
22.812288 0.056490
22.828672 0.064765
22.845056 0.063026
22.86144 0.061287
22.877824 0.054540
22.894208 0.062815
22.910592 0.071090
22.926976 0.069351
22.94336 0.067611
22.959744 0.060865
22.976128 0.069140
22.992512 0.072408
23.008896 0.075675
23.02528 0.073936
23.041664 0.072197
23.058048 0.075464
23.074432 0.073725
23.090816 0.082000
23.1072 0.085268
23.123584 0.083528
23.139968 0.081789
23.156352 0.085057
23.172736 0.083318
23.18912 0.091592
23.205504 0.094860
23.221888 0.093121
23.238272 0.091382
23.254656 0.094649
23.27104 0.092910
23.287424 0.091171
23.303808 0.099446
23.320192 0.102713
23.336576 0.100974
23.35296 0.099235
23.369344 0.102503
23.385728 0.100763
23.402112 0.099024
23.418496 0.102292
23.43488 0.105560
23.451264 0.103820
23.467648 0.102081
23.484032 0.105349
23.500416 0.098602
23.5168 0.091856
23.533184 0.085110
23.549568 0.078363
23.565952 0.071617
23.582336 0.064871
23.59872 0.058124
23.615104 0.061392
23.631488 0.054646
23.647872 0.047899
23.664256 0.047830
23.68064 0.047830
23.697024 0.056104
23.713408 0.054365
23.729792 0.047830
23.746176 0.047830
23.76256 0.050166
23.778944 0.063448
23.795328 0.061708
23.811712 0.054962
23.828096 0.048216
23.84448 0.052502
23.860864 0.060776
23.877248 0.059037
23.893632 0.057298
23.910016 0.055559
23.9264 0.053819
23.942784 0.062094
23.959168 0.060355
23.975552 0.063623
23.991936 0.061883
24.00832 0.060144
24.024704 0.068419
24.041088 0.066680
24.057472 0.069947
24.073856 0.068208
24.09024 0.071476
24.106624 0.074744
24.123008 0.073004
24.139392 0.076272
24.155776 0.074533
24.17216 0.072793
24.188544 0.081068
24.204928 0.084336
24.221312 0.082597
24.237696 0.085864
24.25408 0.084125
24.270464 0.082386
24.286848 0.090661
24.303232 0.093928
24.319616 0.092189
24.336 0.095457
24.352384 0.093718
24.368768 0.091978
24.385152 0.095246
24.401536 0.098514
24.434304 0.095412
24.450688 0.098680
24.467072 0.096940
24.483456 0.095201
24.49984 0.098469
24.516224 0.096729
24.532608 0.099997
24.565376 0.096895
24.58176 0.100163
24.598144 0.098424
24.614528 0.096684
24.630912 0.099952
24.647296 0.098213
24.66368 0.096473
24.696448 0.098378
24.712832 0.096639
24.729216 0.089893
24.7456 0.083146
24.761984 0.076400
24.778368 0.069654
24.794752 0.062907
24.811136 0.056161
24.82752 0.054422
24.843904 0.052682
24.860288 0.047830
24.876672 0.047830
24.893056 0.047830
24.90944 0.056104
24.925824 0.054365
24.942208 0.047830
24.958592 0.047830
24.974976 0.050166
24.99136 0.063448
25.007744 0.066715
25.024128 0.059969
25.040512 0.053223
25.056896 0.056490
25.07328 0.064765
25.089664 0.063026
25.106048 0.061287
25.122432 0.054540
25.138816 0.062815
25.1552 0.071090
25.171584 0.069351
25.187968 0.067611
25.204352 0.060865
25.220736 0.069140
25.23712 0.072408
25.253504 0.075675
25.269888 0.073936
25.286272 0.072197
25.302656 0.075464
25.31904 0.073725
25.335424 0.082000
25.351808 0.085268
25.368192 0.083528
25.384576 0.081789
25.40096 0.085057
25.417344 0.083318
25.433728 0.091592
25.450112 0.094860
25.466496 0.093121
25.48288 0.091382
25.499264 0.094649
25.515648 0.092910
25.532032 0.091171
25.548416 0.099446
25.5648 0.102713
25.581184 0.100974
25.597568 0.099235
25.613952 0.102503
25.630336 0.100763
25.64672 0.099024
25.663104 0.102292
25.679488 0.105560
25.695872 0.103820
25.712256 0.102081
25.72864 0.105349
25.745024 0.098602
25.761408 0.091856
25.777792 0.085110
25.794176 0.078363
25.81056 0.071617
25.826944 0.064871
25.843328 0.058124
25.859712 0.061392
25.876096 0.054646
25.89248 0.047899
25.908864 0.047830
25.925248 0.047830
25.941632 0.056104
25.958016 0.054365
25.9744 0.047830
25.990784 0.047830
26.007168 0.050166
26.023552 0.063448
26.039936 0.061708
26.05632 0.054962
26.072704 0.048216
26.089088 0.052502
26.105472 0.060776
26.121856 0.059037
26.13824 0.057298
26.154624 0.055559
26.171008 0.053819
26.187392 0.062094
26.203776 0.060355
26.22016 0.063623
26.236544 0.061883
26.252928 0.060144
26.269312 0.068419
26.285696 0.066680
26.30208 0.069947
26.318464 0.068208
26.334848 0.071476
26.351232 0.074744
26.367616 0.073004
26.384 0.076272
26.400384 0.074533
26.416768 0.072793
26.433152 0.081068
26.449536 0.084336
26.46592 0.082597
26.482304 0.085864
26.498688 0.084125
26.515072 0.082386
26.531456 0.090661
26.54784 0.093928
26.564224 0.092189
26.580608 0.095457
26.596992 0.093718
26.613376 0.091978
26.62976 0.095246
26.646144 0.098514
26.678912 0.095412
26.695296 0.098680
26.71168 0.096940
26.728064 0.095201
26.744448 0.098469
26.760832 0.096729
26.777216 0.099997
26.809984 0.096895
26.826368 0.100163
26.842752 0.098424
26.859136 0.096684
26.87552 0.099952
26.891904 0.098213
26.908288 0.096473
26.941056 0.098378
26.95744 0.096639
26.973824 0.089893
26.990208 0.083146
27.006592 0.076400
27.022976 0.069654
27.03936 0.062907
27.055744 0.056161
27.072128 0.054422
27.088512 0.052682
27.104896 0.047830
27.12128 0.047830
27.137664 0.047830
27.154048 0.056104
27.170432 0.054365
27.186816 0.047830
27.2032 0.047830
27.219584 0.050166
27.235968 0.063448
27.252352 0.066715
27.268736 0.059969
27.28512 0.053223
27.301504 0.056490
27.317888 0.064765
27.334272 0.063026
27.350656 0.061287
27.36704 0.054540
27.383424 0.062815
27.399808 0.071090
27.416192 0.069351
27.432576 0.067611
27.44896 0.060865
27.465344 0.069140
27.481728 0.072408
27.498112 0.075675
27.514496 0.073936
27.53088 0.072197
27.547264 0.075464
27.563648 0.073725
27.580032 0.082000
27.596416 0.085268
27.6128 0.083528
27.629184 0.081789
27.645568 0.085057
27.661952 0.083318
27.678336 0.091592
27.69472 0.094860
27.711104 0.093121
27.727488 0.091382
27.743872 0.094649
27.760256 0.092910
27.77664 0.091171
27.793024 0.099446
27.809408 0.102713
27.825792 0.100974
27.842176 0.099235
27.85856 0.102503
27.874944 0.100763
27.891328 0.099024
27.907712 0.102292
27.924096 0.105560
27.94048 0.103820
27.956864 0.102081
27.973248 0.105349
27.989632 0.098602
28.006016 0.091856
28.0224 0.085110
28.038784 0.078363
28.055168 0.071617
28.071552 0.064871
28.087936 0.058124
28.10432 0.061392
28.120704 0.054646
28.137088 0.047899
28.153472 0.047830
28.169856 0.047830
28.18624 0.056104
28.202624 0.054365
28.219008 0.047830
28.235392 0.047830
28.251776 0.050166
28.26816 0.063448
28.284544 0.061708
28.300928 0.054962
28.317312 0.048216
28.333696 0.052502
28.35008 0.060776
28.366464 0.059037
28.382848 0.057298
28.399232 0.055559
28.415616 0.053819
28.432 0.062094
28.448384 0.060355
28.464768 0.063623
28.481152 0.061883
28.497536 0.060144
28.51392 0.068419
28.530304 0.066680
28.546688 0.069947
28.563072 0.068208
28.579456 0.071476
28.59584 0.074744
28.612224 0.073004
28.628608 0.076272
28.644992 0.074533
28.661376 0.072793
28.67776 0.081068
28.694144 0.084336
28.710528 0.082597
28.726912 0.085864
28.743296 0.084125
28.75968 0.082386
28.776064 0.090661
28.792448 0.093928
28.808832 0.092189
28.825216 0.095457
28.8416 0.093718
28.857984 0.091978
28.874368 0.095246
28.890752 0.098514
28.92352 0.095412
28.939904 0.098680
28.956288 0.096940
28.972672 0.095201
28.989056 0.098469
29.00544 0.096729
29.021824 0.099997
29.054592 0.096895
29.070976 0.100163
29.08736 0.098424
29.103744 0.096684
29.120128 0.099952
29.136512 0.098213
29.152896 0.096473
29.185664 0.098378
29.202048 0.096639
29.218432 0.089893
29.234816 0.083146
29.2512 0.076400
29.267584 0.069654
29.283968 0.062907
29.300352 0.056161
29.316736 0.054422
29.33312 0.052682
29.349504 0.047830
29.365888 0.047830
29.382272 0.047830
29.398656 0.056104
29.41504 0.054365
29.431424 0.047830
29.447808 0.047830
29.464192 0.050166
29.480576 0.063448
29.49696 0.066715
29.513344 0.059969
29.529728 0.053223
29.546112 0.056490
29.562496 0.064765
29.57888 0.063026
29.595264 0.061287
29.611648 0.054540
29.628032 0.062815
29.644416 0.071090
29.6608 0.069351
29.677184 0.067611
29.693568 0.060865
29.709952 0.069140
29.726336 0.072408
29.74272 0.075675
29.759104 0.073936
29.775488 0.072197
29.791872 0.075464
29.808256 0.073725
29.82464 0.082000
29.841024 0.085268
29.857408 0.083528
29.873792 0.081789
29.890176 0.085057
29.90656 0.083318
29.922944 0.091592
29.939328 0.094860
29.955712 0.093121
29.972096 0.091382
29.98848 0.094649
30.004864 0.092910
30.021248 0.091171
30.037632 0.099446
30.054016 0.102713
30.0704 0.100974
30.086784 0.099235
30.103168 0.102503
30.119552 0.100763
30.135936 0.099024
30.15232 0.102292
30.168704 0.105560
30.185088 0.103820
30.201472 0.102081
30.217856 0.105349
30.23424 0.098602
30.250624 0.091856
30.267008 0.085110
30.283392 0.078363
30.299776 0.071617
30.31616 0.064871
30.332544 0.058124
30.348928 0.061392
30.365312 0.054646
30.381696 0.047899
30.39808 0.047830
30.414464 0.047830
30.430848 0.056104
30.447232 0.054365
30.463616 0.047830
30.48 0.047830
30.496384 0.050166
30.512768 0.063448
30.529152 0.061708
30.545536 0.054962
30.56192 0.048216
30.578304 0.052502
30.594688 0.060776
30.611072 0.059037
30.627456 0.057298
30.64384 0.055559
30.660224 0.053819
30.676608 0.062094
30.692992 0.060355
30.709376 0.063623
30.72576 0.061883
30.742144 0.060144
30.758528 0.068419
30.774912 0.066680
30.791296 0.069947
30.80768 0.068208
30.824064 0.071476
30.840448 0.074744
30.856832 0.073004
30.873216 0.076272
30.8896 0.074533
30.905984 0.072793
30.922368 0.081068
30.938752 0.084336
30.955136 0.082597
30.97152 0.085864
30.987904 0.084125
31.004288 0.082386
31.020672 0.090661
31.037056 0.093928
31.05344 0.092189
31.069824 0.095457
31.086208 0.093718
31.102592 0.091978
31.118976 0.095246
31.13536 0.098514
31.168128 0.095412
31.184512 0.098680
31.200896 0.096940
31.21728 0.095201
31.233664 0.098469
31.250048 0.096729
31.266432 0.099997
31.2992 0.096895
31.315584 0.100163
31.331968 0.098424
31.348352 0.096684
31.364736 0.099952
31.38112 0.098213
31.397504 0.096473
31.430272 0.098378
31.446656 0.096639
31.46304 0.089893
31.479424 0.083146
31.495808 0.076400
31.512192 0.069654
31.528576 0.062907
31.54496 0.056161
31.561344 0.054422
31.577728 0.052682
31.594112 0.047830
31.610496 0.047830
31.62688 0.047830
31.643264 0.056104
31.659648 0.054365
31.676032 0.047830
31.692416 0.047830
31.7088 0.050166
31.725184 0.063448
31.741568 0.066715
31.757952 0.059969
31.774336 0.053223
31.79072 0.056490
31.807104 0.064765
31.823488 0.063026
31.839872 0.061287
31.856256 0.054540
31.87264 0.062815
31.889024 0.071090
31.905408 0.069351
31.921792 0.067611
31.938176 0.060865
31.95456 0.069140
31.970944 0.072408
31.987328 0.075675
32.003712 0.073936
32.020096 0.072197
32.03648 0.075464
32.052864 0.073725
32.069248 0.082000
32.085632 0.085268
32.102016 0.083528
32.1184 0.081789
32.134784 0.085057
32.151168 0.083318
32.167552 0.091592
32.183936 0.094860
32.20032 0.093121
32.216704 0.091382
32.233088 0.094649
32.249472 0.092910
32.265856 0.091171
32.28224 0.099446
32.298624 0.102713
32.315008 0.100974
32.331392 0.099235
32.347776 0.102503
32.36416 0.100763
32.380544 0.099024
32.396928 0.102292
32.413312 0.105560
32.429696 0.103820
32.44608 0.102081
32.462464 0.105349
32.478848 0.098602
32.495232 0.091856
32.511616 0.085110
32.528 0.078363
32.544384 0.071617
32.560768 0.064871
32.577152 0.058124
32.593536 0.061392
32.60992 0.054646
32.626304 0.047899
32.642688 0.047830
32.659072 0.047830
32.675456 0.056104
32.69184 0.054365
32.708224 0.047830
32.724608 0.047830
32.740992 0.050166
32.757376 0.063448
32.77376 0.061708
32.790144 0.054962
32.806528 0.048216
32.822912 0.052502
32.839296 0.060776
32.85568 0.059037
32.872064 0.057298
32.888448 0.055559
32.904832 0.053819
32.921216 0.062094
32.9376 0.060355
32.953984 0.063623
32.970368 0.061883
32.986752 0.060144
33.003136 0.068419
33.01952 0.066680
33.035904 0.069947
33.052288 0.068208
33.068672 0.071476
33.085056 0.074744
33.10144 0.073004
33.117824 0.076272
33.134208 0.074533
33.150592 0.072793
33.166976 0.081068
33.18336 0.084336
33.199744 0.082597
33.216128 0.085864
33.232512 0.084125
33.248896 0.082386
33.26528 0.090661
33.281664 0.093928
33.298048 0.092189
33.314432 0.095457
33.330816 0.093718
33.3472 0.091978
33.363584 0.095246
33.379968 0.098514
33.412736 0.095412
33.42912 0.098680
33.445504 0.096940
33.461888 0.095201
33.478272 0.098469
33.494656 0.096729
33.51104 0.099997
33.543808 0.096895
33.560192 0.100163
33.576576 0.098424
33.59296 0.096684
33.609344 0.099952
33.625728 0.098213
33.642112 0.096473
33.67488 0.098378
33.691264 0.096639
33.707648 0.089893
33.724032 0.083146
33.740416 0.076400
33.7568 0.069654
33.773184 0.062907
33.789568 0.056161
33.805952 0.054422
33.822336 0.052682
33.83872 0.047830
33.855104 0.047830
33.871488 0.047830
33.887872 0.056104
33.904256 0.054365
33.92064 0.047830
33.937024 0.047830
33.953408 0.050166
33.969792 0.063448
33.986176 0.066715
34.00256 0.059969
34.018944 0.053223
34.035328 0.056490
34.051712 0.064765
34.068096 0.063026
34.08448 0.061287
34.100864 0.054540
34.117248 0.062815
34.133632 0.071090
34.150016 0.069351
34.1664 0.067611
34.182784 0.060865
34.199168 0.069140
34.215552 0.072408
34.231936 0.075675
34.24832 0.073936
34.264704 0.072197
34.281088 0.075464
34.297472 0.073725
34.313856 0.082000
34.33024 0.085268
34.346624 0.083528
34.363008 0.081789
34.379392 0.085057
34.395776 0.083318
34.41216 0.091592
34.428544 0.094860
34.444928 0.093121
34.461312 0.091382
34.477696 0.094649
34.49408 0.092910
34.510464 0.091171
34.526848 0.099446
34.543232 0.102713
34.559616 0.100974
34.576 0.099235
34.592384 0.102503
34.608768 0.100763
34.625152 0.099024
34.641536 0.102292
34.65792 0.105560
34.674304 0.103820
34.690688 0.102081
34.707072 0.105349
34.723456 0.098602
34.73984 0.091856
34.756224 0.085110
34.772608 0.078363
34.788992 0.071617
34.805376 0.064871
34.82176 0.058124
34.838144 0.061392
34.854528 0.054646
34.870912 0.047899
34.887296 0.047830
34.90368 0.047830
34.920064 0.056104
34.936448 0.054365
34.952832 0.047830
34.969216 0.047830
34.9856 0.050166
35.001984 0.063448
35.018368 0.061708
35.034752 0.054962
35.051136 0.048216
35.06752 0.052502
35.083904 0.060776
35.100288 0.059037
35.116672 0.057298
35.133056 0.055559
35.14944 0.053819
35.165824 0.062094
35.182208 0.060355
35.198592 0.063623
35.214976 0.061883
35.23136 0.060144
35.247744 0.068419
35.264128 0.066680
35.280512 0.069947
35.296896 0.068208
35.31328 0.071476
35.329664 0.074744
35.346048 0.073004
35.362432 0.076272
35.378816 0.074533
35.3952 0.072793
35.411584 0.081068
35.427968 0.084336
35.444352 0.082597
35.460736 0.085864
35.47712 0.084125
35.493504 0.082386
35.509888 0.090661
35.526272 0.093928
35.542656 0.092189
35.55904 0.095457
35.575424 0.093718
35.591808 0.091978
35.608192 0.095246
35.624576 0.098514
35.657344 0.095412
35.673728 0.098680
35.690112 0.096940
35.706496 0.095201
35.72288 0.098469
35.739264 0.096729
35.755648 0.099997
35.788416 0.096895
35.8048 0.100163
35.821184 0.098424
35.837568 0.096684
35.853952 0.099952
35.870336 0.098213
35.88672 0.096473
35.919488 0.098378
35.935872 0.096639
35.952256 0.089893
35.96864 0.083146
35.985024 0.076400
36.001408 0.069654
36.017792 0.062907
36.034176 0.056161
36.05056 0.054422
36.066944 0.052682
36.083328 0.047830
36.099712 0.047830
36.116096 0.047830
36.13248 0.056104
36.148864 0.054365
36.165248 0.047830
36.181632 0.047830
36.198016 0.050166
36.2144 0.063448
36.230784 0.066715
36.247168 0.059969
36.263552 0.053223
36.279936 0.056490
36.29632 0.064765
36.312704 0.063026
36.329088 0.061287
36.345472 0.054540
36.361856 0.062815
36.37824 0.071090
36.394624 0.069351
36.411008 0.067611
36.427392 0.060865
36.443776 0.069140
36.46016 0.072408
36.476544 0.075675
36.492928 0.073936
36.509312 0.072197
36.525696 0.075464
36.54208 0.073725
36.558464 0.082000
36.574848 0.085268
36.591232 0.083528
36.607616 0.081789
36.624 0.085057
36.640384 0.083318
36.656768 0.091592
36.673152 0.094860
36.689536 0.093121
36.70592 0.091382
36.722304 0.094649
36.738688 0.092910
36.755072 0.091171
36.771456 0.099446
36.78784 0.102713
36.804224 0.100974
36.820608 0.099235
36.836992 0.102503
36.853376 0.100763
36.86976 0.099024
36.886144 0.102292
36.902528 0.105560
36.918912 0.103820
36.935296 0.102081
36.95168 0.105349
36.968064 0.098602
36.984448 0.091856
37.000832 0.085110
37.017216 0.078363
37.0336 0.071617
37.049984 0.064871
37.066368 0.058124
37.082752 0.061392
37.099136 0.054646
37.11552 0.047899
37.131904 0.047830
37.148288 0.047830
37.164672 0.056104
37.181056 0.054365
37.19744 0.047830
37.213824 0.047830
37.230208 0.050166
37.246592 0.063448
37.262976 0.061708
37.27936 0.054962
37.295744 0.048216
37.312128 0.052502
37.328512 0.060776
37.344896 0.059037
37.36128 0.057298
37.377664 0.055559
37.394048 0.053819
37.410432 0.062094
37.426816 0.060355
37.4432 0.063623
37.459584 0.061883
37.475968 0.060144
37.492352 0.068419
37.508736 0.066680
37.52512 0.069947
37.541504 0.068208
37.557888 0.071476
37.574272 0.074744
37.590656 0.073004
37.60704 0.076272
37.623424 0.074533
37.639808 0.072793
37.656192 0.081068
37.672576 0.084336
37.68896 0.082597
37.705344 0.085864
37.721728 0.084125
37.738112 0.082386
37.754496 0.090661
37.77088 0.093928
37.787264 0.092189
37.803648 0.095457
37.820032 0.093718
37.836416 0.091978
37.8528 0.095246
37.869184 0.098514
37.901952 0.095412
37.918336 0.098680
37.93472 0.096940
37.951104 0.095201
37.967488 0.098469
37.983872 0.096729
38.000256 0.099997
38.033024 0.096895
38.049408 0.100163
38.065792 0.098424
38.082176 0.096684
38.09856 0.099952
38.114944 0.098213
38.131328 0.096473
38.164096 0.098378
38.18048 0.096639
38.196864 0.089893
38.213248 0.083146
38.229632 0.076400
38.246016 0.069654
38.2624 0.062907
38.278784 0.056161
38.295168 0.054422
38.311552 0.052682
38.327936 0.047830
38.34432 0.047830
38.360704 0.047830
38.377088 0.056104
38.393472 0.054365
38.409856 0.047830
38.42624 0.047830
38.442624 0.050166
38.459008 0.063448
38.475392 0.066715
38.491776 0.059969
38.50816 0.053223
38.524544 0.056490
38.540928 0.064765
38.557312 0.063026
38.573696 0.061287
38.59008 0.054540
38.606464 0.062815
38.622848 0.071090
38.639232 0.069351
38.655616 0.067611
38.672 0.060865
38.688384 0.069140
38.704768 0.072408
38.721152 0.075675
38.737536 0.073936
38.75392 0.072197
38.770304 0.075464
38.786688 0.073725
38.803072 0.082000
38.819456 0.085268
38.83584 0.083528
38.852224 0.081789
38.868608 0.085057
38.884992 0.083318
38.901376 0.091592
38.91776 0.094860
38.934144 0.093121
38.950528 0.091382
38.966912 0.094649
38.983296 0.092910
38.99968 0.091171
39.016064 0.099446
39.032448 0.102713
39.048832 0.100974
39.065216 0.099235
39.0816 0.102503
39.097984 0.100763
39.114368 0.099024
39.130752 0.102292
39.147136 0.105560
39.16352 0.103820
39.179904 0.102081
39.196288 0.105349
39.212672 0.098602
39.229056 0.091856
39.24544 0.085110
39.261824 0.078363
39.278208 0.071617
39.294592 0.064871
39.310976 0.058124
39.32736 0.061392
39.343744 0.054646
39.360128 0.047899
39.376512 0.047830
39.392896 0.047830
39.40928 0.056104
39.425664 0.054365
39.442048 0.047830
39.458432 0.047830
39.474816 0.050166
39.4912 0.063448
39.507584 0.061708
39.523968 0.054962
39.540352 0.048216
39.556736 0.052502
39.57312 0.060776
39.589504 0.059037
39.605888 0.057298
39.622272 0.055559
39.638656 0.053819
39.65504 0.062094
39.671424 0.060355
39.687808 0.063623
39.704192 0.061883
39.720576 0.060144
39.73696 0.068419
39.753344 0.066680
39.769728 0.069947
39.786112 0.068208
39.802496 0.071476
39.81888 0.074744
39.835264 0.073004
39.851648 0.076272
39.868032 0.074533
39.884416 0.072793
39.9008 0.081068
39.917184 0.084336
39.933568 0.082597
39.949952 0.085864
39.966336 0.084125
39.98272 0.082386
39.999104 0.090661
40.015488 0.093928
40.031872 0.092189
40.048256 0.095457
40.06464 0.093718
40.081024 0.091978
40.097408 0.095246
40.113792 0.098514
40.14656 0.095412
40.162944 0.098680
40.179328 0.096940
40.195712 0.095201
40.212096 0.098469
40.22848 0.096729
40.244864 0.099997
40.277632 0.096895
40.294016 0.100163
40.3104 0.098424
40.326784 0.096684
40.343168 0.099952
40.359552 0.098213
40.375936 0.096473
40.408704 0.098378
40.425088 0.096639
40.441472 0.089893
40.457856 0.083146
40.47424 0.076400
40.490624 0.069654
40.507008 0.062907
40.523392 0.056161
40.539776 0.054422
40.55616 0.052682
40.572544 0.047830
40.588928 0.047830
40.605312 0.047830
40.621696 0.056104
40.63808 0.054365
40.654464 0.047830
40.670848 0.047830
40.687232 0.050166
40.703616 0.063448
40.72 0.066715
40.736384 0.059969
40.752768 0.053223
40.769152 0.056490
40.785536 0.064765
40.80192 0.063026
40.818304 0.061287
40.834688 0.054540
40.851072 0.062815
40.867456 0.071090
40.88384 0.069351
40.900224 0.067611
40.916608 0.060865
40.932992 0.069140
40.949376 0.072408
40.96576 0.075675
40.982144 0.073936
40.998528 0.072197
41.014912 0.075464
41.031296 0.073725
41.04768 0.082000
41.064064 0.085268
41.080448 0.083528
41.096832 0.081789
41.113216 0.085057
41.1296 0.083318
41.145984 0.091592
41.162368 0.094860
41.178752 0.093121
41.195136 0.091382
41.21152 0.094649
41.227904 0.092910
41.244288 0.091171
41.260672 0.099446
41.277056 0.102713
41.29344 0.100974
41.309824 0.099235
41.326208 0.102503
41.342592 0.100763
41.358976 0.099024
41.37536 0.102292
41.391744 0.105560
41.408128 0.103820
41.424512 0.102081
41.440896 0.105349
41.45728 0.098602
41.473664 0.091856
41.490048 0.085110
41.506432 0.078363
41.522816 0.071617
41.5392 0.064871
41.555584 0.058124
41.571968 0.061392
41.588352 0.054646
41.604736 0.047899
41.62112 0.047830
41.637504 0.047830
41.653888 0.056104
41.670272 0.054365
41.686656 0.047830
41.70304 0.047830
41.719424 0.050166
41.735808 0.063448
41.752192 0.061708
41.768576 0.054962
41.78496 0.048216
41.801344 0.052502
41.817728 0.060776
41.834112 0.059037
41.850496 0.057298
41.86688 0.055559
41.883264 0.053819
41.899648 0.062094
41.916032 0.060355
41.932416 0.063623
41.9488 0.061883
41.965184 0.060144
41.981568 0.068419
41.997952 0.066680
42.014336 0.069947
42.03072 0.068208
42.047104 0.071476
42.063488 0.074744
42.079872 0.073004
42.096256 0.076272
42.11264 0.074533
42.129024 0.072793
42.145408 0.081068
42.161792 0.084336
42.178176 0.082597
42.19456 0.085864
42.210944 0.084125
42.227328 0.082386
42.243712 0.090661
42.260096 0.093928
42.27648 0.092189
42.292864 0.095457
42.309248 0.093718
42.325632 0.091978
42.342016 0.095246
42.3584 0.098514
42.391168 0.095412
42.407552 0.098680
42.423936 0.096940
42.44032 0.095201
42.456704 0.098469
42.473088 0.096729
42.489472 0.099997
42.52224 0.096895
42.538624 0.100163
42.555008 0.098424
42.571392 0.096684
42.587776 0.099952
42.60416 0.098213
42.620544 0.096473
42.653312 0.098378
42.669696 0.096639
42.68608 0.089893
42.702464 0.083146
42.718848 0.076400
42.735232 0.069654
42.751616 0.062907
42.768 0.056161
42.784384 0.054422
42.800768 0.052682
42.817152 0.047830
42.833536 0.047830
42.84992 0.047830
42.866304 0.056104
42.882688 0.054365
42.899072 0.047830
42.915456 0.047830
42.93184 0.050166
42.948224 0.063448
42.964608 0.066715
42.980992 0.059969
42.997376 0.053223
43.01376 0.056490
43.030144 0.064765
43.046528 0.063026
43.062912 0.061287
43.079296 0.054540
43.09568 0.062815
43.112064 0.071090
43.128448 0.069351
43.144832 0.067611
43.161216 0.060865
43.1776 0.069140
43.193984 0.072408
43.210368 0.075675
43.226752 0.073936
43.243136 0.072197
43.25952 0.075464
43.275904 0.073725
43.292288 0.082000
43.308672 0.085268
43.325056 0.083528
43.34144 0.081789
43.357824 0.085057
43.374208 0.083318
43.390592 0.091592
43.406976 0.094860
43.42336 0.093121
43.439744 0.091382
43.456128 0.094649
43.472512 0.092910
43.488896 0.091171
43.50528 0.099446
43.521664 0.102713
43.538048 0.100974
43.554432 0.099235
43.570816 0.102503
43.5872 0.100763
43.603584 0.099024
43.619968 0.102292
43.636352 0.105560
43.652736 0.103820
43.66912 0.102081
43.685504 0.105349
43.701888 0.098602
43.718272 0.091856
43.734656 0.085110
43.75104 0.078363
43.767424 0.071617
43.783808 0.064871
43.800192 0.058124
43.816576 0.061392
43.83296 0.054646
43.849344 0.047899
43.865728 0.047830
43.882112 0.047830
43.898496 0.056104
43.91488 0.054365
43.931264 0.047830
43.947648 0.047830
43.964032 0.050166
43.980416 0.063448
43.9968 0.061708
44.013184 0.054962
44.029568 0.048216
44.045952 0.052502
44.062336 0.060776
44.07872 0.059037
44.095104 0.057298
44.111488 0.055559
44.127872 0.053819
44.144256 0.062094
44.16064 0.060355
44.177024 0.063623
44.193408 0.061883
44.209792 0.060144
44.226176 0.068419
44.24256 0.066680
44.258944 0.069947
44.275328 0.068208
44.291712 0.071476
44.308096 0.074744
44.32448 0.073004
44.340864 0.076272
44.357248 0.074533
44.373632 0.072793
44.390016 0.081068
44.4064 0.084336
44.422784 0.082597
44.439168 0.085864
44.455552 0.084125
44.471936 0.082386
44.48832 0.090661
44.504704 0.093928
44.521088 0.092189
44.537472 0.095457
44.553856 0.093718
44.57024 0.091978
44.586624 0.095246
44.603008 0.098514
44.635776 0.095412
44.65216 0.098680
44.668544 0.096940
44.684928 0.095201
44.701312 0.098469
44.717696 0.096729
44.73408 0.099997
44.766848 0.096895
44.783232 0.100163
44.799616 0.098424
44.816 0.096684
44.832384 0.099952
44.848768 0.098213
44.865152 0.096473
44.89792 0.098378
44.914304 0.096639
44.930688 0.089893
44.947072 0.083146
44.963456 0.076400
44.97984 0.069654
44.996224 0.062907
45.012608 0.056161
45.028992 0.054422
45.045376 0.052682
45.06176 0.047830
45.078144 0.047830
45.094528 0.047830
45.110912 0.056104
45.127296 0.054365
45.14368 0.047830
45.160064 0.047830
45.176448 0.050166
45.192832 0.063448
45.209216 0.066715
45.2256 0.059969
45.241984 0.053223
45.258368 0.056490
45.274752 0.064765
45.291136 0.063026
45.30752 0.061287
45.323904 0.054540
45.340288 0.062815
45.356672 0.071090
45.373056 0.069351
45.38944 0.067611
45.405824 0.060865
45.422208 0.069140
45.438592 0.072408
45.454976 0.075675
45.47136 0.073936
45.487744 0.072197
45.504128 0.075464
45.520512 0.073725
45.536896 0.082000
45.55328 0.085268
45.569664 0.083528
45.586048 0.081789
45.602432 0.085057
45.618816 0.083318
45.6352 0.091592
45.651584 0.094860
45.667968 0.093121
45.684352 0.091382
45.700736 0.094649
45.71712 0.092910
45.733504 0.091171
45.749888 0.099446
45.766272 0.102713
45.782656 0.100974
45.79904 0.099235
45.815424 0.102503
45.831808 0.100763
45.848192 0.099024
45.864576 0.102292
45.88096 0.105560
45.897344 0.103820
45.913728 0.102081
45.930112 0.105349
45.946496 0.098602
45.96288 0.091856
45.979264 0.085110
45.995648 0.078363
46.012032 0.071617
46.028416 0.064871
46.0448 0.058124
46.061184 0.061392
46.077568 0.054646
46.093952 0.047899
46.110336 0.047830
46.12672 0.047830
46.143104 0.056104
46.159488 0.054365
46.175872 0.047830
46.192256 0.047830
46.20864 0.050166
46.225024 0.063448
46.241408 0.061708
46.257792 0.054962
46.274176 0.048216
46.29056 0.052502
46.306944 0.060776
46.323328 0.059037
46.339712 0.057298
46.356096 0.055559
46.37248 0.053819
46.388864 0.062094
46.405248 0.060355
46.421632 0.063623
46.438016 0.061883
46.4544 0.060144
46.470784 0.068419
46.487168 0.066680
46.503552 0.069947
46.519936 0.068208
46.53632 0.071476
46.552704 0.074744
46.569088 0.073004
46.585472 0.076272
46.601856 0.074533
46.61824 0.072793
46.634624 0.081068
46.651008 0.084336
46.667392 0.082597
46.683776 0.085864
46.70016 0.084125
46.716544 0.082386
46.732928 0.090661
46.749312 0.093928
46.765696 0.092189
46.78208 0.095457
46.798464 0.093718
46.814848 0.091978
46.831232 0.095246
46.847616 0.098514
46.880384 0.095412
46.896768 0.098680
46.913152 0.096940
46.929536 0.095201
46.94592 0.098469
46.962304 0.096729
46.978688 0.099997
47.011456 0.096895
47.02784 0.100163
47.044224 0.098424
47.060608 0.096684
47.076992 0.099952
47.093376 0.098213
47.10976 0.096473
47.142528 0.098378
47.158912 0.096639
47.175296 0.089893
47.19168 0.083146
47.208064 0.076400
47.224448 0.069654
47.240832 0.062907
47.257216 0.056161
47.2736 0.054422
47.289984 0.052682
47.306368 0.047830
47.322752 0.047830
47.339136 0.047830
47.35552 0.056104
47.371904 0.054365
47.388288 0.047830
47.404672 0.047830
47.421056 0.050166
47.43744 0.063448
47.453824 0.066715
47.470208 0.059969
47.486592 0.053223
47.502976 0.056490
47.51936 0.064765
47.535744 0.063026
47.552128 0.061287
47.568512 0.054540
47.584896 0.062815
47.60128 0.071090
47.617664 0.069351
47.634048 0.067611
47.650432 0.060865
47.666816 0.069140
47.6832 0.072408
47.699584 0.075675
47.715968 0.073936
47.732352 0.072197
47.748736 0.075464
47.76512 0.073725
47.781504 0.082000
47.797888 0.085268
47.814272 0.083528
47.830656 0.081789
47.84704 0.085057
47.863424 0.083318
47.879808 0.091592
47.896192 0.094860
47.912576 0.093121
47.92896 0.091382
47.945344 0.094649
47.961728 0.092910
47.978112 0.091171
47.994496 0.099446
48.01088 0.102713
48.027264 0.100974
48.043648 0.099235
48.060032 0.102503
48.076416 0.100763
48.0928 0.099024
48.109184 0.102292
48.125568 0.105560
48.141952 0.103820
48.158336 0.102081
48.17472 0.105349
48.191104 0.098602
48.207488 0.091856
48.223872 0.085110
48.240256 0.078363
48.25664 0.071617
48.273024 0.064871
48.289408 0.058124
48.305792 0.061392
48.322176 0.054646
48.33856 0.047899
48.354944 0.047830
48.371328 0.047830
48.387712 0.056104
48.404096 0.054365
48.42048 0.047830
48.436864 0.047830
48.453248 0.050166
48.469632 0.063448
48.486016 0.061708
48.5024 0.054962
48.518784 0.048216
48.535168 0.052502
48.551552 0.060776
48.567936 0.059037
48.58432 0.057298
48.600704 0.055559
48.617088 0.053819
48.633472 0.062094
48.649856 0.060355
48.66624 0.063623
48.682624 0.061883
48.699008 0.060144
48.715392 0.068419
48.731776 0.066680
48.74816 0.069947
48.764544 0.068208
48.780928 0.071476
48.797312 0.074744
48.813696 0.073004
48.83008 0.076272
48.846464 0.074533
48.862848 0.072793
48.879232 0.081068
48.895616 0.084336
48.912 0.082597
48.928384 0.085864
48.944768 0.084125
48.961152 0.082386
48.977536 0.090661
48.99392 0.093928
49.010304 0.092189
49.026688 0.095457
49.043072 0.093718
49.059456 0.091978
49.07584 0.095246
49.092224 0.098514
49.124992 0.095412
49.141376 0.098680
49.15776 0.096940
49.174144 0.095201
49.190528 0.098469
49.206912 0.096729
49.223296 0.099997
49.256064 0.096895
49.272448 0.100163
49.288832 0.098424
49.305216 0.096684
49.3216 0.099952
49.337984 0.098213
49.354368 0.096473
49.387136 0.098378
49.40352 0.096639
49.419904 0.089893
49.436288 0.083146
49.452672 0.076400
49.469056 0.069654
49.48544 0.062907
49.501824 0.056161
49.518208 0.054422
49.534592 0.052682
49.550976 0.047830
49.56736 0.047830
49.583744 0.047830
49.600128 0.056104
49.616512 0.054365
49.632896 0.047830
49.64928 0.047830
49.665664 0.050166
49.682048 0.063448
49.698432 0.066715
49.714816 0.059969
49.7312 0.053223
49.747584 0.056490
49.763968 0.064765
49.780352 0.063026
49.796736 0.061287
49.81312 0.054540
49.829504 0.062815
49.845888 0.071090
49.862272 0.069351
49.878656 0.067611
49.89504 0.060865
49.911424 0.069140
49.927808 0.072408
49.944192 0.075675
49.960576 0.073936
49.97696 0.072197
49.993344 0.075464
