0.0000, 0.00
0.0000, -nan
0.0000, -nan
0.0103, 0.00
0.0103, 0.00
0.0103, 0.00
0.0219, 0.00
0.0219, 0.00
0.0219, 0.00
0.0322, 0.00
0.0322, 0.00
0.0322, 0.00
0.0426, 0.00
0.0426, 0.00
0.0426, 0.00
0.0542, 0.00
0.0542, 0.00
0.0542, 0.00
0.0645, 0.00
0.0645, 0.00
0.0645, 0.00
0.0645, 0.00
0.0730, 0.00
0.0830, 98.71
0.0830, 98.71
0.0830, 98.71
0.0915, 179.05
0.0915, 179.05
0.1356, 181.30
0.1356, 181.30
0.1356, 181.30
0.1541, 212.69
0.1541, 212.69
0.1541, 212.69
0.1644, 199.34
0.1644, 199.34
0.1644, 199.34
0.1681, 199.34
0.1760, 186.20
0.1760, 186.20
0.1760, 186.20
0.1863, 175.88
0.1863, 175.88
0.1863, 175.88
0.1863, 175.88
0.1948, 175.88
0.2048, 199.98
0.2048, 199.98
0.2133, 230.41
0.2133, 230.41
0.2207, 259.86
0.2207, 259.86
0.2207, 259.86
0.2392, 274.00
0.2392, 274.00
0.2392, 274.00
0.2495, 262.67
0.2495, 262.67
0.2495, 262.67
0.2532, 262.67
0.2611, 251.00
0.2611, 251.00
0.2611, 251.00
0.2714, 241.45
0.2714, 241.45
0.2714, 241.45
0.2714, 241.45
0.2799, 241.45
0.2899, 254.29
0.2899, 254.29
0.2984, 274.49
0.2984, 274.49
0.3058, 294.68
0.3058, 294.68
0.3058, 294.68
0.3243, 303.12
0.3243, 303.12
0.3243, 303.12
0.3346, 293.77
0.3346, 293.77
0.3346, 293.77
0.3384, 293.77
0.3462, 283.93
0.3462, 283.93
0.3462, 283.93
0.3565, 275.71
0.3565, 275.71
0.3565, 275.71
0.3565, 275.71
0.3651, 275.71
0.3751, 283.95
0.3751, 283.95
0.3836, 299.00
0.3836, 299.00
0.3909, 314.34
0.3909, 314.34
0.3909, 314.34
0.4094, 320.14
0.4094, 320.14
0.4094, 320.14
0.4197, 312.27
0.4197, 312.27
0.4197, 312.27
0.4235, 312.27
0.4313, 303.87
0.4313, 303.87
0.4313, 303.87
0.4417, 296.77
0.4417, 296.77
0.4417, 296.77
0.4417, 296.77
0.4502, 296.77
0.4602, 302.63
0.4602, 302.63
0.4687, 314.61
0.4687, 314.61
0.4760, 326.97
0.4760, 326.97
0.4760, 326.97
0.4945, 331.30
0.4945, 331.30
0.4945, 331.30
0.5049, 324.52
0.5049, 324.52
0.5049, 324.52
0.5086, 324.52
0.5165, 317.23
0.5165, 317.23
0.5165, 317.23
0.5268, 311.02
0.5268, 311.02
0.5268, 311.02
0.5268, 311.02
0.5353, 311.02
0.5453, 315.48
0.5453, 315.48
0.5538, 325.43
0.5538, 325.43
0.5612, 335.77
0.5612, 335.77
0.5612, 335.77
0.5797, 339.18
0.5797, 339.18
0.5797, 339.18
0.5900, 333.24
0.5900, 333.24
0.5900, 333.24
0.5937, 333.24
0.6016, 326.82
0.6016, 326.82
0.6016, 326.82
0.6119, 321.31
0.6119, 321.31
0.6119, 321.31
0.6119, 321.31
0.6204, 321.31
0.6304, 324.86
0.6304, 324.86
0.6389, 333.36
0.6389, 333.36
0.6463, 342.25
0.6463, 342.25
0.6463, 342.25
0.6648, 345.04
0.6648, 345.04
0.6648, 345.04
0.6751, 339.76
0.6751, 339.76
0.6751, 339.76
0.6788, 339.76
0.6867, 334.02
0.6867, 334.02
0.6867, 334.02
0.6970, 329.08
0.6970, 329.08
0.6970, 329.08
0.6970, 329.08
0.7055, 329.08
0.7155, 332.01
0.7155, 332.01
0.7240, 339.43
0.7240, 339.43
0.7314, 347.22
0.7314, 347.22
0.7314, 347.22
0.7499, 349.57
0.7499, 349.57
0.7499, 349.57
0.7602, 344.82
0.7602, 344.82
0.7602, 344.82
0.7640, 344.82
0.7718, 339.64
0.7718, 339.64
0.7718, 339.64
0.7821, 335.16
0.7821, 335.16
0.7821, 335.16
0.7821, 335.16
0.7907, 335.16
0.8007, 337.64
0.8007, 337.64
0.8092, 344.22
0.8092, 344.22
0.8165, 351.15
0.8165, 351.15
0.8165, 351.15
0.8350, 353.18
0.8350, 353.18
0.8350, 353.18
0.8453, 348.87
0.8453, 348.87
0.8453, 348.87
0.8491, 348.87
0.8569, 344.14
0.8569, 344.14
0.8569, 344.14
0.8673, 340.05
0.8673, 340.05
0.8673, 340.05
0.8673, 340.05
0.8758, 340.05
0.8858, 342.19
0.8858, 342.19
0.8943, 348.09
0.8943, 348.09
0.9016, 354.34
0.9016, 354.34
0.9016, 354.34
0.9201, 356.12
0.9201, 356.12
0.9201, 356.12
0.9305, 352.17
0.9305, 352.17
0.9305, 352.17
0.9342, 352.17
0.9421, 347.83
0.9421, 347.83
0.9421, 347.83
0.9524, 344.06
0.9524, 344.06
0.9524, 344.06
0.9524, 344.06
0.9609, 344.06
0.9709, 345.94
0.9709, 345.94
0.9794, 351.30
0.9794, 351.30
0.9794, 351.30
0.9868, 356.99
0.9868, 356.99
0.9868, 356.99
1.0053, 358.56
1.0053, 358.56
1.0053, 358.56
1.0156, 354.92
1.0156, 354.92
1.0156, 354.92
1.0193, 354.92
1.0272, 350.91
1.0272, 350.91
1.0272, 350.91
1.0375, 347.42
1.0375, 347.42
1.0375, 347.42
1.0375, 347.42
1.0460, 347.42
1.0560, 349.09
1.0560, 349.09
1.0645, 353.99
1.0645, 353.99
1.0645, 353.99
1.0719, 359.21
1.0719, 359.21
1.0719, 359.21
1.0904, 360.62
1.0904, 360.62
1.0904, 360.62
1.1007, 357.24
1.1007, 357.24
1.1007, 357.24
1.1044, 357.24
1.1123, 353.51
1.1123, 353.51
1.1123, 353.51
1.1226, 350.27
1.1226, 350.27
1.1226, 350.27
1.1226, 350.27
1.1311, 350.27
1.1411, 351.76
1.1411, 351.76
1.1496, 356.28
1.1496, 356.28
1.1496, 356.28
1.1570, 361.10
1.1570, 361.10
1.1570, 361.10
1.1755, 362.38
1.1755, 362.38
1.1755, 362.38
1.1858, 359.23
1.1858, 359.23
1.1858, 359.23
1.1896, 359.23
1.1974, 355.75
1.1974, 355.75
1.1974, 355.75
1.2077, 352.71
1.2077, 352.71
1.2077, 352.71
1.2077, 352.71
1.2163, 352.71
1.2263, 354.07
1.2263, 354.07
1.2348, 358.26
1.2348, 358.26
1.2348, 358.26
1.2421, 362.74
1.2421, 362.74
1.2421, 362.74
1.2606, 363.91
1.2606, 363.91
1.2606, 363.91
1.2709, 360.95
1.2709, 360.95
1.2709, 360.95
1.2747, 360.95
1.2825, 357.69
1.2825, 357.69
1.2825, 357.69
1.2929, 354.83
1.2929, 354.83
1.2929, 354.83
1.3114, 356.07
1.3114, 356.07
1.3272, 357.99
1.3272, 357.99
1.3272, 357.99
1.3457, 359.15
1.3457, 359.15
1.3457, 359.15
1.3561, 356.42
1.3561, 356.42
1.3561, 356.42
1.3598, 356.42
1.3677, 353.40
1.3677, 353.40
1.3677, 353.40
1.3780, 350.75
1.3780, 350.75
1.3780, 350.75
1.3965, 351.97
1.3965, 351.97
1.4124, 353.82
1.4124, 353.82
1.4124, 353.82
1.4309, 354.96
1.4309, 354.96
1.4309, 354.96
1.4412, 352.42
1.4412, 352.42
1.4412, 352.42
1.4449, 352.42
1.4528, 349.61
1.4528, 349.61
1.4528, 349.61
1.4631, 347.14
1.4631, 347.14
1.4631, 347.14
1.4816, 348.33
1.4816, 348.33
1.4975, 350.12
1.4975, 350.12
1.4975, 350.12
1.5160, 351.24
1.5160, 351.24
1.5160, 351.24
1.5263, 348.87
1.5263, 348.87
1.5263, 348.87
1.5300, 348.87
1.5379, 346.24
1.5379, 346.24
1.5379, 346.24
1.5482, 343.93
1.5482, 343.93
1.5482, 343.93
1.5667, 345.09
1.5667, 345.09
1.5826, 346.81
1.5826, 346.81
1.5826, 346.81
1.6011, 347.92
1.6011, 347.92
1.6011, 347.92
1.6114, 345.69
1.6114, 345.69
1.6114, 345.69
1.6152, 345.69
1.6230, 343.22
1.6230, 343.22
1.6230, 343.22
1.6333, 341.05
1.6333, 341.05
1.6333, 341.05
1.6519, 342.19
1.6519, 342.19
1.6677, 343.85
1.6677, 343.85
1.6677, 343.85
1.6862, 344.93
1.6862, 344.93
1.6862, 344.93
1.6965, 342.83
1.6965, 342.83
1.6965, 342.83
1.7003, 342.83
1.7081, 340.51
1.7081, 340.51
1.7081, 340.51
1.7185, 338.46
1.7185, 338.46
1.7185, 338.46
1.7370, 339.57
1.7370, 339.57
1.7528, 341.17
1.7528, 341.17
1.7528, 341.17
1.7713, 342.23
1.7713, 342.23
1.7713, 342.23
1.7817, 340.25
1.7817, 340.25
1.7817, 340.25
1.7854, 340.25
1.7933, 338.05
1.7933, 338.05
1.7933, 338.05
1.8036, 336.11
1.8036, 336.11
1.8036, 336.11
1.8221, 337.19
1.8221, 337.19
1.8380, 338.74
1.8380, 338.74
1.8380, 338.74
1.8565, 339.78
1.8565, 339.78
1.8565, 339.78
1.8668, 337.90
1.8668, 337.90
1.8668, 337.90
1.8705, 337.90
1.8784, 335.81
1.8784, 335.81
1.8784, 335.81
1.8887, 333.98
1.8887, 333.98
1.8887, 333.98
1.9072, 335.03
1.9072, 335.03
1.9231, 336.53
1.9231, 336.53
1.9231, 336.53
1.9416, 337.54
1.9416, 337.54
1.9416, 337.54
1.9519, 335.75
1.9519, 335.75
1.9519, 335.75
1.9556, 335.75
1.9635, 333.77
1.9635, 333.77
1.9635, 333.77
1.9738, 332.03
2.0082, 330.42
2.0082, 330.42
2.0082, 330.42
2.0267, 331.45
2.0267, 331.45
2.0267, 331.45
2.0370, 329.77
2.0370, 329.77
2.0370, 329.77
2.0408, 329.77
2.0486, 327.90
2.0486, 327.90
2.0486, 327.90
2.0589, 326.26
2.0933, 324.81
2.0933, 324.81
2.0933, 324.81
2.1118, 325.85
2.1118, 325.85
2.1118, 325.85
2.1221, 324.26
2.1221, 324.26
2.1221, 324.26
2.1259, 324.26
2.1337, 322.50
2.1337, 322.50
2.1337, 322.50
2.1441, 320.95
2.1441, 320.95
2.1441, 320.95
2.1626, 321.99
2.1626, 321.99
2.1784, 323.40
2.1784, 323.40
2.1784, 323.40
2.1969, 324.41
2.1969, 324.41
2.1969, 324.41
2.2073, 322.89
2.2073, 322.89
2.2073, 322.89
2.2110, 322.89
2.2189, 321.20
2.2189, 321.20
2.2189, 321.20
2.2292, 319.72
2.2636, 318.48
2.2636, 318.48
2.2636, 318.48
2.2821, 319.49
2.2821, 319.49
2.2821, 319.49
2.2924, 318.05
2.2924, 318.05
2.2924, 318.05
2.2961, 318.05
2.3040, 316.45
2.3040, 316.45
2.3040, 316.45
2.3143, 315.04
2.3487, 313.91
2.3487, 313.91
2.3487, 313.91
2.3672, 314.92
2.3672, 314.92
2.3672, 314.92
2.3775, 313.55
2.3775, 313.55
2.3775, 313.55
2.3812, 313.55
2.3891, 312.03
2.3891, 312.03
2.3891, 312.03
2.3994, 310.69
2.4338, 309.67
2.4338, 309.67
2.4338, 309.67
2.4523, 310.67
2.4523, 310.67
2.4523, 310.67
2.4626, 309.37
2.4626, 309.37
2.4626, 309.37
2.4664, 309.37
2.4742, 307.92
2.4742, 307.92
2.4742, 307.92
2.4845, 306.64
2.5189, 305.71
2.5189, 305.71
2.5189, 305.71
2.5374, 306.70
2.5374, 306.70
2.5374, 306.70
2.5477, 305.46
2.5477, 305.46
2.5477, 305.46
2.5515, 305.46
2.5593, 304.08
2.5593, 304.08
2.5593, 304.08
2.5697, 302.86
2.6040, 302.01
2.6040, 302.01
2.6040, 302.01
2.6225, 303.00
2.6225, 303.00
2.6225, 303.00
2.6329, 301.81
2.6329, 301.81
2.6329, 301.81
2.6366, 301.81
2.6445, 300.49
2.6445, 300.49
2.6445, 300.49
2.6548, 299.32
2.6892, 298.54
2.6892, 298.54
2.6892, 298.54
2.7077, 299.52
2.7077, 299.52
2.7077, 299.52
2.7180, 298.39
2.7180, 298.39
2.7180, 298.39
2.7217, 298.39
2.7296, 297.12
2.7296, 297.12
2.7296, 297.12
2.7399, 296.00
2.7743, 295.28
2.7743, 295.28
2.7743, 295.28
2.7928, 296.26
2.7928, 296.26
2.7928, 296.26
2.8031, 295.17
2.8031, 295.17
2.8031, 295.17
2.8068, 295.17
2.8147, 293.95
2.8147, 293.95
2.8147, 293.95
2.8250, 292.88
2.8594, 292.22
2.8594, 292.22
2.8594, 292.22
2.8779, 293.19
2.8779, 293.19
2.8779, 293.19
2.8882, 292.14
2.8882, 292.14
2.8882, 292.14
2.8998, 290.97
2.8998, 290.97
2.8998, 290.97
2.9101, 289.94
3.9901, 289.94
3.9901, 289.94
4.0087, 212.53
4.0087, 212.53
4.0719, 212.53
4.1245, 208.55
4.1245, 208.55
4.1245, 208.55
4.1430, 209.60
4.1430, 209.60
4.1430, 209.60
4.1533, 209.07
4.1533, 209.07
4.1533, 209.07
4.1649, 208.49
4.1649, 208.49
4.1649, 208.49
4.1752, 207.98
4.1752, 207.98
4.1752, 207.98
4.1752, 207.98
4.1837, 207.98
4.1937, 209.01
4.1937, 209.01
4.2023, 210.54
4.2023, 210.54
4.2422, 210.54
4.2947, 207.91
4.2947, 207.91
4.2947, 207.91
4.3132, 208.92
4.3132, 208.92
4.3132, 208.92
4.3236, 208.42
4.3236, 208.42
4.3236, 208.42
4.3273, 208.42
4.3352, 207.86
4.3352, 207.86
4.3352, 207.86
4.3455, 207.37
4.3455, 207.37
4.3455, 207.37
4.3455, 207.37
4.3455, 207.37
4.3540, 207.37
4.3625, 207.37
4.3640, 208.37
4.3640, 208.37
4.3725, 209.84
4.3725, 209.84
4.3798, 211.35
4.3798, 211.35
4.3798, 211.35
4.3810, 213.17
4.3810, 213.17
4.3984, 214.19
4.3984, 214.19
4.3984, 214.19
4.4087, 213.69
4.4087, 213.69
4.4087, 213.69
4.4124, 213.69
4.4203, 213.13
4.4203, 213.13
4.4203, 213.13
4.4306, 212.63
4.4306, 212.63
4.4306, 212.63
4.4491, 213.59
4.4491, 213.59
4.4650, 214.66
4.4650, 214.66
4.4650, 214.66
4.4835, 215.60
4.4835, 215.60
4.4835, 215.60
4.4938, 215.11
4.4938, 215.11
4.4938, 215.11
4.4975, 215.11
4.5054, 214.56
4.5054, 214.56
4.5054, 214.56
4.5157, 214.07
4.5157, 214.07
4.5157, 214.07
4.5157, 214.07
4.5157, 214.07
4.5242, 214.07
4.5327, 214.07
4.5342, 215.00
4.5342, 215.00
4.5427, 216.40
4.5427, 216.40
4.5501, 217.85
4.5501, 217.85
4.5501, 217.85
4.5512, 219.59
4.5512, 219.59
4.5686, 220.55
4.5686, 220.55
4.5686, 220.55
4.5789, 220.06
4.5789, 220.06
4.5789, 220.06
4.5826, 220.06
4.5905, 219.50
4.5905, 219.50
4.5905, 219.50
4.6008, 219.01
4.6008, 219.01
4.6008, 219.01
4.6193, 219.90
4.6193, 219.90
4.6352, 220.92
4.6352, 220.92
4.6352, 220.92
4.6537, 221.80
4.6537, 221.80
4.6537, 221.80
4.6640, 221.31
4.6640, 221.31
4.6640, 221.31
4.6678, 221.31
4.6756, 220.76
4.6756, 220.76
4.6756, 220.76
4.6860, 220.27
4.6860, 220.27
4.6860, 220.27
4.7045, 221.15
4.7045, 221.15
4.7203, 222.14
4.7203, 222.14
4.7203, 222.14
4.7388, 223.00
4.7388, 223.00
4.7388, 223.00
4.7492, 222.52
4.7492, 222.52
4.7492, 222.52
4.7529, 222.52
4.7608, 221.98
4.7608, 221.98
4.7608, 221.98
4.7711, 221.49
4.8054, 221.62
4.8054, 221.62
4.8054, 221.62
4.8240, 222.46
4.8240, 222.46
4.8240, 222.46
4.8343, 221.99
4.8343, 221.99
4.8343, 221.99
4.8380, 221.99
4.8459, 221.46
4.8459, 221.46
4.8459, 221.46
4.8562, 220.99
4.8906, 221.11
4.8906, 221.11
4.8906, 221.11
4.9091, 221.94
4.9091, 221.94
4.9091, 221.94
4.9194, 221.48
4.9194, 221.48
4.9194, 221.48
4.9231, 221.48
4.9310, 220.96
4.9310, 220.96
4.9310, 220.96
4.9413, 220.50
4.9757, 220.62
4.9757, 220.62
4.9757, 220.62
4.9942, 221.44
4.9942, 221.44
4.9942, 221.44
5.0045, 220.98
5.0045, 220.98
5.0045, 220.98
5.0082, 220.98
5.0161, 220.47
5.0161, 220.47
5.0161, 220.47
5.0264, 220.02
5.0264, 220.02
5.0264, 220.02
5.0264, 220.02
5.0349, 220.02
5.0449, 220.84
5.0449, 220.84
5.0535, 222.09
5.0535, 222.09
5.0608, 223.38
5.0608, 223.38
5.0608, 223.38
5.0793, 224.18
5.0793, 224.18
5.0793, 224.18
5.0896, 223.73
5.0896, 223.73
5.0896, 223.73
5.0934, 223.73
5.1012, 223.22
5.1012, 223.22
5.1012, 223.22
5.1116, 222.77
5.1116, 222.77
5.1116, 222.77
5.1301, 223.56
5.1301, 223.56
5.1459, 224.46
5.1459, 224.46
5.1459, 224.46
5.1644, 225.25
5.1644, 225.25
5.1644, 225.25
5.1748, 224.80
5.1748, 224.80
5.1748, 224.80
5.1785, 224.80
5.1864, 224.29
5.1864, 224.29
5.1864, 224.29
5.1967, 223.85
5.1967, 223.85
5.1967, 223.85
5.2152, 224.62
5.2152, 224.62
5.2310, 225.51
5.2310, 225.51
5.2310, 225.51
5.2496, 226.27
5.2496, 226.27
5.2496, 226.27
5.2599, 225.83
5.2599, 225.83
5.2599, 225.83
5.2636, 225.83
5.2715, 225.33
5.2715, 225.33
5.2715, 225.33
5.2818, 224.89
5.2818, 224.89
5.2818, 224.89
5.3003, 225.65
5.3003, 225.65
5.3162, 226.52
5.3162, 226.52
5.3162, 226.52
5.3347, 227.27
5.3347, 227.27
5.3347, 227.27
5.3450, 226.83
5.3450, 226.83
5.3450, 226.83
5.3487, 226.83
5.3566, 226.34
5.3566, 226.34
5.3566, 226.34
5.3669, 225.91
5.3669, 225.91
5.3669, 225.91
5.3669, 225.91
5.3754, 225.91
5.3854, 226.65
5.3854, 226.65
5.3939, 227.81
5.3939, 227.81
5.4013, 229.02
5.4013, 229.02
5.4013, 229.02
5.4198, 229.75
5.4198, 229.75
5.4198, 229.75
5.4301, 229.31
5.4301, 229.31
5.4301, 229.31
5.4338, 229.31
5.4417, 228.82
5.4417, 228.82
5.4417, 228.82
5.4520, 228.39
5.4520, 228.39
5.4520, 228.39
5.4705, 229.11
5.4705, 229.11
5.4864, 229.94
5.4864, 229.94
5.4864, 229.94
5.5049, 230.66
5.5049, 230.66
5.5049, 230.66
5.5152, 230.23
5.5152, 230.23
5.5152, 230.23
5.5190, 230.23
5.5268, 229.74
5.5268, 229.74
5.5268, 229.74
5.5372, 229.32
5.5372, 229.32
5.5372, 229.32
5.5557, 230.03
5.5557, 230.03
5.5715, 230.84
5.5715, 230.84
5.5715, 230.84
5.5900, 231.54
5.5900, 231.54
5.5900, 231.54
5.6004, 231.12
5.6004, 231.12
5.6004, 231.12
5.6041, 231.12
5.6120, 230.64
5.6120, 230.64
5.6120, 230.64
5.6223, 230.22
5.6223, 230.22
5.6223, 230.22
5.6408, 230.91
5.6408, 230.91
5.6566, 231.71
5.6566, 231.71
5.6566, 231.71
5.6752, 232.40
5.6752, 232.40
5.6752, 232.40
5.6855, 231.98
5.6855, 231.98
5.6855, 231.98
5.6892, 231.98
5.6971, 231.51
5.6971, 231.51
5.6971, 231.51
5.7074, 231.09
5.7074, 231.09
5.7074, 231.09
5.7259, 231.77
5.7259, 231.77
5.7418, 232.56
5.7418, 232.56
5.7418, 232.56
5.7603, 233.23
5.7603, 233.23
5.7603, 233.23
5.7706, 232.82
5.7706, 232.82
5.7706, 232.82
5.7743, 232.82
5.7822, 232.35
5.7822, 232.35
5.7822, 232.35
5.7925, 231.94
5.7925, 231.94
5.7925, 231.94
5.8110, 232.61
5.8110, 232.61
5.8269, 233.38
5.8269, 233.38
5.8269, 233.38
5.8454, 234.04
5.8454, 234.04
5.8454, 234.04
5.8557, 233.63
5.8557, 233.63
5.8557, 233.63
5.8594, 233.63
5.8673, 233.17
5.8673, 233.17
5.8673, 233.17
5.8776, 232.76
5.8776, 232.76
5.8776, 232.76
5.8776, 232.76
5.8861, 232.76
5.8961, 233.42
5.8961, 233.42
5.9047, 234.47
5.9047, 234.47
5.9120, 235.56
5.9120, 235.56
5.9120, 235.56
5.9305, 236.21
5.9305, 236.21
5.9305, 236.21
5.9408, 235.80
5.9408, 235.80
5.9408, 235.80
5.9446, 235.80
5.9524, 235.34
5.9524, 235.34
5.9524, 235.34
5.9628, 234.93
5.9628, 234.93
5.9628, 234.93
5.9813, 235.57
5.9813, 235.57
5.9971, 236.32
5.9971, 236.32
5.9971, 236.32
6.0156, 236.95
6.0156, 236.95
6.0156, 236.95
6.0260, 236.54
6.0260, 236.54
6.0260, 236.54
6.0297, 236.54
6.0376, 236.09
6.0376, 236.09
6.0376, 236.09
6.0479, 235.69
6.0479, 235.69
6.0479, 235.69
6.0664, 236.32
6.0664, 236.32
6.0822, 237.05
6.0822, 237.05
6.0822, 237.05
6.1008, 237.67
6.1008, 237.67
6.1008, 237.67
6.1111, 237.27
6.1111, 237.27
6.1111, 237.27
6.1148, 237.27
6.1227, 236.82
6.1227, 236.82
6.1227, 236.82
6.1330, 236.42
6.1330, 236.42
6.1330, 236.42
6.1515, 237.04
6.1515, 237.04
6.1674, 237.76
6.1674, 237.76
6.1674, 237.76
6.1859, 238.38
6.1859, 238.38
6.1859, 238.38
6.1962, 237.98
6.1962, 237.98
6.1962, 237.98
6.1999, 237.98
6.2078, 237.53
6.2078, 237.53
6.2078, 237.53
6.2181, 237.14
6.2181, 237.14
6.2181, 237.14
6.2366, 237.75
6.2366, 237.75
6.2525, 238.46
6.2525, 238.46
6.2525, 238.46
6.2710, 239.06
6.2710, 239.06
6.2710, 239.06
6.2813, 238.67
6.2813, 238.67
6.2813, 238.67
6.2850, 238.67
6.2929, 238.23
6.2929, 238.23
6.2929, 238.23
6.3032, 237.84
6.3032, 237.84
6.3032, 237.84
6.3217, 238.44
6.3217, 238.44
6.3376, 239.13
6.3376, 239.13
6.3376, 239.13
6.3561, 239.72
6.3561, 239.72
6.3561, 239.72
6.3664, 239.34
6.3664, 239.34
6.3664, 239.34
6.3702, 239.34
6.3780, 238.90
6.3780, 238.90
6.3780, 238.90
6.3884, 238.51
6.3884, 238.51
6.3884, 238.51
6.3884, 238.51
6.3969, 238.51
6.4069, 239.10
6.4069, 239.10
6.4154, 240.06
6.4154, 240.06
6.4227, 241.06
6.4227, 241.06
6.4227, 241.06
6.4412, 241.64
6.4412, 241.64
6.4412, 241.64
6.4516, 241.26
6.4516, 241.26
6.4516, 241.26
6.4553, 241.26
6.4632, 240.82
6.4632, 240.82
6.4632, 240.82
6.4735, 240.44
6.4735, 240.44
6.4735, 240.44
6.4920, 241.02
6.4920, 241.02
6.5078, 241.69
6.5078, 241.69
6.5078, 241.69
6.5264, 242.26
6.5264, 242.26
6.5264, 242.26
6.5367, 241.87
6.5367, 241.87
6.5367, 241.87
6.5404, 241.87
6.5483, 241.45
6.5483, 241.45
6.5483, 241.45
6.5586, 241.07
6.5586, 241.07
6.5586, 241.07
6.5771, 241.63
6.5771, 241.63
6.5930, 242.29
6.5930, 242.29
6.5930, 242.29
6.6115, 242.86
6.6115, 242.86
6.6115, 242.86
6.6218, 242.48
6.6218, 242.48
6.6218, 242.48
6.6255, 242.48
6.6334, 242.05
6.6334, 242.05
6.6334, 242.05
6.6437, 241.68
6.6437, 241.68
6.6437, 241.68
6.6622, 242.24
6.6622, 242.24
6.6781, 242.89
6.6781, 242.89
6.6781, 242.89
6.6966, 243.44
6.6966, 243.44
6.6966, 243.44
6.7069, 243.06
6.7069, 243.06
6.7069, 243.06
6.7106, 243.06
6.7185, 242.64
6.7185, 242.64
6.7185, 242.64
6.7288, 242.27
6.7288, 242.27
6.7288, 242.27
6.7473, 242.82
6.7473, 242.82
6.7632, 243.46
6.7632, 243.46
6.7632, 243.46
6.7817, 244.01
6.7817, 244.01
6.7817, 244.01
6.7920, 243.64
6.7920, 243.64
6.7920, 243.64
6.7958, 243.64
6.8036, 243.22
6.8036, 243.22
6.8036, 243.22
6.8140, 242.85
6.8140, 242.85
6.8140, 242.85
6.8325, 243.39
6.8325, 243.39
6.8483, 244.03
6.8483, 244.03
6.8483, 244.03
6.8668, 244.56
6.8668, 244.56
6.8668, 244.56
6.8772, 244.19
6.8772, 244.19
6.8772, 244.19
6.8809, 244.19
6.8888, 243.78
6.8888, 243.78
6.8888, 243.78
6.8991, 243.42
6.8991, 243.42
6.8991, 243.42
6.9176, 243.95
6.9176, 243.95
6.9334, 244.57
6.9334, 244.57
6.9334, 244.57
6.9520, 245.10
6.9520, 245.10
6.9520, 245.10
6.9623, 244.74
6.9623, 244.74
6.9623, 244.74
6.9660, 244.74
6.9739, 244.33
6.9739, 244.33
6.9739, 244.33
6.9842, 243.97
6.9842, 243.97
6.9842, 243.97
6.9842, 243.97
6.9927, 243.97
7.0027, 244.50
7.0027, 244.50
7.0112, 245.37
7.0112, 245.37
7.0186, 246.28
7.0186, 246.28
7.0186, 246.28
7.0371, 246.79
7.0371, 246.79
7.0371, 246.79
7.0474, 246.43
7.0474, 246.43
7.0474, 246.43
7.0511, 246.43
7.0590, 246.03
7.0590, 246.03
7.0590, 246.03
7.0693, 245.67
7.0693, 245.67
7.0693, 245.67
7.0878, 246.18
7.0878, 246.18
7.1037, 246.79
7.1037, 246.79
7.1037, 246.79
7.1222, 247.29
7.1222, 247.29
7.1222, 247.29
7.1325, 246.94
7.1325, 246.94
7.1325, 246.94
7.1362, 246.94
7.1441, 246.54
7.1441, 246.54
7.1441, 246.54
7.1544, 246.18
7.1544, 246.18
7.1544, 246.18
7.1729, 246.69
7.1729, 246.69
7.1888, 247.28
7.1888, 247.28
7.1888, 247.28
7.2073, 247.78
7.2073, 247.78
7.2073, 247.78
7.2176, 247.43
7.2176, 247.43
7.2176, 247.43
7.2214, 247.43
7.2292, 247.03
7.2292, 247.03
7.2292, 247.03
7.2396, 246.68
7.2396, 246.68
7.2396, 246.68
7.2581, 247.18
7.2581, 247.18
7.2739, 247.77
7.2739, 247.77
7.2739, 247.77
7.2924, 248.26
7.2924, 248.26
7.2924, 248.26
7.3028, 247.91
7.3028, 247.91
7.3028, 247.91
7.3065, 247.91
7.3144, 247.52
7.3144, 247.52
7.3144, 247.52
7.3247, 247.17
7.3247, 247.17
7.3247, 247.17
7.3432, 247.66
7.3432, 247.66
7.3590, 248.24
7.3590, 248.24
7.3590, 248.24
7.3776, 248.73
7.3776, 248.73
7.3776, 248.73
7.3879, 248.38
7.3879, 248.38
7.3879, 248.38
7.3916, 248.38
7.3995, 247.99
7.3995, 247.99
7.3995, 247.99
7.4098, 247.65
7.4098, 247.65
7.4098, 247.65
7.4283, 248.13
7.4283, 248.13
7.4442, 248.70
7.4442, 248.70
7.4442, 248.70
7.4627, 249.18
7.4627, 249.18
7.4627, 249.18
7.4730, 248.84
7.4730, 248.84
7.4730, 248.84
7.4767, 248.84
7.4846, 248.45
7.4846, 248.45
7.4846, 248.45
7.4949, 248.11
7.4949, 248.11
7.4949, 248.11
7.5134, 248.59
7.5134, 248.59
7.5293, 249.16
7.5293, 249.16
7.5293, 249.16
7.5478, 249.63
7.5478, 249.63
7.5478, 249.63
7.5581, 249.29
7.5581, 249.29
7.5581, 249.29
7.5618, 249.29
7.5697, 248.91
7.5697, 248.91
7.5697, 248.91
7.5800, 248.57
7.5800, 248.57
7.5800, 248.57
7.5985, 249.04
7.5985, 249.04
7.6144, 249.60
7.6144, 249.60
7.6144, 249.60
7.6329, 250.07
7.6329, 250.07
7.6329, 250.07
7.6432, 249.73
7.6432, 249.73
7.6432, 249.73
7.6470, 249.73
7.6548, 249.35
7.6548, 249.35
7.6548, 249.35
7.6652, 249.01
7.6652, 249.01
7.6652, 249.01
7.6837, 249.48
7.6837, 249.48
7.6995, 250.03
7.6995, 250.03
7.6995, 250.03
7.7180, 250.49
7.7180, 250.49
7.7180, 250.49
7.7284, 250.16
7.7284, 250.16
7.7284, 250.16
7.7321, 250.16
7.7400, 249.78
7.7400, 249.78
7.7400, 249.78
7.7503, 249.45
7.7503, 249.45
7.7503, 249.45
7.7503, 249.45
7.7588, 249.45
7.7688, 249.91
7.7688, 249.91
7.7773, 250.69
7.7773, 250.69
7.7846, 251.51
7.7846, 251.51
7.7846, 251.51
7.8032, 251.96
7.8032, 251.96
7.8032, 251.96
7.8135, 251.63
7.8135, 251.63
7.8135, 251.63
7.8172, 251.63
7.8251, 251.25
7.8251, 251.25
7.8251, 251.25
7.8354, 250.92
7.8354, 250.92
7.8354, 250.92
7.8539, 251.37
7.8539, 251.37
7.8698, 251.91
7.8698, 251.91
7.8698, 251.91
7.8883, 252.36
7.8883, 252.36
7.8883, 252.36
7.8986, 252.03
7.8986, 252.03
7.8986, 252.03
7.9023, 252.03
7.9102, 251.66
7.9102, 251.66
7.9102, 251.66
7.9205, 251.33
7.9205, 251.33
7.9205, 251.33
7.9390, 251.78
7.9390, 251.78
7.9549, 252.30
7.9549, 252.30
7.9549, 252.30
7.9734, 252.74
7.9734, 252.74
7.9734, 252.74
7.9837, 252.42
7.9837, 252.42
7.9837, 252.42
7.9874, 252.42
7.9953, 252.05
7.9953, 252.05
7.9953, 252.05
8.0056, 251.73
8.0056, 251.73
8.0056, 251.73
8.0241, 252.17
8.0241, 252.17
8.0400, 252.69
8.0400, 252.69
8.0400, 252.69
8.0585, 253.12
8.0585, 253.12
8.0585, 253.12
8.0688, 252.80
8.0688, 252.80
8.0688, 252.80
8.0726, 252.80
8.0804, 252.44
8.0804, 252.44
8.0804, 252.44
8.0908, 252.12
8.0908, 252.12
8.0908, 252.12
8.1093, 252.55
8.1093, 252.55
8.1251, 253.07
8.1251, 253.07
8.1251, 253.07
8.1436, 253.50
8.1436, 253.50
8.1436, 253.50
8.1540, 253.18
8.1540, 253.18
8.1540, 253.18
8.1577, 253.18
8.1656, 252.82
8.1656, 252.82
8.1656, 252.82
8.1759, 252.50
8.1759, 252.50
8.1759, 252.50
8.1944, 252.93
8.1944, 252.93
8.2102, 253.44
8.2102, 253.44
8.2102, 253.44
8.2288, 253.86
8.2288, 253.86
8.2288, 253.86
8.2391, 253.54
8.2391, 253.54
8.2391, 253.54
8.2428, 253.54
8.2507, 253.19
8.2507, 253.19
8.2507, 253.19
8.2610, 252.87
8.2610, 252.87
8.2610, 252.87
8.2795, 253.29
8.2795, 253.29
8.2954, 253.80
8.2954, 253.80
8.2954, 253.80
8.3139, 254.22
8.3139, 254.22
8.3139, 254.22
8.3242, 253.90
8.3242, 253.90
8.3242, 253.90
8.3279, 253.90
8.3358, 253.55
8.3358, 253.55
8.3358, 253.55
8.3461, 253.24
8.3461, 253.24
8.3461, 253.24
8.3646, 253.65
8.3646, 253.65
8.3805, 254.15
8.3805, 254.15
8.3805, 254.15
8.3990, 254.57
8.3990, 254.57
8.3990, 254.57
8.4093, 254.26
8.4093, 254.26
8.4093, 254.26
8.4130, 254.26
8.4209, 253.91
8.4209, 253.91
8.4209, 253.91
8.4312, 253.59
8.4312, 253.59
8.4312, 253.59
8.4497, 254.01
8.4497, 254.01
8.4656, 254.50
8.4656, 254.50
8.4656, 254.50
8.4841, 254.91
8.4841, 254.91
8.4841, 254.91
8.4944, 254.60
8.4944, 254.60
8.4944, 254.60
8.4982, 254.60
8.5060, 254.25
8.5060, 254.25
8.5060, 254.25
8.5164, 253.95
8.5164, 253.95
8.5164, 253.95
8.5164, 253.95
8.5249, 253.95
8.5349, 254.35
8.5349, 254.35
8.5434, 255.06
8.5434, 255.06
8.5507, 255.80
8.5507, 255.80
8.5507, 255.80
8.5692, 256.20
8.5692, 256.20
8.5692, 256.20
8.5796, 255.89
8.5796, 255.89
8.5796, 255.89
8.5833, 255.89
8.5912, 255.55
8.5912, 255.55
8.5912, 255.55
8.6015, 255.24
8.6015, 255.24
8.6015, 255.24
8.6200, 255.64
8.6200, 255.64
8.6358, 256.12
8.6358, 256.12
8.6358, 256.12
8.6544, 256.52
8.6544, 256.52
8.6544, 256.52
8.6647, 256.22
8.6647, 256.22
8.6647, 256.22
8.6684, 256.22
8.6763, 255.87
8.6763, 255.87
8.6763, 255.87
8.6866, 255.57
8.6866, 255.57
8.6866, 255.57
8.7051, 255.97
8.7051, 255.97
8.7210, 256.44
8.7210, 256.44
8.7210, 256.44
8.7395, 256.84
8.7395, 256.84
8.7395, 256.84
8.7498, 256.53
8.7498, 256.53
8.7498, 256.53
8.7535, 256.53
8.7614, 256.19
8.7614, 256.19
8.7614, 256.19
8.7717, 255.89
8.7717, 255.89
8.7717, 255.89
8.7902, 256.28
8.7902, 256.28
8.8061, 256.75
8.8061, 256.75
8.8061, 256.75
8.8246, 257.14
8.8246, 257.14
8.8246, 257.14
8.8349, 256.84
8.8349, 256.84
8.8349, 256.84
8.8386, 256.84
8.8465, 256.51
8.8465, 256.51
8.8465, 256.51
8.8568, 256.21
8.8568, 256.21
8.8568, 256.21
8.8753, 256.60
8.8753, 256.60
8.8912, 257.06
8.8912, 257.06
8.8912, 257.06
8.9097, 257.44
8.9097, 257.44
8.9097, 257.44
8.9200, 257.15
8.9200, 257.15
8.9200, 257.15
8.9238, 257.15
8.9316, 256.81
8.9316, 256.81
8.9316, 256.81
8.9420, 256.52
8.9420, 256.52
8.9420, 256.52
8.9605, 256.90
8.9605, 256.90
8.9763, 257.36
8.9763, 257.36
8.9763, 257.36
8.9948, 257.74
8.9948, 257.74
8.9948, 257.74
9.0052, 257.45
9.0052, 257.45
9.0052, 257.45
9.0089, 257.45
9.0168, 257.11
9.0168, 257.11
9.0168, 257.11
9.0271, 256.82
9.0271, 256.82
9.0271, 256.82
9.0456, 257.20
9.0456, 257.20
9.0614, 257.65
9.0614, 257.65
9.0614, 257.65
9.0800, 258.03
9.0800, 258.03
9.0800, 258.03
9.0903, 257.74
9.0903, 257.74
9.0903, 257.74
9.0940, 257.74
9.1019, 257.41
9.1019, 257.41
9.1019, 257.41
9.1122, 257.12
9.1122, 257.12
9.1122, 257.12
9.1307, 257.49
9.1307, 257.49
9.1466, 257.94
9.1466, 257.94
9.1466, 257.94
9.1651, 258.32
9.1651, 258.32
9.1651, 258.32
9.1754, 258.03
9.1754, 258.03
9.1754, 258.03
9.1791, 258.03
9.1870, 257.70
9.1870, 257.70
9.1870, 257.70
9.1973, 257.41
9.1973, 257.41
9.1973, 257.41
9.2158, 257.78
9.2158, 257.78
9.2317, 258.23
9.2317, 258.23
9.2317, 258.23
9.2502, 258.60
9.2502, 258.60
9.2502, 258.60
9.2605, 258.31
9.2605, 258.31
9.2605, 258.31
9.2642, 258.31
9.2721, 257.98
9.2721, 257.98
9.2721, 257.98
9.2824, 257.70
9.2824, 257.70
9.2824, 257.70
9.3009, 258.07
9.3009, 258.07
9.3168, 258.51
9.3168, 258.51
9.3168, 258.51
9.3353, 258.87
9.3353, 258.87
9.3353, 258.87
9.3456, 258.58
9.3456, 258.58
9.3456, 258.58
9.3494, 258.58
9.3572, 258.26
9.3572, 258.26
9.3572, 258.26
9.3676, 257.98
9.3676, 257.98
9.3676, 257.98
9.3861, 258.34
9.3861, 258.34
9.4019, 258.78
9.4019, 258.78
9.4019, 258.78
9.4204, 259.14
9.4204, 259.14
9.4204, 259.14
9.4308, 258.86
9.4308, 258.86
9.4308, 258.86
9.4345, 258.86
9.4424, 258.54
9.4424, 258.54
9.4424, 258.54
9.4527, 258.26
9.4527, 258.26
9.4527, 258.26
9.4527, 258.26
9.4612, 258.26
9.4712, 258.62
9.4712, 258.62
9.4797, 259.25
9.4797, 259.25
9.4870, 259.91
9.4870, 259.91
9.4870, 259.91
9.5056, 260.27
9.5056, 260.27
9.5056, 260.27
9.5159, 259.99
9.5159, 259.99
9.5159, 259.99
9.5196, 259.99
9.5275, 259.67
9.5275, 259.67
9.5275, 259.67
9.5378, 259.39
9.5378, 259.39
9.5378, 259.39
9.5563, 259.74
9.5563, 259.74
9.5722, 260.17
9.5722, 260.17
9.5722, 260.17
9.5907, 260.52
9.5907, 260.52
9.5907, 260.52
9.6010, 260.24
9.6010, 260.24
9.6010, 260.24
9.6047, 260.24
9.6126, 259.93
9.6126, 259.93
9.6126, 259.93
9.6229, 259.65
9.6229, 259.65
9.6229, 259.65
9.6414, 260.00
9.6414, 260.00
9.6573, 260.42
9.6573, 260.42
9.6573, 260.42
9.6758, 260.77
9.6758, 260.77
9.6758, 260.77
9.6861, 260.49
9.6861, 260.49
9.6861, 260.49
9.6898, 260.49
9.6977, 260.18
9.6977, 260.18
9.6977, 260.18
9.7080, 259.90
9.7080, 259.90
9.7080, 259.90
9.7265, 260.25
9.7265, 260.25
9.7424, 260.67
9.7424, 260.67
9.7424, 260.67
9.7609, 261.01
9.7609, 261.01
9.7609, 261.01
9.7712, 260.74
9.7712, 260.74
9.7712, 260.74
9.7750, 260.74
9.7828, 260.43
9.7828, 260.43
9.7828, 260.43
9.7932, 260.15
9.7932, 260.15
9.7932, 260.15
9.8117, 260.50
9.8117, 260.50
9.8275, 260.91
9.8275, 260.91
9.8275, 260.91
9.8460, 261.25
9.8460, 261.25
9.8460, 261.25
9.8564, 260.98
9.8564, 260.98
9.8564, 260.98
9.8601, 260.98
9.8680, 260.67
9.8680, 260.67
9.8680, 260.67
9.8783, 260.40
9.8783, 260.40
9.8783, 260.40
9.8968, 260.74
9.8968, 260.74
9.9126, 261.15
9.9126, 261.15
9.9126, 261.15
9.9312, 261.49
9.9312, 261.49
9.9312, 261.49
9.9415, 261.22
9.9415, 261.22
9.9415, 261.22
9.9452, 261.22
9.9531, 260.91
9.9531, 260.91
9.9531, 260.91
9.9634, 260.64
9.9634, 260.64
9.9634, 260.64
9.9819, 260.98
9.9819, 260.98
9.9978, 261.38
9.9978, 261.38
9.9978, 261.38
