0.0000, 0.00
0.0000, -nan
0.0000, -nan
0.0103, 0.00
0.0103, 0.00
0.0119, 0.00
0.0235, 0.00
0.0235, 0.00
0.0235, 0.00
0.0338, 0.00
0.0338, 0.00
0.0338, 0.00
0.0442, 0.00
0.0442, 0.00
0.0442, 0.00
0.0558, 0.00
0.0558, 0.00
0.0558, 0.00
0.0661, 0.00
0.0661, 0.00
0.0661, 0.00
0.0661, 0.00
0.0746, 0.00
0.0846, 96.84
0.0846, 96.84
0.0931, 175.98
0.0931, 175.98
0.1256, 175.98
0.1781, 137.98
0.1781, 137.98
0.1781, 137.98
0.1966, 166.65
0.1966, 166.65
0.1966, 166.65
0.2069, 158.34
0.2069, 158.34
0.2069, 158.34
0.2107, 158.34
0.2185, 149.94
0.2185, 149.94
0.2185, 149.94
0.2289, 143.18
0.2289, 143.18
0.2289, 143.18
0.2289, 143.18
0.2374, 143.18
0.2474, 165.58
0.2474, 165.58
0.2559, 192.08
0.2559, 192.08
0.2632, 217.85
0.2632, 217.85
0.2632, 217.85
0.2817, 232.61
0.2817, 232.61
0.2817, 232.61
0.2921, 224.39
0.2921, 224.39
0.2921, 224.39
0.2958, 224.39
0.3037, 215.82
0.3037, 215.82
0.3037, 215.82
0.3140, 208.72
0.3140, 208.72
0.3140, 208.72
0.3140, 208.72
0.3225, 208.72
0.3325, 221.74
0.3325, 221.74
0.3410, 240.23
0.3410, 240.23
0.3484, 258.68
0.3484, 258.68
0.3484, 258.68
0.3669, 267.96
0.3669, 267.96
0.3669, 267.96
0.3772, 260.63
0.3772, 260.63
0.3772, 260.63
0.3809, 260.63
0.3888, 252.85
0.3888, 252.85
0.3888, 252.85
0.3991, 246.31
0.3991, 246.31
0.3991, 246.31
0.3991, 246.31
0.4076, 246.31
0.4176, 255.01
0.4176, 255.01
0.4261, 269.14
0.4261, 269.14
0.4335, 283.48
0.4335, 283.48
0.4335, 283.48
0.4520, 289.99
0.4520, 289.99
0.4520, 289.99
0.4623, 283.52
0.4623, 283.52
0.4623, 283.52
0.4660, 283.52
0.4739, 276.58
0.4739, 276.58
0.4739, 276.58
0.4842, 270.68
0.4842, 270.68
0.4842, 270.68
0.4842, 270.68
0.4927, 270.68
0.5027, 277.01
0.5027, 277.01
0.5112, 288.42
0.5112, 288.42
0.5186, 300.14
0.5186, 300.14
0.5186, 300.14
0.5371, 305.04
0.5371, 305.04
0.5371, 305.04
0.5474, 299.29
0.5474, 299.29
0.5474, 299.29
0.5512, 299.29
0.5590, 293.08
0.5590, 293.08
0.5590, 293.08
0.5693, 287.77
0.5693, 287.77
0.5693, 287.77
0.5693, 287.77
0.5779, 287.77
0.5879, 292.64
0.5879, 292.64
0.5964, 302.20
0.5964, 302.20
0.6037, 312.10
0.6037, 312.10
0.6037, 312.10
0.6222, 315.98
0.6222, 315.98
0.6222, 315.98
0.6325, 310.82
0.6325, 310.82
0.6325, 310.82
0.6363, 310.82
0.6441, 305.22
0.6441, 305.22
0.6441, 305.22
0.6545, 300.41
0.6545, 300.41
0.6545, 300.41
0.6545, 300.41
0.6630, 300.41
0.6730, 304.32
0.6730, 304.32
0.6815, 312.54
0.6815, 312.54
0.6888, 321.10
0.6888, 321.10
0.6888, 321.10
0.7073, 324.28
0.7073, 324.28
0.7073, 324.28
0.7177, 319.61
0.7177, 319.61
0.7177, 319.61
0.7214, 319.61
0.7293, 314.53
0.7293, 314.53
0.7293, 314.53
0.7396, 310.14
0.7396, 310.14
0.7396, 310.14
0.7396, 310.14
0.7481, 310.14
0.7581, 313.37
0.7581, 313.37
0.7666, 320.58
0.7666, 320.58
0.7740, 328.12
0.7740, 328.12
0.7740, 328.12
0.7925, 330.80
0.7925, 330.80
0.7925, 330.80
0.8028, 326.54
0.8028, 326.54
0.8028, 326.54
0.8065, 326.54
0.8144, 321.89
0.8144, 321.89
0.8144, 321.89
0.8247, 317.86
0.8247, 317.86
0.8247, 317.86
0.8247, 317.86
0.8332, 317.86
0.8432, 320.60
0.8432, 320.60
0.8517, 327.02
0.8517, 327.02
0.8591, 333.76
0.8591, 333.76
0.8591, 333.76
0.8776, 336.05
0.8776, 336.05
0.8776, 336.05
0.8879, 332.14
0.8879, 332.14
0.8879, 332.14
0.8916, 332.14
0.8995, 327.86
0.8995, 327.86
0.8995, 327.86
0.9098, 324.14
0.9098, 324.14
0.9098, 324.14
0.9098, 324.14
0.9183, 324.14
0.9283, 326.50
0.9283, 326.50
0.9368, 332.28
0.9368, 332.28
0.9442, 338.37
0.9442, 338.37
0.9442, 338.37
0.9627, 340.37
0.9627, 340.37
0.9627, 340.37
0.9730, 336.76
0.9730, 336.76
0.9730, 336.76
0.9768, 336.76
0.9846, 332.80
0.9846, 332.80
0.9846, 332.80
0.9949, 329.35
0.9949, 329.35
0.9949, 329.35
0.9949, 329.35
1.0035, 329.35
1.0135, 331.41
1.0135, 331.41
1.0220, 336.67
1.0220, 336.67
1.0220, 336.67
1.0293, 342.22
1.0293, 342.22
1.0293, 342.22
1.0478, 344.00
1.0478, 344.00
1.0478, 344.00
1.0581, 340.64
1.0581, 340.64
1.0581, 340.64
1.0619, 340.64
1.0697, 336.95
1.0697, 336.95
1.0697, 336.95
1.0801, 333.73
1.0801, 333.73
1.0801, 333.73
1.0801, 333.73
1.0886, 333.73
1.0986, 335.56
1.0986, 335.56
1.1071, 340.38
1.1071, 340.38
1.1071, 340.38
1.1144, 345.49
1.1144, 345.49
1.1144, 345.49
1.1329, 347.07
1.1329, 347.07
1.1329, 347.07
1.1433, 343.94
1.1433, 343.94
1.1433, 343.94
1.1470, 343.94
1.1549, 340.49
1.1549, 340.49
1.1549, 340.49
1.1652, 337.47
1.1652, 337.47
1.1652, 337.47
1.1652, 337.47
1.1737, 337.47
1.1837, 339.11
1.1837, 339.11
1.1922, 343.56
1.1922, 343.56
1.1922, 343.56
1.1996, 348.29
1.1996, 348.29
1.1996, 348.29
1.2181, 349.72
1.2181, 349.72
1.2181, 349.72
1.2284, 346.78
1.2284, 346.78
1.2284, 346.78
1.2321, 346.78
1.2400, 343.54
1.2400, 343.54
1.2400, 343.54
1.2503, 340.70
1.2503, 340.70
1.2503, 340.70
1.2503, 340.70
1.2588, 340.70
1.2688, 342.19
1.2688, 342.19
1.2773, 346.32
1.2773, 346.32
1.2773, 346.32
1.2847, 350.72
1.2847, 350.72
1.2847, 350.72
1.3032, 352.02
1.3032, 352.02
1.3032, 352.02
1.3135, 349.26
1.3135, 349.26
1.3135, 349.26
1.3172, 349.26
1.3251, 346.20
1.3251, 346.20
1.3251, 346.20
1.3354, 343.53
1.3354, 343.53
1.3354, 343.53
1.3539, 344.88
1.3539, 344.88
1.3698, 346.87
1.3698, 346.87
1.3698, 346.87
1.3883, 348.14
1.3883, 348.14
1.3883, 348.14
1.3986, 345.57
1.3986, 345.57
1.3986, 345.57
1.4024, 345.57
1.4102, 342.73
1.4102, 342.73
1.4102, 342.73
1.4205, 340.24
1.4205, 340.24
1.4205, 340.24
1.4391, 341.56
1.4391, 341.56
1.4549, 343.47
1.4549, 343.47
1.4549, 343.47
1.4734, 344.71
1.4734, 344.71
1.4734, 344.71
1.4837, 342.31
1.4837, 342.31
1.4837, 342.31
1.4875, 342.31
1.4953, 339.66
1.4953, 339.66
1.4953, 339.66
1.5057, 337.33
1.5057, 337.33
1.5057, 337.33
1.5242, 338.61
1.5242, 338.61
1.5400, 340.44
1.5400, 340.44
1.5400, 340.44
1.5585, 341.65
1.5585, 341.65
1.5585, 341.65
1.5689, 339.40
1.5689, 339.40
1.5689, 339.40
1.5726, 339.40
1.5805, 336.91
1.5805, 336.91
1.5805, 336.91
1.5908, 334.73
1.5908, 334.73
1.5908, 334.73
1.6093, 335.97
1.6093, 335.97
1.6252, 337.73
1.6252, 337.73
1.6252, 337.73
1.6437, 338.91
1.6437, 338.91
1.6437, 338.91
1.6540, 336.80
1.6540, 336.80
1.6540, 336.80
1.6577, 336.80
1.6656, 334.45
1.6656, 334.45
1.6656, 334.45
1.6759, 332.39
1.6759, 332.39
1.6759, 332.39
1.6944, 333.59
1.6944, 333.59
1.7103, 335.29
1.7103, 335.29
1.7103, 335.29
1.7288, 336.44
1.7288, 336.44
1.7288, 336.44
1.7391, 334.44
1.7391, 334.44
1.7391, 334.44
1.7428, 334.44
1.7507, 332.23
1.7507, 332.23
1.7507, 332.23
1.7610, 330.28
1.7610, 330.28
1.7610, 330.28
1.7795, 331.45
1.7795, 331.45
1.7954, 333.08
1.7954, 333.08
1.7954, 333.08
1.8139, 334.20
1.8139, 334.20
1.8139, 334.20
1.8242, 332.31
1.8242, 332.31
1.8242, 332.31
1.8280, 332.31
1.8358, 330.21
1.8358, 330.21
1.8358, 330.21
1.8461, 328.36
1.8461, 328.36
1.8461, 328.36
1.8647, 329.50
1.8647, 329.50
1.8805, 331.08
1.8805, 331.08
1.8805, 331.08
1.8990, 332.16
1.8990, 332.16
1.8990, 332.16
1.9093, 330.37
1.9093, 330.37
1.9093, 330.37
1.9131, 330.37
1.9209, 328.37
1.9209, 328.37
1.9209, 328.37
1.9313, 326.62
1.9313, 326.62
1.9313, 326.62
1.9498, 327.72
1.9498, 327.72
1.9656, 329.24
1.9656, 329.24
1.9656, 329.24
1.9841, 330.30
1.9841, 330.30
1.9841, 330.30
1.9945, 328.59
1.9945, 328.59
1.9945, 328.59
1.9982, 328.59
2.0061, 326.69
2.0061, 326.69
2.0061, 326.69
2.0164, 325.02
2.0508, 323.57
2.0508, 323.57
2.0508, 323.57
2.0693, 324.63
2.0693, 324.63
2.0693, 324.63
2.0796, 323.02
2.0796, 323.02
2.0796, 323.02
2.0833, 323.02
2.0912, 321.23
2.0912, 321.23
2.0912, 321.23
2.1015, 319.65
2.1359, 318.34
2.1359, 318.34
2.1359, 318.34
2.1544, 319.41
2.1544, 319.41
2.1544, 319.41
2.1647, 317.89
2.1647, 317.89
2.1647, 317.89
2.1684, 317.89
2.1763, 316.19
2.1763, 316.19
2.1763, 316.19
2.1866, 314.70
2.1866, 314.70
2.1866, 314.70
2.2051, 315.77
2.2051, 315.77
2.2210, 317.21
2.2210, 317.21
2.2210, 317.21
2.2395, 318.24
2.2395, 318.24
2.2395, 318.24
2.2498, 316.78
2.2498, 316.78
2.2498, 316.78
2.2536, 316.78
2.2614, 315.16
2.2614, 315.16
2.2614, 315.16
2.2717, 313.73
2.3061, 312.60
2.3061, 312.60
2.3061, 312.60
2.3246, 313.64
2.3246, 313.64
2.3246, 313.64
2.3349, 312.25
2.3349, 312.25
2.3349, 312.25
2.3387, 312.25
2.3465, 310.71
2.3465, 310.71
2.3465, 310.71
2.3569, 309.35
2.3912, 308.33
2.3912, 308.33
2.3912, 308.33
2.4097, 309.36
2.4097, 309.36
2.4097, 309.36
2.4201, 308.04
2.4201, 308.04
2.4201, 308.04
2.4238, 308.04
2.4317, 306.57
2.4317, 306.57
2.4317, 306.57
2.4420, 305.27
2.4764, 304.34
2.4764, 304.34
2.4764, 304.34
2.4949, 305.37
2.4949, 305.37
2.4949, 305.37
2.5052, 304.11
2.5052, 304.11
2.5052, 304.11
2.5089, 304.11
2.5168, 302.71
2.5168, 302.71
2.5168, 302.71
2.5271, 301.47
2.5615, 300.63
2.5615, 300.63
2.5615, 300.63
2.5800, 301.65
2.5800, 301.65
2.5800, 301.65
2.5903, 300.44
2.5903, 300.44
2.5903, 300.44
2.5940, 300.44
2.6019, 299.10
2.6019, 299.10
2.6019, 299.10
2.6122, 297.92
2.6466, 297.15
2.6466, 297.15
2.6466, 297.15
2.6651, 298.16
2.6651, 298.16
2.6651, 298.16
2.6754, 297.01
2.6754, 297.01
2.6754, 297.01
2.6792, 297.01
2.6870, 295.73
2.6870, 295.73
2.6870, 295.73
2.6973, 294.59
2.7317, 293.89
2.7317, 293.89
2.7317, 293.89
2.7502, 294.89
2.7502, 294.89
2.7502, 294.89
2.7605, 293.79
2.7605, 293.79
2.7605, 293.79
2.7643, 293.79
2.7721, 292.56
2.7721, 292.56
2.7721, 292.56
2.7825, 291.47
2.8168, 290.82
2.8168, 290.82
2.8168, 290.82
2.8353, 291.81
2.8353, 291.81
2.8353, 291.81
2.8457, 290.76
2.8457, 290.76
2.8457, 290.76
2.8494, 290.76
2.8573, 289.57
2.8573, 289.57
2.8573, 289.57
2.8676, 288.53
2.9020, 287.94
2.9020, 287.94
2.9020, 287.94
2.9205, 288.92
2.9205, 288.92
2.9205, 288.92
2.9308, 287.90
2.9308, 287.90
2.9308, 287.90
2.9424, 286.77
2.9424, 286.77
2.9424, 286.77
2.9527, 285.76
2.9527, 285.76
2.9527, 285.76
2.9527, 285.76
2.9612, 285.76
2.9712, 286.74
2.9712, 286.74
2.9712, 286.74
2.9797, 288.67
2.9797, 288.67
3.0138, 288.67
3.0238, 287.17
3.0238, 287.17
3.0238, 287.17
3.0423, 288.12
3.0423, 288.12
3.0423, 288.12
3.0526, 287.15
3.0526, 287.15
3.0526, 287.15
3.0642, 286.06
3.0642, 286.06
3.0642, 286.06
3.0663, 288.53
3.0663, 288.53
3.0663, 288.53
3.0745, 287.76
3.0745, 287.76
3.0745, 287.76
3.0745, 287.76
3.0745, 287.76
3.0830, 287.76
3.0848, 289.46
3.0848, 289.46
3.0848, 289.46
3.0916, 289.46
3.0930, 291.34
3.0930, 291.34
3.0930, 291.34
3.0952, 291.14
3.0952, 291.14
3.0952, 291.14
3.1016, 293.18
3.1016, 293.18
3.1068, 292.69
3.1068, 292.69
3.1068, 292.69
3.1101, 295.01
3.1101, 295.01
3.1171, 294.35
3.1171, 294.35
3.1171, 294.35
3.1356, 294.35
3.1356, 295.22
3.1356, 295.22
3.1456, 296.89
3.1456, 296.89
3.1456, 296.89
3.1641, 297.74
3.1641, 297.74
3.1641, 297.74
3.1744, 296.77
3.1744, 296.77
3.1744, 296.77
3.1782, 296.77
3.1860, 295.69
3.1860, 295.69
3.1860, 295.69
3.1882, 298.06
3.1882, 298.06
3.1882, 298.06
3.1964, 297.30
3.1964, 297.30
3.1964, 297.30
3.1964, 297.30
3.2049, 297.30
3.2067, 298.90
3.2067, 298.90
3.2067, 298.90
3.2149, 300.68
3.2149, 300.68
3.2170, 300.48
3.2170, 300.48
3.2170, 300.48
3.2207, 300.48
3.2234, 302.43
3.2234, 302.43
3.2286, 301.94
3.2286, 301.94
3.2286, 301.94
3.2307, 304.28
3.2307, 304.28
3.2307, 304.28
3.2389, 303.51
3.2389, 303.51
3.2389, 303.51
3.2492, 305.07
3.2492, 305.07
3.2492, 305.07
3.2574, 306.81
3.2574, 306.81
3.2596, 306.61
3.2596, 306.61
3.2596, 306.61
3.2633, 306.61
3.2712, 305.53
3.2712, 305.53
3.2712, 305.53
3.2733, 307.83
3.2733, 307.83
3.2733, 307.83
3.2815, 307.06
3.2815, 307.06
3.2815, 307.06
3.2815, 307.06
3.2815, 307.06
3.2815, 307.06
3.2815, 307.06
3.2900, 307.06
3.2918, 308.59
3.2918, 308.59
3.2918, 308.59
3.2985, 308.59
3.3000, 310.30
3.3000, 310.30
3.3021, 310.10
3.3021, 310.10
3.3021, 310.10
3.3058, 310.10
3.3070, 310.10
3.3085, 311.98
3.3085, 311.98
3.3137, 311.49
3.3137, 311.49
3.3137, 311.49
3.3155, 311.49
3.3158, 313.76
3.3158, 313.76
3.3158, 313.76
3.3170, 316.12
3.3170, 316.12
3.3240, 315.45
3.3240, 315.45
3.3240, 315.45
3.3255, 317.78
3.3255, 317.78
3.3340, 319.42
3.3340, 319.42
3.3344, 321.85
3.3344, 321.85
3.3344, 321.85
3.3425, 323.51
3.3425, 323.51
3.3447, 323.30
3.3447, 323.30
3.3447, 323.30
3.3484, 323.30
3.3563, 322.19
3.3563, 322.19
3.3563, 322.19
3.3584, 324.42
3.3584, 324.42
3.3584, 324.42
3.3666, 323.63
3.3666, 323.63
3.3666, 323.63
3.3769, 325.07
3.3769, 325.07
3.3769, 325.07
3.3851, 326.70
3.3851, 326.70
3.3872, 326.50
3.3872, 326.50
3.3872, 326.50
3.3910, 326.50
3.3988, 325.38
3.3988, 325.38
3.3988, 325.38
3.4010, 327.59
3.4010, 327.59
3.4010, 327.59
3.4092, 326.80
3.4195, 328.21
3.4195, 328.21
3.4195, 328.21
3.4298, 327.22
3.4298, 327.22
3.4298, 327.22
3.4335, 327.22
3.4414, 326.12
3.4414, 326.12
3.4414, 326.12
3.4435, 328.30
3.4435, 328.30
3.4435, 328.30
3.4517, 327.52
3.4620, 328.91
3.4620, 328.91
3.4620, 328.91
3.4724, 327.93
3.4724, 327.93
3.4724, 327.93
3.4761, 327.93
3.4840, 326.84
3.4840, 326.84
3.4840, 326.84
3.4861, 328.99
3.4861, 328.99
3.4861, 328.99
3.4943, 328.22
3.5046, 329.59
3.5046, 329.59
3.5046, 329.59
3.5149, 328.62
3.5149, 328.62
3.5149, 328.62
3.5186, 328.62
3.5265, 327.54
3.5265, 327.54
3.5265, 327.54
3.5286, 329.66
3.5286, 329.66
3.5286, 329.66
3.5368, 328.90
3.5368, 328.90
3.5368, 328.90
3.5368, 328.90
3.5453, 328.90
3.5472, 330.25
3.5472, 330.25
3.5472, 330.25
3.5553, 331.80
3.5553, 331.80
3.5575, 331.60
3.5575, 331.60
3.5575, 331.60
3.5612, 331.60
3.5639, 333.30
3.5639, 333.30
3.5691, 332.81
3.5691, 332.81
3.5691, 332.81
3.5712, 334.91
3.5712, 334.91
3.5712, 334.91
3.5794, 334.14
3.5794, 334.14
3.5794, 334.14
3.5897, 335.47
3.5897, 335.47
3.5897, 335.47
3.5979, 336.98
3.5979, 336.98
3.6000, 336.78
3.6000, 336.78
3.6000, 336.78
3.6038, 336.78
3.6116, 335.70
3.6116, 335.70
3.6116, 335.70
3.6138, 337.77
3.6138, 337.77
3.6138, 337.77
3.6220, 337.00
3.6220, 337.00
3.6220, 337.00
3.6323, 338.30
3.6323, 338.30
3.6323, 338.30
3.6405, 339.79
3.6405, 339.79
3.6426, 339.59
3.6426, 339.59
3.6426, 339.59
3.6463, 339.59
3.6542, 338.51
3.6542, 338.51
3.6542, 338.51
3.6563, 340.56
3.6563, 340.56
3.6563, 340.56
3.6645, 339.80
3.6645, 339.80
3.6645, 339.80
3.6748, 341.07
3.6748, 341.07
3.6748, 341.07
3.6830, 342.54
3.6830, 342.54
3.6852, 342.34
3.6852, 342.34
3.6852, 342.34
3.6889, 342.34
3.6968, 341.26
3.6968, 341.26
3.6968, 341.26
3.6989, 343.28
3.6989, 343.28
3.6989, 343.28
3.7071, 342.52
3.7071, 342.52
3.7071, 342.52
3.7174, 343.78
3.7174, 343.78
3.7174, 343.78
3.7256, 345.22
3.7256, 345.22
3.7277, 345.02
3.7277, 345.02
3.7277, 345.02
3.7314, 345.02
3.7393, 343.95
3.7393, 343.95
3.7393, 343.95
3.7414, 345.95
3.7414, 345.95
3.7414, 345.95
3.7496, 345.19
3.7496, 345.19
3.7496, 345.19
3.7600, 346.42
3.7600, 346.42
3.7600, 346.42
3.7681, 347.84
3.7681, 347.84
3.7703, 347.65
3.7703, 347.65
3.7703, 347.65
3.7740, 347.65
3.7819, 346.58
3.7819, 346.58
3.7819, 346.58
3.7840, 348.55
3.7840, 348.55
3.7840, 348.55
3.7922, 347.80
3.7922, 347.80
3.7922, 347.80
3.8025, 349.01
3.8025, 349.01
3.8025, 349.01
3.8107, 350.41
3.8107, 350.41
3.8128, 350.21
3.8128, 350.21
3.8128, 350.21
3.8166, 350.21
3.8244, 349.15
3.8244, 349.15
3.8244, 349.15
3.8266, 351.10
3.8266, 351.10
3.8266, 351.10
3.8348, 350.35
3.8348, 350.35
3.8348, 350.35
3.8451, 351.54
3.8451, 351.54
3.8451, 351.54
3.8533, 352.91
3.8533, 352.91
3.8554, 352.72
3.8554, 352.72
3.8554, 352.72
3.8591, 352.72
3.8670, 351.66
3.8670, 351.66
3.8670, 351.66
3.8691, 353.59
3.8691, 353.59
3.8691, 353.59
3.8773, 352.84
3.8773, 352.84
3.8773, 352.84
3.8773, 352.84
3.8858, 352.84
3.8876, 354.01
3.8876, 354.01
3.8876, 354.01
3.8958, 355.37
3.8958, 355.37
3.8980, 355.17
3.8980, 355.17
3.8980, 355.17
3.9017, 355.17
3.9043, 356.69
3.9043, 356.69
3.9096, 356.21
3.9096, 356.21
3.9096, 356.21
3.9117, 358.12
3.9117, 358.12
3.9117, 358.12
3.9199, 357.37
3.9199, 357.37
3.9199, 357.37
3.9302, 358.51
3.9302, 358.51
3.9302, 358.51
3.9384, 359.85
3.9384, 359.85
3.9405, 359.65
3.9405, 359.65
3.9405, 359.65
3.9442, 359.65
3.9521, 358.60
3.9521, 358.60
3.9521, 358.60
3.9542, 360.48
3.9542, 360.48
3.9542, 360.48
3.9624, 359.73
3.9624, 359.73
3.9624, 359.73
3.9728, 360.86
3.9728, 360.86
3.9728, 360.86
3.9809, 362.17
3.9809, 362.17
3.9831, 361.98
3.9831, 361.98
3.9831, 361.98
3.9868, 361.98
3.9947, 360.93
3.9947, 360.93
3.9947, 360.93
3.9968, 362.79
3.9968, 362.79
3.9968, 362.79
4.0050, 362.04
4.0050, 362.04
4.0050, 362.04
4.0153, 363.15
4.0153, 363.15
4.0153, 363.15
4.0235, 364.45
4.0235, 364.45
4.0256, 364.26
4.0256, 364.26
4.0256, 364.26
4.0294, 364.26
4.0372, 363.21
4.0372, 363.21
4.0372, 363.21
4.0394, 365.05
4.0394, 365.05
4.0394, 365.05
4.0476, 364.31
4.0476, 364.31
4.0476, 364.31
4.0579, 365.40
4.0579, 365.40
4.0579, 365.40
4.0661, 366.68
4.0661, 366.68
4.0682, 366.49
4.0682, 366.49
4.0682, 366.49
4.0798, 365.45
4.0798, 365.45
4.0798, 365.45
4.0819, 367.26
4.0819, 367.26
4.0819, 367.26
4.0901, 366.53
4.0901, 366.53
4.0901, 366.53
4.1004, 367.60
4.1004, 367.60
4.1004, 367.60
4.1086, 368.86
4.1086, 368.86
4.1108, 368.67
4.1108, 368.67
4.1108, 368.67
4.1145, 368.67
4.1224, 367.63
4.1224, 367.63
4.1224, 367.63
4.1327, 366.72
4.1327, 366.72
4.1327, 366.72
4.1512, 367.05
4.1512, 367.05
4.1570, 367.05
4.1670, 367.62
4.1670, 367.62
4.1670, 367.62
4.1856, 367.96
4.1856, 367.96
4.1856, 367.96
4.1959, 367.05
4.1959, 367.05
4.1959, 367.05
4.1996, 367.05
4.2075, 366.04
4.2075, 366.04
4.2075, 366.04
4.2096, 367.80
4.2096, 367.80
4.2096, 367.80
4.2178, 367.08
4.2178, 367.08
4.2178, 367.08
4.2281, 368.13
4.2281, 368.13
4.2281, 368.13
4.2363, 369.35
4.2363, 369.35
4.2384, 369.16
4.2384, 369.16
4.2384, 369.16
4.2500, 368.16
4.2500, 368.16
4.2500, 368.16
4.2522, 369.90
4.2522, 369.90
4.2522, 369.90
4.2604, 369.19
4.2604, 369.19
4.2604, 369.19
4.2604, 369.19
4.2689, 369.19
4.2707, 370.21
4.2707, 370.21
4.2707, 370.21
4.2789, 371.42
4.2789, 371.42
4.2810, 371.23
4.2810, 371.23
4.2810, 371.23
4.2847, 371.23
4.2874, 372.59
4.2874, 372.59
4.2926, 372.14
4.2926, 372.14
4.2926, 372.14
4.3029, 371.25
4.3029, 371.25
4.3029, 371.25
4.3214, 371.55
4.3214, 371.55
4.3373, 372.08
4.3373, 372.08
4.3373, 372.08
4.3558, 372.38
4.3558, 372.38
4.3558, 372.38
4.3661, 371.50
4.3661, 371.50
4.3661, 371.50
4.3698, 371.50
4.3777, 370.52
4.3777, 370.52
4.3777, 370.52
4.3880, 369.65
4.3880, 369.65
4.3880, 369.65
4.4065, 369.95
4.4065, 369.95
4.4224, 370.48
4.4224, 370.48
4.4224, 370.48
4.4409, 370.78
4.4409, 370.78
4.4409, 370.78
4.4512, 369.92
4.4512, 369.92
4.4512, 369.92
4.4550, 369.92
4.4628, 368.96
4.4628, 368.96
4.4628, 368.96
4.4732, 368.11
4.4732, 368.11
4.4732, 368.11
4.4917, 368.41
4.4917, 368.41
4.5075, 368.93
4.5075, 368.93
4.5075, 368.93
4.5260, 369.23
4.5260, 369.23
4.5260, 369.23
4.5364, 368.39
4.5364, 368.39
4.5364, 368.39
4.5401, 368.39
4.5480, 367.46
4.5480, 367.46
4.5480, 367.46
4.5583, 366.62
4.5583, 366.62
4.5583, 366.62
4.5768, 366.93
4.5768, 366.93
4.5926, 367.45
4.5926, 367.45
4.5926, 367.45
4.6112, 367.75
4.6112, 367.75
4.6112, 367.75
4.6215, 366.93
4.6215, 366.93
4.6215, 366.93
4.6252, 366.93
4.6331, 366.01
4.6331, 366.01
4.6331, 366.01
4.6434, 365.20
4.6434, 365.20
4.6434, 365.20
4.6619, 365.50
4.6619, 365.50
4.6778, 366.01
4.6778, 366.01
4.6778, 366.01
4.6963, 366.32
4.6963, 366.32
4.6963, 366.32
4.7066, 365.51
4.7066, 365.51
4.7066, 365.51
4.7103, 365.51
4.7182, 364.61
4.7182, 364.61
4.7182, 364.61
4.7285, 363.82
4.7285, 363.82
4.7285, 363.82
4.7470, 364.13
4.7470, 364.13
4.7629, 364.63
4.7629, 364.63
4.7629, 364.63
4.7814, 364.93
4.7814, 364.93
4.7814, 364.93
4.7917, 364.15
4.7917, 364.15
4.7917, 364.15
4.7954, 364.15
4.8033, 363.27
4.8033, 363.27
4.8033, 363.27
4.8136, 362.49
4.8136, 362.49
4.8136, 362.49
4.8321, 362.80
4.8321, 362.80
4.8480, 363.30
4.8480, 363.30
4.8480, 363.30
4.8665, 363.60
4.8665, 363.60
4.8665, 363.60
4.8768, 362.83
4.8768, 362.83
4.8768, 362.83
4.8806, 362.83
4.8884, 361.97
4.8884, 361.97
4.8884, 361.97
4.8988, 361.21
4.8988, 361.21
4.8988, 361.21
4.9173, 361.51
4.9173, 361.51
4.9331, 362.01
4.9331, 362.01
4.9331, 362.01
4.9516, 362.31
4.9516, 362.31
4.9516, 362.31
4.9620, 361.56
4.9620, 361.56
4.9620, 361.56
4.9657, 361.56
4.9736, 360.72
4.9736, 360.72
4.9736, 360.72
4.9839, 359.97
4.9839, 359.97
4.9839, 359.97
5.0024, 360.28
5.0024, 360.28
5.0182, 360.77
5.0182, 360.77
5.0182, 360.77
5.0368, 361.07
5.0368, 361.07
5.0368, 361.07
5.0471, 360.33
5.0471, 360.33
5.0471, 360.33
5.0508, 360.33
5.0587, 359.51
5.0587, 359.51
5.0587, 359.51
5.0690, 358.77
5.0690, 358.77
5.0690, 358.77
5.0690, 358.77
5.0775, 358.77
5.0875, 359.08
5.0875, 359.08
5.0960, 360.09
5.0960, 360.09
5.1034, 361.17
5.1034, 361.17
5.1034, 361.17
5.1219, 361.47
5.1219, 361.47
5.1219, 361.47
5.1322, 360.74
5.1322, 360.74
5.1322, 360.74
5.1359, 360.74
5.1438, 359.93
5.1438, 359.93
5.1438, 359.93
5.1541, 359.21
5.1541, 359.21
5.1541, 359.21
5.1726, 359.50
5.1726, 359.50
5.1885, 359.99
5.1885, 359.99
5.1885, 359.99
5.2070, 360.28
5.2070, 360.28
5.2070, 360.28
5.2173, 359.57
5.2173, 359.57
5.2173, 359.57
5.2210, 359.57
5.2289, 358.77
5.2289, 358.77
5.2289, 358.77
5.2392, 358.06
5.2392, 358.06
5.2392, 358.06
5.2577, 358.36
5.2577, 358.36
5.2736, 358.83
5.2736, 358.83
5.2736, 358.83
5.2921, 359.13
5.2921, 359.13
5.2921, 359.13
5.3024, 358.43
5.3024, 358.43
5.3024, 358.43
5.3062, 358.43
5.3140, 357.65
5.3140, 357.65
5.3140, 357.65
5.3244, 356.95
5.3244, 356.95
5.3244, 356.95
5.3429, 357.25
5.3429, 357.25
5.3587, 357.72
5.3587, 357.72
5.3587, 357.72
5.3772, 358.01
5.3772, 358.01
5.3772, 358.01
5.3876, 357.33
5.3876, 357.33
5.3876, 357.33
5.3913, 357.33
5.3992, 356.56
5.3992, 356.56
5.3992, 356.56
5.4095, 355.88
5.4095, 355.88
5.4095, 355.88
5.4280, 356.17
5.4280, 356.17
5.4438, 356.64
5.4438, 356.64
5.4438, 356.64
5.4624, 356.93
5.4624, 356.93
5.4624, 356.93
5.4727, 356.26
5.4727, 356.26
5.4727, 356.26
5.4764, 356.26
5.4843, 355.51
5.4843, 355.51
5.4843, 355.51
5.4946, 354.84
5.4946, 354.84
5.4946, 354.84
5.5131, 355.13
5.5131, 355.13
5.5290, 355.60
5.5290, 355.60
5.5290, 355.60
5.5475, 355.89
5.5475, 355.89
5.5475, 355.89
5.5578, 355.23
5.5578, 355.23
5.5578, 355.23
5.5615, 355.23
5.5694, 354.49
5.5694, 354.49
5.5694, 354.49
5.5797, 353.83
5.5797, 353.83
5.5797, 353.83
5.5982, 354.12
5.5982, 354.12
5.6141, 354.58
5.6141, 354.58
5.6141, 354.58
5.6326, 354.87
5.6326, 354.87
5.6326, 354.87
5.6429, 354.22
5.6429, 354.22
5.6429, 354.22
5.6466, 354.22
5.6545, 353.50
5.6545, 353.50
5.6545, 353.50
5.6648, 352.85
5.6648, 352.85
5.6648, 352.85
5.6833, 353.14
5.6833, 353.14
5.6992, 353.60
5.6992, 353.60
5.6992, 353.60
5.7177, 353.89
5.7177, 353.89
5.7177, 353.89
5.7280, 353.25
5.7280, 353.25
5.7280, 353.25
5.7318, 353.25
5.7396, 352.54
5.7396, 352.54
5.7396, 352.54
5.7500, 351.90
5.7500, 351.90
5.7500, 351.90
5.7685, 352.19
5.7685, 352.19
5.7843, 352.64
5.7843, 352.64
5.7843, 352.64
5.8028, 352.93
5.8028, 352.93
5.8028, 352.93
5.8132, 352.30
5.8132, 352.30
5.8132, 352.30
5.8169, 352.30
5.8248, 351.60
5.8248, 351.60
5.8248, 351.60
5.8351, 350.98
5.8351, 350.98
5.8351, 350.98
5.8536, 351.27
5.8536, 351.27
5.8694, 351.72
5.8694, 351.72
5.8694, 351.72
5.8880, 352.00
5.8880, 352.00
5.8880, 352.00
5.8983, 351.39
5.8983, 351.39
5.8983, 351.39
5.9020, 351.39
5.9099, 350.70
5.9099, 350.70
5.9099, 350.70
5.9202, 350.09
5.9202, 350.09
5.9202, 350.09
5.9202, 350.09
5.9287, 350.09
5.9387, 350.37
5.9387, 350.37
5.9472, 351.25
5.9472, 351.25
5.9546, 352.19
5.9546, 352.19
5.9546, 352.19
5.9731, 352.47
5.9731, 352.47
5.9731, 352.47
5.9834, 351.86
5.9834, 351.86
5.9834, 351.86
5.9871, 351.86
5.9950, 351.18
5.9950, 351.18
5.9950, 351.18
6.0053, 350.58
6.0053, 350.58
6.0053, 350.58
6.0238, 350.86
6.0238, 350.86
6.0397, 351.30
6.0397, 351.30
6.0397, 351.30
6.0582, 351.58
6.0582, 351.58
6.0582, 351.58
6.0685, 350.98
6.0685, 350.98
6.0685, 350.98
6.0722, 350.98
6.0801, 350.31
6.0801, 350.31
6.0801, 350.31
6.0904, 349.72
6.0904, 349.72
6.0904, 349.72
6.1089, 350.00
6.1089, 350.00
6.1248, 350.43
6.1248, 350.43
6.1248, 350.43
6.1433, 350.71
6.1433, 350.71
6.1433, 350.71
6.1536, 350.12
6.1536, 350.12
6.1536, 350.12
6.1574, 350.12
6.1652, 349.46
6.1652, 349.46
6.1652, 349.46
6.1756, 348.88
6.1756, 348.88
6.1756, 348.88
6.1941, 349.15
6.1941, 349.15
6.2099, 349.58
6.2099, 349.58
6.2099, 349.58
6.2284, 349.86
6.2284, 349.86
6.2284, 349.86
6.2388, 349.28
6.2388, 349.28
6.2388, 349.28
6.2425, 349.28
6.2504, 348.63
6.2504, 348.63
6.2504, 348.63
6.2607, 348.06
6.2607, 348.06
6.2607, 348.06
6.2792, 348.34
6.2792, 348.34
6.2950, 348.76
6.2950, 348.76
6.2950, 348.76
6.3136, 349.03
6.3136, 349.03
6.3136, 349.03
6.3239, 348.46
6.3239, 348.46
6.3239, 348.46
6.3276, 348.46
6.3355, 347.83
6.3355, 347.83
6.3355, 347.83
6.3458, 347.26
6.3458, 347.26
6.3458, 347.26
6.3643, 347.54
6.3643, 347.54
6.3802, 347.96
6.3802, 347.96
6.3802, 347.96
6.3987, 348.23
6.3987, 348.23
6.3987, 348.23
6.4090, 347.67
6.4090, 347.67
6.4090, 347.67
6.4127, 347.67
6.4206, 347.04
6.4206, 347.04
6.4206, 347.04
6.4309, 346.49
6.4309, 346.49
6.4309, 346.49
6.4494, 346.76
6.4494, 346.76
6.4653, 347.18
6.4653, 347.18
6.4653, 347.18
6.4838, 347.45
6.4838, 347.45
6.4838, 347.45
6.4941, 346.90
6.4941, 346.90
6.4941, 346.90
6.4978, 346.90
6.5057, 346.28
6.5057, 346.28
6.5057, 346.28
6.5160, 345.73
6.5160, 345.73
6.5160, 345.73
6.5345, 346.01
6.5345, 346.01
6.5504, 346.42
6.5504, 346.42
6.5504, 346.42
6.5689, 346.69
6.5689, 346.69
6.5689, 346.69
6.5792, 346.15
6.5792, 346.15
6.5792, 346.15
6.5830, 346.15
6.5908, 345.54
6.5908, 345.54
6.5908, 345.54
6.6012, 345.00
6.6012, 345.00
6.6012, 345.00
6.6197, 345.27
6.6197, 345.27
6.6355, 345.68
6.6355, 345.68
6.6355, 345.68
6.6540, 345.95
6.6540, 345.95
6.6540, 345.95
6.6644, 345.41
6.6644, 345.41
6.6644, 345.41
6.6681, 345.41
6.6760, 344.81
6.6760, 344.81
6.6760, 344.81
6.6863, 344.28
6.6863, 344.28
6.6863, 344.28
6.7048, 344.55
6.7048, 344.55
6.7206, 344.96
6.7206, 344.96
6.7206, 344.96
6.7392, 345.23
6.7392, 345.23
6.7392, 345.23
6.7495, 344.70
6.7495, 344.70
6.7495, 344.70
6.7532, 344.70
6.7611, 344.11
6.7611, 344.11
6.7611, 344.11
6.7714, 343.58
6.7714, 343.58
6.7714, 343.58
6.7899, 343.85
6.7899, 343.85
6.8058, 344.25
6.8058, 344.25
6.8058, 344.25
6.8243, 344.52
6.8243, 344.52
6.8243, 344.52
6.8346, 344.00
6.8346, 344.00
6.8346, 344.00
6.8383, 344.00
6.8462, 343.42
6.8462, 343.42
6.8462, 343.42
6.8565, 342.90
6.8565, 342.90
6.8565, 342.90
6.8750, 343.17
6.8750, 343.17
6.8909, 343.57
6.8909, 343.57
6.8909, 343.57
6.9094, 343.83
6.9094, 343.83
6.9094, 343.83
6.9197, 343.32
6.9197, 343.32
6.9197, 343.32
6.9234, 343.32
6.9313, 342.75
6.9313, 342.75
6.9313, 342.75
6.9416, 342.24
6.9416, 342.24
6.9416, 342.24
6.9416, 342.24
6.9501, 342.24
6.9601, 342.50
6.9601, 342.50
6.9687, 343.26
6.9687, 343.26
6.9760, 344.07
6.9760, 344.07
6.9760, 344.07
6.9945, 344.33
6.9945, 344.33
6.9945, 344.33
7.0048, 343.83
7.0048, 343.83
7.0048, 343.83
7.0086, 343.83
7.0164, 343.26
7.0164, 343.26
7.0164, 343.26
7.0268, 342.75
7.0268, 342.75
7.0268, 342.75
7.0453, 343.02
7.0453, 343.02
7.0611, 343.41
7.0611, 343.41
7.0611, 343.41
7.0796, 343.67
7.0796, 343.67
7.0796, 343.67
7.0900, 343.17
7.0900, 343.17
7.0900, 343.17
7.0937, 343.17
7.1016, 342.60
7.1016, 342.60
7.1016, 342.60
7.1119, 342.11
7.1119, 342.11
7.1119, 342.11
7.1304, 342.37
7.1304, 342.37
7.1462, 342.75
7.1462, 342.75
7.1462, 342.75
7.1648, 343.01
7.1648, 343.01
7.1648, 343.01
7.1751, 342.52
7.1751, 342.52
7.1751, 342.52
7.1788, 342.52
7.1867, 341.97
7.1867, 341.97
7.1867, 341.97
7.1970, 341.48
7.1970, 341.48
7.1970, 341.48
7.2155, 341.74
7.2155, 341.74
7.2314, 342.12
7.2314, 342.12
7.2314, 342.12
7.2499, 342.38
7.2499, 342.38
7.2499, 342.38
7.2602, 341.89
7.2602, 341.89
7.2602, 341.89
7.2639, 341.89
7.2718, 341.34
7.2718, 341.34
7.2718, 341.34
7.2821, 340.86
7.2821, 340.86
7.2821, 340.86
7.3006, 341.12
7.3006, 341.12
7.3165, 341.50
7.3165, 341.50
7.3165, 341.50
7.3350, 341.75
7.3350, 341.75
7.3350, 341.75
7.3453, 341.27
7.3453, 341.27
7.3453, 341.27
7.3490, 341.27
7.3569, 340.73
7.3569, 340.73
7.3569, 340.73
7.3672, 340.26
7.3672, 340.26
7.3672, 340.26
7.3857, 340.51
7.3857, 340.51
7.4016, 340.89
7.4016, 340.89
7.4016, 340.89
7.4201, 341.14
7.4201, 341.14
7.4201, 341.14
7.4304, 340.67
7.4304, 340.67
7.4304, 340.67
7.4342, 340.67
7.4420, 340.14
7.4420, 340.14
7.4420, 340.14
7.4524, 339.67
7.4524, 339.67
7.4524, 339.67
7.4709, 339.92
7.4709, 339.92
7.4867, 340.30
7.4867, 340.30
7.4867, 340.30
7.5052, 340.55
7.5052, 340.55
7.5052, 340.55
7.5156, 340.08
7.5156, 340.08
7.5156, 340.08
7.5193, 340.08
7.5272, 339.56
7.5272, 339.56
7.5272, 339.56
7.5375, 339.09
7.5375, 339.09
7.5375, 339.09
7.5560, 339.35
7.5560, 339.35
7.5718, 339.72
7.5718, 339.72
7.5718, 339.72
7.5904, 339.97
7.5904, 339.97
7.5904, 339.97
7.6007, 339.51
7.6007, 339.51
7.6007, 339.51
7.6044, 339.51
7.6123, 338.99
7.6123, 338.99
7.6123, 338.99
7.6226, 338.53
7.6226, 338.53
7.6226, 338.53
7.6411, 338.78
7.6411, 338.78
7.6570, 339.15
7.6570, 339.15
7.6570, 339.15
7.6755, 339.40
7.6755, 339.40
7.6755, 339.40
7.6858, 338.94
7.6858, 338.94
7.6858, 338.94
7.6895, 338.94
7.6974, 338.43
7.6974, 338.43
7.6974, 338.43
7.7077, 337.98
7.7077, 337.98
7.7077, 337.98
7.7262, 338.23
7.7262, 338.23
7.7421, 338.60
7.7421, 338.60
7.7421, 338.60
7.7606, 338.84
7.7606, 338.84
7.7606, 338.84
7.7709, 338.39
7.7709, 338.39
7.7709, 338.39
7.7746, 338.39
7.7825, 337.89
7.7825, 337.89
7.7825, 337.89
7.7928, 337.44
7.7928, 337.44
7.7928, 337.44
7.8113, 337.69
7.8113, 337.69
7.8272, 338.05
7.8272, 338.05
7.8272, 338.05
7.8457, 338.30
7.8457, 338.30
7.8457, 338.30
7.8560, 337.86
7.8560, 337.86
7.8560, 337.86
7.8598, 337.86
7.8676, 337.36
7.8676, 337.36
7.8676, 337.36
7.8780, 336.92
7.8780, 336.92
7.8780, 336.92
7.8965, 337.16
7.8965, 337.16
7.9123, 337.52
7.9123, 337.52
7.9123, 337.52
7.9308, 337.77
7.9308, 337.77
7.9308, 337.77
7.9412, 337.33
7.9412, 337.33
7.9412, 337.33
7.9449, 337.33
7.9528, 336.84
7.9528, 336.84
7.9528, 336.84
7.9631, 336.40
7.9631, 336.40
7.9631, 336.40
7.9631, 336.40
7.9716, 336.40
7.9816, 336.65
7.9816, 336.65
7.9901, 337.31
7.9901, 337.31
7.9901, 337.31
7.9974, 338.03
7.9974, 338.03
7.9974, 338.03
8.0160, 338.27
8.0160, 338.27
8.0160, 338.27
8.0263, 337.83
8.0263, 337.83
8.0263, 337.83
8.0300, 337.83
8.0379, 337.35
8.0379, 337.35
8.0379, 337.35
8.0482, 336.91
8.0482, 336.91
8.0482, 336.91
8.0667, 337.16
8.0667, 337.16
8.0826, 337.51
8.0826, 337.51
8.0826, 337.51
8.1011, 337.75
8.1011, 337.75
8.1011, 337.75
8.1114, 337.32
8.1114, 337.32
8.1114, 337.32
8.1151, 337.32
8.1230, 336.84
8.1230, 336.84
8.1230, 336.84
8.1333, 336.41
8.1333, 336.41
8.1333, 336.41
8.1518, 336.65
8.1518, 336.65
8.1677, 337.00
8.1677, 337.00
8.1677, 337.00
8.1862, 337.24
8.1862, 337.24
8.1862, 337.24
8.1965, 336.81
8.1965, 336.81
8.1965, 336.81
8.2002, 336.81
8.2081, 336.34
8.2081, 336.34
8.2081, 336.34
8.2184, 335.92
8.2184, 335.92
8.2184, 335.92
8.2369, 336.16
8.2369, 336.16
8.2528, 336.50
8.2528, 336.50
8.2528, 336.50
8.2713, 336.74
8.2713, 336.74
8.2713, 336.74
8.2816, 336.32
8.2816, 336.32
8.2816, 336.32
8.2854, 336.32
8.2932, 335.85
8.2932, 335.85
8.2932, 335.85
8.3036, 335.43
8.3036, 335.43
8.3036, 335.43
8.3221, 335.67
8.3221, 335.67
8.3379, 336.01
8.3379, 336.01
8.3379, 336.01
8.3564, 336.25
8.3564, 336.25
8.3564, 336.25
8.3668, 335.84
8.3668, 335.84
8.3668, 335.84
8.3705, 335.84
8.3784, 335.37
8.3784, 335.37
8.3784, 335.37
8.3887, 334.96
8.3887, 334.96
8.3887, 334.96
8.4072, 335.20
8.4072, 335.20
8.4230, 335.54
8.4230, 335.54
8.4230, 335.54
8.4416, 335.77
8.4416, 335.77
8.4416, 335.77
8.4519, 335.36
8.4519, 335.36
8.4519, 335.36
8.4556, 335.36
8.4635, 334.90
8.4635, 334.90
8.4635, 334.90
8.4738, 334.49
8.4738, 334.49
8.4738, 334.49
8.4923, 334.73
8.4923, 334.73
8.5082, 335.07
8.5082, 335.07
8.5082, 335.07
8.5267, 335.30
8.5267, 335.30
8.5267, 335.30
8.5370, 334.90
8.5370, 334.90
8.5370, 334.90
8.5407, 334.90
8.5486, 334.44
8.5486, 334.44
8.5486, 334.44
8.5589, 334.04
8.5589, 334.04
8.5589, 334.04
8.5774, 334.27
8.5774, 334.27
8.5774, 334.27
8.5933, 334.61
8.5933, 334.61
8.5933, 334.61
8.6118, 334.84
8.6118, 334.84
8.6118, 334.84
8.6221, 334.44
8.6221, 334.44
8.6221, 334.44
8.6258, 334.44
8.6337, 333.99
8.6337, 333.99
8.6337, 333.99
8.6440, 333.59
8.6440, 333.59
8.6440, 333.59
8.6625, 333.83
8.6625, 333.83
8.6784, 334.16
8.6784, 334.16
8.6784, 334.16
8.6969, 334.39
8.6969, 334.39
8.6969, 334.39
8.7072, 333.99
8.7072, 333.99
8.7072, 333.99
8.7110, 333.99
8.7188, 333.55
8.7188, 333.55
8.7188, 333.55
8.7292, 333.15
8.7292, 333.15
8.7292, 333.15
8.7477, 333.39
8.7477, 333.39
8.7635, 333.72
8.7635, 333.72
8.7635, 333.72
8.7820, 333.95
8.7820, 333.95
8.7820, 333.95
8.7924, 333.56
8.7924, 333.56
8.7924, 333.56
8.7961, 333.56
8.8040, 333.12
8.8040, 333.12
8.8040, 333.12
8.8143, 332.73
8.8143, 332.73
8.8143, 332.73
8.8328, 332.96
8.8328, 332.96
8.8486, 333.29
8.8486, 333.29
8.8486, 333.29
8.8672, 333.51
8.8672, 333.51
8.8672, 333.51
8.8775, 333.13
8.8775, 333.13
8.8775, 333.13
8.8812, 333.13
8.8891, 332.69
8.8891, 332.69
8.8891, 332.69
8.8994, 332.30
8.8994, 332.30
8.8994, 332.30
8.9179, 332.53
8.9179, 332.53
8.9338, 332.86
8.9338, 332.86
8.9338, 332.86
8.9523, 333.09
8.9523, 333.09
8.9523, 333.09
8.9626, 332.70
8.9626, 332.70
8.9626, 332.70
8.9663, 332.70
8.9742, 332.27
8.9742, 332.27
8.9742, 332.27
8.9845, 331.89
8.9845, 331.89
8.9845, 331.89
9.0030, 332.12
9.0030, 332.12
9.0189, 332.44
9.0189, 332.44
9.0189, 332.44
9.0374, 332.67
9.0374, 332.67
9.0374, 332.67
9.0477, 332.29
9.0477, 332.29
9.0477, 332.29
9.0514, 332.29
9.0593, 331.86
9.0593, 331.86
9.0593, 331.86
9.0696, 331.49
9.0696, 331.49
9.0696, 331.49
9.0881, 331.71
9.0881, 331.71
9.1040, 332.04
9.1040, 332.04
9.1040, 332.04
9.1225, 332.26
9.1225, 332.26
9.1225, 332.26
9.1328, 331.88
9.1328, 331.88
9.1328, 331.88
9.1366, 331.88
9.1444, 331.46
9.1444, 331.46
9.1444, 331.46
9.1548, 331.09
9.1548, 331.09
9.1548, 331.09
9.1733, 331.31
9.1733, 331.31
9.1891, 331.63
9.1891, 331.63
9.1891, 331.63
9.2076, 331.86
9.2076, 331.86
9.2076, 331.86
9.2180, 331.49
9.2180, 331.49
9.2180, 331.49
9.2217, 331.49
9.2296, 331.07
9.2296, 331.07
9.2296, 331.07
9.2399, 330.70
9.2399, 330.70
9.2399, 330.70
9.2584, 330.92
9.2584, 330.92
9.2742, 331.24
9.2742, 331.24
9.2742, 331.24
9.2928, 331.46
9.2928, 331.46
9.2928, 331.46
9.3031, 331.09
9.3031, 331.09
9.3031, 331.09
9.3068, 331.09
9.3147, 330.68
9.3147, 330.68
9.3147, 330.68
9.3250, 330.32
9.3594, 329.98
9.3594, 329.98
9.3594, 329.98
9.3779, 330.20
9.3779, 330.20
9.3779, 330.20
9.3882, 329.84
9.3882, 329.84
9.3882, 329.84
9.3919, 329.84
9.3998, 329.43
9.3998, 329.43
9.3998, 329.43
9.4101, 329.07
9.4445, 328.74
9.4445, 328.74
9.4445, 328.74
9.4630, 328.96
9.4630, 328.96
9.4630, 328.96
9.4733, 328.60
9.4733, 328.60
9.4733, 328.60
9.4770, 328.60
9.4849, 328.20
9.4849, 328.20
9.4849, 328.20
9.4952, 327.84
9.5296, 327.52
9.5296, 327.52
9.5296, 327.52
9.5481, 327.74
9.5481, 327.74
9.5481, 327.74
9.5584, 327.39
9.5584, 327.39
9.5584, 327.39
9.5622, 327.39
9.5700, 326.99
9.5700, 326.99
9.5700, 326.99
9.5804, 326.64
9.6147, 326.33
9.6147, 326.33
9.6147, 326.33
9.6332, 326.55
9.6332, 326.55
9.6332, 326.55
9.6436, 326.20
9.6436, 326.20
9.6436, 326.20
9.6473, 326.20
9.6552, 325.81
9.6552, 325.81
9.6552, 325.81
9.6655, 325.46
9.6998, 325.15
9.6998, 325.15
9.6998, 325.15
9.7184, 325.38
9.7184, 325.38
9.7184, 325.38
9.7287, 325.03
9.7287, 325.03
9.7287, 325.03
9.7324, 325.03
9.7403, 324.64
9.7403, 324.64
9.7403, 324.64
9.7506, 324.30
9.7850, 324.00
9.7850, 324.00
9.7850, 324.00
9.8035, 324.22
9.8035, 324.22
9.8035, 324.22
9.8138, 323.88
9.8138, 323.88
9.8138, 323.88
9.8175, 323.88
9.8254, 323.50
9.8254, 323.50
9.8254, 323.50
9.8357, 323.16
9.8701, 322.86
9.8701, 322.86
9.8701, 322.86
9.8886, 323.09
9.8886, 323.09
9.8886, 323.09
9.8989, 322.75
9.8989, 322.75
9.8989, 322.75
9.9026, 322.75
9.9105, 322.37
9.9105, 322.37
9.9105, 322.37
9.9208, 322.04
9.9552, 321.75
9.9552, 321.75
9.9552, 321.75
9.9737, 321.97
9.9737, 321.97
9.9737, 321.97
9.9840, 321.64
9.9840, 321.64
9.9840, 321.64
9.9878, 321.64
9.9956, 321.27
9.9956, 321.27
9.9956, 321.27
