0.0000, 0.00
10.0000, 0.00
10.0000, 0.00
10.0182, 900.62
10.0182, 900.62
10.0366, 900.62
10.0366, 900.62
10.0507, 900.62
10.0548, 598.36
10.0548, 598.36
10.0731, 598.36
10.0731, 598.36
10.0803, 612.14
10.0913, 717.53
10.0913, 717.53
10.0953, 717.53
10.1097, 717.53
10.1097, 717.53
10.1250, 655.44
10.1279, 768.56
10.1279, 768.56
10.1400, 768.56
10.1463, 768.56
10.1463, 768.56
10.1645, 697.28
10.1645, 697.28
10.1645, 697.28
10.1697, 772.51
10.1697, 772.51
10.1829, 772.51
10.1829, 772.51
10.1993, 739.74
10.2010, 814.93
10.2010, 814.93
10.2194, 814.93
10.2194, 814.93
10.2244, 814.93
10.2376, 758.45
10.2376, 758.45
10.2376, 758.45
10.2540, 773.93
10.2560, 773.93
10.2560, 773.93
10.2673, 796.95
10.2742, 836.55
10.2742, 836.55
10.2742, 836.55
10.2926, 836.55
10.2926, 836.55
10.3038, 808.87
10.3108, 843.55
10.3108, 843.55
10.3108, 843.55
10.3291, 843.55
10.3291, 843.55
10.3404, 818.23
10.3473, 849.07
10.3473, 849.07
10.3473, 849.07
10.3657, 849.07
10.3657, 849.07
10.3770, 825.78
10.3839, 853.54
10.3839, 853.54
10.3839, 853.54
10.4023, 853.54
10.4023, 853.54
10.4135, 831.99
10.4205, 857.23
10.4205, 857.23
10.4205, 857.23
10.4389, 857.23
10.4389, 857.23
10.4501, 837.19
10.4570, 860.34
10.4570, 860.34
10.4652, 860.34
10.4754, 860.34
10.4754, 860.34
10.4936, 829.79
10.4936, 829.79
10.4936, 829.79
10.4948, 860.92
10.5120, 860.92
10.5120, 860.92
10.5233, 845.41
10.5302, 865.26
10.5302, 865.26
10.5433, 865.26
10.5486, 865.26
10.5486, 865.26
10.5668, 838.33
10.5668, 838.33
10.5668, 838.33
10.5730, 857.87
10.5851, 857.87
10.5851, 857.87
10.5964, 851.61
10.6033, 868.98
10.6033, 868.98
10.6114, 868.98
10.6217, 868.98
10.6217, 868.98
10.6399, 844.92
10.6399, 844.92
10.6411, 868.92
10.6411, 868.92
10.6583, 868.92
10.6583, 868.92
10.6708, 854.92
10.6765, 871.90
10.6765, 871.90
10.6858, 871.90
10.6949, 871.90
10.6949, 871.90
10.7130, 850.16
10.7130, 850.16
10.7154, 870.22
10.7205, 870.22
10.7314, 870.22
10.7314, 870.22
10.7496, 852.40
10.7496, 852.40
10.7501, 873.68
10.7602, 873.68
10.7680, 873.68
10.7680, 873.68
10.7862, 854.43
10.7862, 854.43
10.7898, 871.28
10.7998, 871.28
10.8046, 871.28
10.8046, 871.28
10.8228, 856.28
10.8228, 856.28
10.8295, 869.10
10.8395, 869.10
10.8411, 869.10
10.8411, 869.10
10.8593, 857.97
10.8593, 857.97
10.8692, 867.12
10.8742, 867.12
10.8777, 867.12
10.8777, 867.12
10.8959, 859.52
10.8959, 859.52
10.9038, 870.11
10.9143, 870.11
10.9143, 870.11
10.9189, 870.11
10.9325, 860.95
10.9325, 860.95
10.9485, 863.67
10.9509, 863.67
10.9509, 863.67
10.9535, 863.67
10.9690, 862.27
10.9690, 862.27
10.9832, 866.54
10.9874, 866.54
10.9874, 866.54
10.9932, 866.54
11.0056, 863.50
11.0056, 863.50
11.0229, 864.96
11.0240, 864.96
11.0240, 864.96
11.0329, 864.96
11.0422, 864.64
11.0422, 864.64
11.0606, 864.64
11.0606, 864.64
11.0625, 863.49
11.0676, 863.49
11.0788, 865.70
11.0788, 865.70
11.0971, 865.70
11.0971, 865.70
11.0972, 866.07
11.1123, 866.07
11.1153, 866.70
11.1153, 866.70
11.1337, 866.70
11.1337, 866.70
11.1419, 860.88
11.1469, 860.88
11.1519, 867.63
11.1519, 867.63
11.1703, 867.63
11.1703, 867.63
11.1766, 863.36
11.1866, 863.36
11.1885, 868.50
11.1885, 868.50
11.2069, 868.50
11.2069, 868.50
11.2163, 862.13
11.2250, 869.32
11.2250, 869.32
11.2263, 869.32
11.2434, 869.32
11.2434, 869.32
11.2559, 860.98
11.2610, 860.98
11.2616, 870.09
11.2616, 870.09
11.2800, 870.09
11.2800, 870.09
11.2906, 863.24
11.2982, 870.82
11.2982, 870.82
11.3007, 870.82
11.3166, 870.82
11.3166, 870.82
11.3303, 862.13
11.3348, 871.51
11.3348, 871.51
11.3453, 871.51
11.3531, 871.51
11.3531, 871.51
11.3713, 860.22
11.3713, 860.22
11.3750, 869.85
11.3800, 869.85
11.3897, 869.85
11.3897, 869.85
11.4079, 861.15
11.4079, 861.15
11.4079, 861.15
11.4097, 871.70
11.4197, 871.70
11.4263, 871.70
11.4263, 871.70
11.4445, 862.03
11.4445, 862.03
11.4493, 870.45
11.4629, 870.45
11.4629, 870.45
11.4810, 862.87
11.4810, 862.87
11.4844, 862.87
11.4994, 862.87
11.4994, 862.87
11.5140, 854.88
11.5176, 863.67
11.5176, 863.67
11.5241, 863.67
11.5360, 863.67
11.5360, 863.67
11.5537, 854.14
11.5542, 864.43
11.5542, 864.43
11.5588, 864.43
11.5726, 864.43
11.5726, 864.43
11.5884, 856.13
11.5908, 865.15
11.5908, 865.15
11.5934, 865.15
11.6031, 865.15
11.6091, 865.15
11.6091, 865.15
11.6231, 858.03
11.6273, 865.85
11.6273, 865.85
11.6273, 865.85
11.6327, 873.03
11.6457, 873.03
11.6457, 873.03
11.6570, 870.14
11.6639, 876.36
11.6639, 876.36
11.6681, 876.36
11.6823, 876.36
11.6823, 876.36
11.6977, 868.57
11.7005, 876.78
11.7005, 876.78
11.7005, 876.78
11.7189, 876.78
11.7189, 876.78
11.7301, 871.23
11.7370, 877.18
11.7370, 877.18
11.7427, 877.18
11.7554, 877.18
11.7554, 877.18
11.7723, 868.98
11.7736, 877.57
11.7736, 877.57
11.7736, 877.57
11.7920, 877.57
11.7920, 877.57
11.8033, 872.23
11.8102, 877.94
11.8102, 877.94
11.8173, 877.94
11.8286, 877.94
11.8286, 877.94
11.8468, 869.43
11.8468, 869.43
11.8469, 878.22
11.8470, 878.22
11.8651, 878.22
11.8651, 878.22
11.8766, 873.07
11.8833, 878.65
11.8833, 878.65
11.8869, 878.65
11.9017, 878.65
11.9017, 878.65
11.9165, 871.97
11.9199, 878.98
11.9199, 878.98
11.9216, 878.98
11.9383, 878.98
11.9383, 878.98
11.9512, 873.27
11.9565, 879.29
11.9565, 879.29
11.9615, 879.29
11.9749, 879.29
11.9749, 879.29
11.9912, 872.21
11.9930, 879.60
11.9930, 879.60
11.9962, 879.60
12.0114, 879.60
12.0114, 879.60
12.0258, 873.45
12.0296, 879.90
12.0296, 879.90
12.0311, 879.90
12.0480, 879.90
12.0480, 879.90
12.0608, 874.55
12.0662, 880.18
12.0662, 880.18
12.0708, 880.18
12.0846, 880.18
12.0846, 880.18
12.1005, 873.63
12.1028, 880.46
12.1028, 880.46
12.1055, 880.46
12.1211, 880.46
12.1211, 880.46
12.1351, 874.79
12.1393, 880.72
12.1393, 880.72
12.1502, 880.72
12.1577, 880.72
12.1577, 880.72
12.1759, 873.45
12.1759, 873.45
12.1798, 879.40
12.1848, 879.40
12.1943, 879.40
12.1943, 879.40
12.2125, 873.82
12.2125, 873.82
12.2145, 880.43
12.2295, 880.43
12.2309, 880.43
12.2309, 880.43
12.2490, 874.18
12.2490, 874.18
12.2592, 877.52
12.2642, 877.52
12.2674, 877.52
12.2674, 877.52
12.2856, 874.53
12.2856, 874.53
12.2938, 878.54
12.3039, 878.54
12.3040, 878.54
12.3040, 878.54
12.3222, 874.87
12.3222, 874.87
12.3335, 877.64
12.3406, 877.64
12.3406, 877.64
12.3436, 877.64
12.3588, 875.20
12.3588, 875.20
12.3732, 876.78
12.3771, 876.78
12.3771, 876.78
12.3832, 876.78
12.3953, 875.52
12.3953, 875.52
12.4129, 875.94
12.4137, 875.94
12.4137, 875.94
12.4229, 875.94
12.4319, 875.82
12.4319, 875.82
12.4503, 875.82
12.4503, 875.82
12.4526, 875.13
12.4576, 875.13
12.4685, 876.12
12.4685, 876.12
12.4869, 876.12
12.4869, 876.12
12.4872, 876.10
12.4973, 876.10
12.5050, 876.41
12.5050, 876.41
12.5234, 876.41
12.5234, 876.41
12.5269, 875.31
12.5370, 875.31
12.5416, 876.69
12.5416, 876.69
12.5600, 876.69
12.5600, 876.69
12.5666, 874.55
12.5716, 874.55
12.5782, 876.97
12.5782, 876.97
12.5966, 876.97
12.5966, 876.97
12.6013, 875.49
12.6113, 875.49
12.6148, 877.23
12.6148, 877.23
12.6331, 877.23
12.6331, 877.23
12.6409, 874.74
12.6510, 874.74
12.6513, 877.49
12.6513, 877.49
12.6697, 877.49
12.6697, 877.49
12.6806, 874.02
12.6879, 877.74
12.6879, 877.74
12.6907, 877.74
12.7063, 877.74
12.7063, 877.74
12.7203, 873.31
12.7245, 877.99
12.7245, 877.99
12.7253, 877.99
12.7429, 877.99
12.7429, 877.99
12.7550, 874.22
12.7610, 878.23
12.7610, 878.23
12.7700, 878.23
12.7794, 878.23
12.7794, 878.23
12.7976, 872.60
12.7976, 872.60
12.7997, 877.82
12.8097, 877.82
12.8160, 877.82
12.8160, 877.82
12.8342, 872.91
12.8342, 872.91
12.8342, 872.91
12.8393, 877.09
12.8444, 877.09
12.8526, 877.09
12.8526, 877.09
12.8708, 873.20
12.8708, 873.20
12.8740, 877.91
12.8891, 877.91
12.8891, 877.91
12.9073, 873.49
12.9073, 873.49
12.9141, 873.49
12.9257, 873.49
12.9257, 873.49
12.9437, 868.25
12.9439, 873.77
12.9439, 873.77
12.9488, 873.77
12.9623, 873.77
12.9623, 873.77
12.9784, 869.14
12.9805, 874.04
12.9805, 874.04
12.9885, 874.04
12.9989, 874.04
12.9989, 874.04
13.0081, 874.04
13.0170, 868.88
13.0170, 868.88
13.0177, 868.88
13.0181, 874.00
13.0354, 874.00
13.0354, 874.00
13.0377, 873.74
13.0474, 876.36
13.0536, 879.93
13.0536, 879.93
13.0536, 879.93
13.0720, 879.93
13.0720, 879.93
13.0833, 876.79
13.0902, 880.12
13.0902, 880.12
13.0902, 880.12
13.1086, 880.12
13.1086, 880.12
13.1198, 877.01
13.1268, 880.31
13.1268, 880.31
13.1268, 880.31
13.1451, 880.31
13.1451, 880.31
13.1564, 877.23
13.1633, 880.49
13.1633, 880.49
13.1633, 880.49
13.1817, 880.49
13.1817, 880.49
13.1930, 877.45
13.1999, 880.67
13.1999, 880.67
13.1999, 880.67
13.2183, 880.67
13.2183, 880.67
13.2295, 877.66
13.2365, 880.84
13.2365, 880.84
13.2420, 880.84
13.2549, 880.84
13.2549, 880.84
13.2716, 876.39
13.2730, 881.01
13.2730, 881.01
13.2730, 881.01
13.2914, 881.01
13.2914, 881.01
13.3027, 878.06
13.3096, 881.17
13.3096, 881.17
13.3177, 881.17
13.3280, 881.17
13.3280, 881.17
13.3462, 876.44
13.3462, 876.44
13.3462, 876.44
13.3474, 881.02
13.3646, 881.02
13.3646, 881.02
13.3758, 878.45
13.3828, 881.49
13.3828, 881.49
13.3909, 881.49
13.4011, 881.49
13.4011, 881.49
13.4193, 876.86
13.4193, 876.86
13.4193, 876.86
13.4205, 881.35
13.4377, 881.35
13.4377, 881.35
13.4490, 878.82
13.4559, 881.80
13.4559, 881.80
13.4640, 881.80
13.4743, 881.80
13.4743, 881.80
13.4925, 877.26
13.4925, 877.26
13.4937, 881.65
13.4937, 881.65
13.5109, 881.65
13.5109, 881.65
13.5233, 878.88
13.5290, 882.10
13.5290, 882.10
13.5384, 882.10
13.5474, 882.10
13.5474, 882.10
13.5656, 877.64
13.5656, 877.64
13.5680, 881.65
13.5730, 881.65
13.5840, 881.65
13.5840, 881.65
13.6022, 877.83
13.6022, 877.83
13.6027, 882.26
13.6127, 882.26
13.6206, 882.26
13.6206, 882.26
13.6388, 878.01
13.6388, 878.01
13.6424, 881.64
13.6571, 881.64
13.6571, 881.64
13.6574, 881.64
13.6753, 878.19
13.6753, 878.19
13.6871, 879.84
13.6921, 879.84
13.6937, 879.84
13.6937, 879.84
13.7119, 878.37
13.7119, 878.37
13.7217, 880.45
13.7303, 880.45
13.7303, 880.45
13.7318, 880.45
13.7485, 878.54
13.7485, 878.54
13.7614, 879.88
13.7669, 879.88
13.7669, 879.88
13.7714, 879.88
13.7850, 878.71
13.7850, 878.71
13.8011, 879.31
13.8034, 879.31
13.8034, 879.31
13.8061, 879.31
13.8216, 878.87
13.8216, 878.87
13.8358, 879.91
13.8400, 879.91
13.8400, 879.91
13.8508, 879.91
13.8582, 879.04
13.8582, 879.04
13.8766, 879.04
13.8766, 879.04
13.8804, 878.22
13.8855, 878.22
13.8948, 879.19
13.8948, 879.19
13.9131, 879.19
13.9131, 879.19
13.9151, 878.81
13.9202, 878.81
13.9313, 879.35
13.9313, 879.35
13.9497, 879.35
13.9497, 879.35
13.9498, 879.39
13.9648, 879.39
13.9679, 879.50
13.9679, 879.50
13.9863, 879.50
13.9863, 879.50
13.9945, 877.76
13.9995, 877.76
14.0045, 879.66
14.0045, 879.66
14.0229, 879.66
14.0229, 879.66
14.0292, 878.33
14.0392, 878.33
14.0410, 879.80
14.0410, 879.80
14.0594, 879.80
14.0594, 879.80
14.0688, 877.82
14.0776, 879.95
14.0776, 879.95
14.0789, 879.95
14.0960, 879.95
14.0960, 879.95
14.1085, 877.32
14.1135, 877.32
14.1142, 880.09
14.1142, 880.09
14.1326, 880.09
14.1326, 880.09
14.1432, 877.89
14.1508, 880.23
14.1508, 880.23
14.1532, 880.23
14.1691, 880.23
14.1691, 880.23
14.1829, 877.39
14.1873, 880.37
14.1873, 880.37
14.1979, 880.37
14.2057, 880.37
14.2057, 880.37
14.2239, 876.63
14.2239, 876.63
14.2276, 879.75
14.2326, 879.75
14.2423, 879.75
14.2423, 879.75
14.2605, 876.79
14.2605, 876.79
14.2605, 876.79
14.2622, 880.28
14.2723, 880.28
14.2789, 880.28
14.2789, 880.28
14.2970, 876.96
14.2970, 876.96
14.3019, 879.77
14.3154, 879.77
14.3154, 879.77
14.3336, 877.12
14.3336, 877.12
14.3370, 877.12
14.3520, 877.12
14.3520, 877.12
14.3666, 874.24
14.3702, 877.27
14.3702, 877.27
14.3767, 877.27
14.3886, 877.27
14.3886, 877.27
14.4063, 873.80
14.4068, 877.43
14.4068, 877.43
14.4113, 877.43
14.4251, 877.43
14.4251, 877.43
14.4310, 877.43
14.4410, 874.36
14.4433, 877.58
14.4433, 877.58
14.4433, 877.58
14.4606, 877.85
14.4617, 877.85
14.4617, 877.85
14.4730, 879.09
14.4799, 881.39
14.4799, 881.39
14.4799, 881.39
14.4983, 881.39
14.4983, 881.39
14.5095, 879.23
14.5165, 881.51
14.5165, 881.51
14.5165, 881.51
14.5349, 881.51
14.5349, 881.51
14.5461, 879.37
14.5530, 881.62
14.5530, 881.62
14.5530, 881.62
14.5714, 881.62
14.5714, 881.62
14.5827, 879.50
14.5896, 881.74
14.5896, 881.74
14.5896, 881.74
14.6080, 881.74
14.6080, 881.74
14.6193, 879.63
14.6262, 881.85
14.6262, 881.85
14.6262, 881.85
14.6446, 881.85
14.6446, 881.85
14.6558, 879.76
14.6628, 881.96
14.6628, 881.96
14.6709, 881.96
14.6811, 881.96
14.6811, 881.96
14.6993, 878.59
14.6993, 878.59
14.6993, 878.59
14.7005, 881.85
14.7177, 881.85
14.7177, 881.85
14.7290, 880.01
14.7359, 882.18
14.7359, 882.18
14.7490, 882.18
14.7543, 882.18
14.7543, 882.18
14.7725, 878.85
14.7725, 878.85
14.7725, 878.85
14.7787, 881.14
14.7909, 881.14
14.7909, 881.14
14.8021, 880.25
14.8090, 882.39
14.8090, 882.39
14.8172, 882.39
14.8274, 882.39
14.8274, 882.39
14.8456, 879.11
14.8456, 879.11
14.8456, 879.11
14.8468, 882.28
14.8640, 882.28
14.8640, 882.28
14.8753, 880.49
14.8822, 882.59
14.8822, 882.59
14.8903, 882.59
14.9006, 882.59
14.9006, 882.59
14.9188, 879.36
14.9188, 879.36
14.9199, 882.48
14.9200, 882.48
14.9371, 882.48
14.9371, 882.48
14.9496, 880.50
14.9553, 882.79
14.9553, 882.79
14.9647, 882.79
14.9737, 882.79
14.9737, 882.79
14.9919, 879.61
14.9919, 879.61
14.9943, 882.47
14.9993, 882.47
15.0103, 882.47
15.0103, 882.47
15.0285, 879.73
15.0285, 879.73
15.0290, 882.90
15.0390, 882.90
15.0469, 882.90
15.0469, 882.90
15.0650, 879.84
15.0650, 879.84
15.0687, 882.45
15.0834, 882.45
15.0834, 882.45
15.0837, 882.45
15.1016, 879.96
15.1016, 879.96
15.1133, 881.15
15.1184, 881.15
15.1200, 881.15
15.1200, 881.15
15.1382, 880.07
15.1382, 880.07
15.1480, 881.58
15.1566, 881.58
15.1566, 881.58
15.1581, 881.58
15.1748, 880.19
15.1748, 880.19
15.1877, 881.15
15.1931, 881.15
15.1931, 881.15
15.1977, 881.15
15.2113, 880.30
15.2113, 880.30
15.2274, 880.73
15.2297, 880.73
15.2297, 880.73
15.2324, 880.73
15.2479, 880.41
15.2479, 880.41
15.2620, 881.15
15.2663, 881.15
15.2663, 881.15
15.2771, 881.15
15.2845, 880.51
15.2845, 880.51
15.3029, 880.51
15.3029, 880.51
15.3067, 879.91
15.3118, 879.91
15.3210, 880.62
15.3210, 880.62
15.3394, 880.62
15.3394, 880.62
15.3414, 880.33
15.3464, 880.33
15.3576, 880.73
15.3576, 880.73
15.3760, 880.73
15.3760, 880.73
15.3761, 880.75
15.3911, 880.75
15.3942, 880.83
15.3942, 880.83
15.4126, 880.83
15.4126, 880.83
15.4208, 879.53
15.4258, 879.53
15.4308, 880.93
15.4308, 880.93
15.4491, 880.93
15.4491, 880.93
15.4554, 879.95
15.4655, 879.95
15.4673, 881.03
15.4673, 881.03
15.4857, 881.03
15.4857, 881.03
15.4951, 879.56
15.5039, 881.13
15.5039, 881.13
15.5052, 881.13
15.5223, 881.13
15.5223, 881.13
15.5348, 879.17
15.5398, 879.17
15.5405, 881.23
15.5405, 881.23
15.5589, 881.23
15.5589, 881.23
15.5695, 879.58
15.5770, 881.33
15.5770, 881.33
15.5795, 881.33
15.5954, 881.33
15.5954, 881.33
15.6091, 879.20
15.6136, 881.42
15.6136, 881.42
15.6242, 881.42
15.6320, 881.42
15.6320, 881.42
15.6502, 878.62
15.6502, 878.62
15.6538, 880.95
15.6589, 880.95
15.6686, 880.95
15.6686, 880.95
15.6868, 878.73
15.6868, 878.73
15.6868, 878.73
15.6885, 881.34
15.6986, 881.34
15.7051, 881.34
15.7051, 881.34
15.7233, 878.84
15.7233, 878.84
15.7282, 880.95
15.7417, 880.95
15.7417, 880.95
15.7599, 878.95
15.7599, 878.95
15.7633, 878.95
15.7783, 878.95
15.7783, 878.95
15.7929, 876.77
15.7965, 879.06
15.7965, 879.06
15.8029, 879.06
15.8149, 879.06
15.8149, 879.06
15.8326, 876.42
15.8330, 879.16
15.8330, 879.16
15.8376, 879.16
15.8514, 879.16
15.8514, 879.16
15.8573, 879.16
15.8673, 876.83
15.8696, 879.27
15.8696, 879.27
15.8696, 879.27
15.8869, 879.47
15.8880, 879.47
15.8880, 879.47
15.8993, 880.40
15.9062, 882.14
15.9062, 882.14
15.9062, 882.14
15.9246, 882.14
15.9246, 882.14
15.9358, 880.50
15.9428, 882.23
15.9428, 882.23
15.9428, 882.23
15.9611, 882.23
15.9611, 882.23
15.9724, 880.59
15.9793, 882.31
15.9793, 882.31
15.9793, 882.31
15.9977, 882.31
15.9977, 882.31
16.0090, 880.69
16.0159, 882.40
16.0159, 882.40
16.0159, 882.40
16.0343, 882.40
16.0343, 882.40
16.0455, 880.78
16.0525, 882.48
16.0525, 882.48
16.0525, 882.48
16.0709, 882.48
16.0709, 882.48
16.0821, 880.87
16.0890, 882.56
16.0890, 882.56
16.0972, 882.56
16.1074, 882.56
16.1074, 882.56
16.1256, 879.97
16.1256, 879.97
16.1256, 879.97
16.1268, 882.47
16.1440, 882.47
16.1440, 882.47
16.1553, 881.05
16.1622, 882.72
16.1622, 882.72
16.1753, 882.72
16.1806, 882.72
16.1806, 882.72
16.1988, 880.15
16.1988, 880.15
16.1988, 880.15
16.2050, 881.92
16.2171, 881.92
16.2171, 881.92
16.2284, 881.23
16.2353, 882.88
16.2353, 882.88
16.2434, 882.88
16.2537, 882.88
16.2537, 882.88
16.2719, 880.34
16.2719, 880.34
16.2719, 880.34
16.2731, 882.79
16.2903, 882.79
16.2903, 882.79
16.3015, 881.40
16.3085, 883.03
16.3085, 883.03
16.3166, 883.03
16.3269, 883.03
16.3269, 883.03
16.3450, 880.52
16.3450, 880.52
16.3462, 882.94
16.3463, 882.94
16.3634, 882.94
16.3634, 882.94
16.3759, 881.40
16.3816, 883.18
16.3816, 883.18
16.3909, 883.18
16.4000, 883.18
16.4000, 883.18
16.4182, 880.70
16.4182, 880.70
16.4206, 882.92
16.4256, 882.92
16.4366, 882.92
16.4366, 882.92
16.4548, 880.78
16.4548, 880.78
16.4553, 883.25
16.4653, 883.25
16.4731, 883.25
16.4731, 883.25
16.4913, 880.87
16.4913, 880.87
16.4949, 882.90
16.5097, 882.90
16.5097, 882.90
16.5100, 882.90
16.5279, 880.95
16.5279, 880.95
16.5396, 881.88
16.5447, 881.88
16.5463, 881.88
16.5463, 881.88
16.5645, 881.04
16.5645, 881.04
16.5743, 882.21
16.5829, 882.21
16.5829, 882.21
16.5843, 882.21
16.6010, 881.12
16.6010, 881.12
16.6140, 881.88
16.6194, 881.88
16.6194, 881.88
16.6240, 881.88
16.6376, 881.20
16.6376, 881.20
16.6537, 881.54
16.6560, 881.54
16.6560, 881.54
16.6587, 881.54
16.6742, 881.28
16.6742, 881.28
16.6883, 881.87
16.6926, 881.87
16.6926, 881.87
16.7034, 881.87
16.7108, 881.36
16.7108, 881.36
16.7291, 881.36
16.7291, 881.36
16.7330, 880.88
16.7381, 880.88
16.7473, 881.44
16.7473, 881.44
16.7657, 881.44
16.7657, 881.44
16.7677, 881.21
16.7727, 881.21
16.7839, 881.52
16.7839, 881.52
16.8023, 881.52
16.8023, 881.52
16.8024, 881.54
16.8174, 881.54
16.8205, 881.60
16.8205, 881.60
16.8389, 881.60
16.8389, 881.60
16.8470, 880.57
16.8521, 880.57
16.8570, 881.68
16.8570, 881.68
16.8754, 881.68
16.8754, 881.68
16.8817, 880.90
16.8918, 880.90
16.8936, 881.75
16.8936, 881.75
16.9120, 881.75
16.9120, 881.75
16.9214, 880.58
16.9302, 881.83
16.9302, 881.83
16.9314, 881.83
16.9486, 881.83
16.9486, 881.83
16.9611, 880.27
16.9661, 880.27
16.9668, 881.90
16.9668, 881.90
16.9851, 881.90
16.9851, 881.90
16.9958, 880.59
17.0033, 881.98
17.0033, 881.98
17.0058, 881.98
17.0217, 881.98
17.0217, 881.98
17.0354, 880.28
17.0399, 882.05
17.0399, 882.05
17.0505, 882.05
17.0583, 882.05
17.0583, 882.05
17.0765, 879.80
17.0765, 879.80
17.0801, 881.67
17.0852, 881.67
17.0949, 881.67
17.0949, 881.67
17.1130, 879.89
17.1130, 879.89
17.1130, 879.89
17.1148, 881.97
17.1248, 881.97
17.1314, 881.97
17.1314, 881.97
17.1496, 879.97
17.1496, 879.97
17.1545, 881.66
17.1680, 881.66
17.1680, 881.66
17.1862, 880.05
17.1862, 880.05
17.1896, 880.05
17.2046, 880.05
17.2046, 880.05
17.2192, 878.30
17.2228, 880.13
17.2228, 880.13
17.2292, 880.13
17.2411, 880.13
17.2411, 880.13
17.2589, 878.01
17.2593, 880.21
17.2593, 880.21
17.2639, 880.21
17.2777, 880.21
17.2777, 880.21
17.2836, 880.21
17.2935, 878.33
17.2959, 880.29
17.2959, 880.29
17.2959, 880.29
17.3132, 880.45
17.3143, 880.45
17.3143, 880.45
17.3255, 881.20
17.3325, 882.60
17.3325, 882.60
17.3325, 882.60
17.3509, 882.60
17.3509, 882.60
17.3621, 881.28
17.3690, 882.67
17.3690, 882.67
17.3690, 882.67
17.3874, 882.67
17.3874, 882.67
17.3987, 881.35
17.4056, 882.74
17.4056, 882.74
17.4056, 882.74
17.4240, 882.74
17.4240, 882.74
17.4353, 881.42
17.4422, 882.80
17.4422, 882.80
17.4422, 882.80
17.4606, 882.80
17.4606, 882.80
17.4718, 881.49
17.4788, 882.87
17.4788, 882.87
17.4788, 882.87
17.4971, 882.87
17.4971, 882.87
17.5084, 881.56
17.5153, 882.93
17.5153, 882.93
17.5235, 882.93
17.5337, 882.93
17.5337, 882.93
17.5519, 880.82
17.5519, 880.82
17.5519, 880.82
17.5531, 882.86
17.5703, 882.86
17.5703, 882.86
17.5815, 881.70
17.5885, 883.06
17.5885, 883.06
17.6016, 883.06
17.6069, 883.06
17.6069, 883.06
17.6250, 880.97
17.6250, 880.97
17.6250, 880.97
17.6312, 882.40
17.6434, 882.40
17.6434, 882.40
17.6547, 881.84
17.6616, 883.18
17.6616, 883.18
17.6697, 883.18
17.6800, 883.18
17.6800, 883.18
17.6982, 881.11
17.6982, 881.11
17.6982, 881.11
17.6994, 883.11
17.7166, 883.11
17.7166, 883.11
17.7278, 881.97
17.7348, 883.30
17.7348, 883.30
17.7429, 883.30
17.7531, 883.30
17.7531, 883.30
17.7713, 881.25
17.7713, 881.25
17.7725, 883.23
17.7725, 883.23
17.7897, 883.23
17.7897, 883.23
17.8022, 881.97
17.8079, 883.42
17.8079, 883.42
17.8172, 883.42
17.8263, 883.42
17.8263, 883.42
17.8445, 881.39
17.8445, 881.39
17.8469, 883.21
17.8519, 883.21
17.8629, 883.21
17.8629, 883.21
17.8810, 881.46
17.8810, 881.46
17.8815, 883.48
17.8916, 883.48
17.8994, 883.48
17.8994, 883.48
17.9176, 881.53
17.9176, 881.53
17.9212, 883.19
17.9360, 883.19
17.9360, 883.19
17.9363, 883.19
17.9542, 881.59
17.9542, 881.59
17.9659, 882.35
17.9709, 882.35
17.9726, 882.35
17.9726, 882.35
17.9908, 881.66
17.9908, 881.66
18.0006, 882.62
18.0091, 882.62
18.0091, 882.62
18.0106, 882.62
18.0273, 881.72
18.0273, 881.72
18.0403, 882.34
18.0457, 882.34
18.0457, 882.34
18.0503, 882.34
18.0639, 881.79
18.0639, 881.79
18.0799, 882.07
18.0823, 882.07
18.0823, 882.07
18.0850, 882.07
18.1005, 881.85
18.1005, 881.85
18.1146, 882.33
18.1189, 882.33
18.1189, 882.33
18.1297, 882.33
18.1370, 881.92
18.1370, 881.92
18.1554, 881.92
18.1554, 881.92
18.1593, 881.52
18.1643, 881.52
18.1736, 881.98
18.1736, 881.98
18.1920, 881.98
18.1920, 881.98
18.1940, 881.79
18.1990, 881.79
18.2102, 882.04
18.2102, 882.04
18.2286, 882.04
18.2286, 882.04
18.2286, 882.05
18.2437, 882.05
18.2468, 882.10
18.2468, 882.10
18.2651, 882.10
18.2651, 882.10
18.2733, 881.25
18.2784, 881.25
18.2833, 882.16
18.2833, 882.16
18.3017, 882.16
18.3017, 882.16
18.3080, 881.52
18.3181, 881.52
18.3199, 882.23
18.3199, 882.23
18.3383, 882.23
18.3383, 882.23
18.3477, 881.25
18.3565, 882.29
18.3565, 882.29
18.3577, 882.29
18.3749, 882.29
18.3749, 882.29
18.3874, 880.99
18.3924, 880.99
18.3930, 882.35
18.3930, 882.35
18.4114, 882.35
18.4114, 882.35
18.4220, 881.25
18.4296, 882.40
18.4296, 882.40
18.4321, 882.40
18.4480, 882.40
18.4480, 882.40
18.4617, 880.99
18.4662, 882.46
18.4662, 882.46
18.4768, 882.46
18.4846, 882.46
18.4846, 882.46
18.5028, 880.59
18.5028, 880.59
18.5064, 882.14
18.5114, 882.14
18.5211, 882.14
18.5211, 882.14
18.5393, 880.66
18.5393, 880.66
18.5393, 880.66
18.5411, 882.40
18.5511, 882.40
18.5577, 882.40
18.5577, 882.40
18.5759, 880.73
18.5759, 880.73
18.5808, 882.14
18.5943, 882.14
18.5943, 882.14
18.6125, 880.79
18.6125, 880.79
18.6158, 880.79
18.6309, 880.79
18.6309, 880.79
18.6455, 879.32
18.6490, 880.86
18.6490, 880.86
18.6555, 880.86
18.6674, 880.86
18.6674, 880.86
18.6852, 879.08
18.6856, 880.92
18.6856, 880.92
18.6902, 880.92
18.7040, 880.92
18.7040, 880.92
18.7098, 880.92
18.7198, 879.34
18.7222, 880.98
18.7222, 880.98
18.7222, 880.98
18.7395, 881.11
18.7406, 881.11
18.7406, 881.11
18.7518, 881.74
18.7588, 882.92
18.7588, 882.92
18.7588, 882.92
18.7771, 882.92
18.7771, 882.92
18.7884, 881.80
18.7953, 882.97
18.7953, 882.97
18.7953, 882.97
18.8137, 882.97
18.8137, 882.97
18.8250, 881.86
18.8319, 883.02
18.8319, 883.02
18.8319, 883.02
18.8503, 883.02
18.8503, 883.02
18.8615, 881.92
18.8685, 883.08
18.8685, 883.08
18.8685, 883.08
18.8869, 883.08
18.8869, 883.08
18.8981, 881.98
18.9050, 883.13
18.9050, 883.13
18.9050, 883.13
18.9234, 883.13
18.9234, 883.13
18.9347, 882.03
18.9416, 883.18
18.9416, 883.18
18.9497, 883.18
18.9600, 883.18
18.9600, 883.18
18.9782, 881.41
18.9782, 881.41
18.9782, 881.41
18.9794, 883.12
18.9966, 883.12
18.9966, 883.12
19.0078, 882.15
19.0148, 883.29
19.0148, 883.29
19.0279, 883.29
19.0331, 883.29
19.0331, 883.29
19.0513, 881.53
19.0513, 881.53
19.0513, 881.53
19.0575, 882.73
19.0697, 882.73
19.0697, 882.73
19.0810, 882.26
19.0879, 883.39
19.0879, 883.39
19.0960, 883.39
19.1063, 883.39
19.1063, 883.39
19.1245, 881.64
19.1245, 881.64
19.1245, 881.64
19.1257, 883.33
19.1429, 883.33
19.1429, 883.33
19.1541, 882.37
19.1610, 883.49
19.1610, 883.49
19.1692, 883.49
19.1794, 883.49
19.1794, 883.49
19.1976, 881.76
19.1976, 881.76
19.1988, 883.43
19.1988, 883.43
19.2160, 883.43
19.2160, 883.43
19.2285, 882.36
19.2342, 883.59
19.2342, 883.59
19.2435, 883.59
19.2526, 883.59
19.2526, 883.59
19.2708, 881.87
19.2708, 881.87
19.2732, 883.41
19.2782, 883.41
19.2891, 883.41
19.2891, 883.41
19.3073, 881.93
19.3073, 881.93
19.3078, 883.64
19.3179, 883.64
19.3257, 883.64
19.3257, 883.64
19.3439, 881.98
19.3439, 881.98
19.3475, 883.39
19.3623, 883.39
19.3623, 883.39
19.3626, 883.39
19.3805, 882.04
19.3805, 882.04
19.3922, 882.68
19.3972, 882.68
19.3989, 882.68
19.3989, 882.68
19.4170, 882.09
19.4170, 882.09
19.4269, 882.91
19.4354, 882.91
19.4354, 882.91
19.4369, 882.91
19.4536, 882.14
19.4536, 882.14
19.4665, 882.67
19.4720, 882.67
19.4720, 882.67
19.4766, 882.67
19.4902, 882.20
19.4902, 882.20
19.5062, 882.43
19.5086, 882.43
19.5086, 882.43
19.5113, 882.43
19.5268, 882.25
19.5268, 882.25
19.5409, 882.66
19.5451, 882.66
19.5451, 882.66
19.5560, 882.66
19.5633, 882.30
19.5633, 882.30
19.5817, 882.30
19.5817, 882.30
19.5856, 881.96
19.5906, 881.96
19.5999, 882.36
19.5999, 882.36
19.6183, 882.36
19.6183, 882.36
19.6203, 882.19
19.6253, 882.19
19.6365, 882.41
19.6365, 882.41
19.6549, 882.41
19.6549, 882.41
19.6549, 882.42
19.6700, 882.42
19.6730, 882.46
19.6730, 882.46
19.6914, 882.46
19.6914, 882.46
19.6996, 881.73
19.7047, 881.73
19.7096, 882.51
19.7096, 882.51
19.7280, 882.51
19.7280, 882.51
19.7343, 881.96
19.7443, 881.96
19.7462, 882.56
19.7462, 882.56
19.7646, 882.56
19.7646, 882.56
19.7740, 881.73
19.7828, 882.61
19.7828, 882.61
19.7840, 882.61
19.8011, 882.61
19.8011, 882.61
19.8137, 881.50
19.8187, 881.50
19.8193, 882.66
19.8193, 882.66
19.8377, 882.66
19.8377, 882.66
19.8483, 881.73
19.8559, 882.71
19.8559, 882.71
19.8584, 882.71
19.8743, 882.71
19.8743, 882.71
19.8880, 881.50
19.8925, 882.76
19.8925, 882.76
19.9031, 882.76
19.9109, 882.76
19.9109, 882.76
19.9290, 881.16
19.9290, 881.16
19.9327, 882.48
19.9377, 882.48
19.9474, 882.48
19.9474, 882.48
19.9656, 881.21
19.9656, 881.21
19.9656, 881.21
19.9674, 882.70
19.9774, 882.70
19.9840, 882.70
19.9840, 882.70
20.0022, 881.27
20.0022, 881.27
20.0070, 882.48
20.0206, 882.48
20.0206, 882.48
20.0388, 881.32
20.0388, 881.32
20.0421, 881.32
20.0571, 881.32
20.0571, 881.32
20.0718, 880.06
20.0753, 881.37
20.0753, 881.37
20.0818, 881.37
20.0937, 881.37
20.0937, 881.37
20.1114, 879.85
20.1119, 881.43
20.1119, 881.43
20.1165, 881.43
20.1303, 881.43
20.1303, 881.43
20.1361, 881.43
20.1461, 880.07
20.1485, 881.48
20.1485, 881.48
20.1485, 881.48
20.1658, 881.59
20.1669, 881.59
20.1669, 881.59
20.1781, 882.13
20.1850, 883.14
20.1850, 883.14
20.1850, 883.14
20.2034, 883.14
20.2034, 883.14
20.2147, 882.18
20.2216, 883.19
20.2216, 883.19
20.2216, 883.19
20.2400, 883.19
20.2400, 883.19
20.2513, 882.23
20.2582, 883.23
20.2582, 883.23
20.2582, 883.23
20.2766, 883.23
20.2766, 883.23
20.2878, 882.28
20.2948, 883.28
20.2948, 883.28
20.2948, 883.28
20.3131, 883.28
20.3131, 883.28
20.3244, 882.33
20.3313, 883.32
20.3313, 883.32
20.3313, 883.32
20.3497, 883.32
20.3497, 883.32
20.3610, 882.38
20.3679, 883.37
20.3679, 883.37
20.3760, 883.37
20.3863, 883.37
20.3863, 883.37
20.4045, 881.84
20.4045, 881.84
20.4045, 881.84
20.4057, 883.31
20.4229, 883.31
20.4229, 883.31
20.4341, 882.47
20.4410, 883.45
20.4410, 883.45
20.4542, 883.45
20.4594, 883.45
20.4594, 883.45
20.4776, 881.93
20.4776, 881.93
20.4776, 881.93
20.4838, 882.98
20.4960, 882.98
20.4960, 882.98
20.5073, 882.57
20.5142, 883.54
20.5142, 883.54
20.5223, 883.54
20.5326, 883.54
20.5326, 883.54
20.5508, 882.03
20.5508, 882.03
20.5508, 882.03
20.5519, 883.49
20.5691, 883.49
20.5691, 883.49
20.5804, 882.66
20.5873, 883.63
20.5873, 883.63
20.5954, 883.63
20.6057, 883.63
20.6057, 883.63
20.6239, 882.13
20.6239, 882.13
20.6251, 883.57
20.6251, 883.57
20.6423, 883.57
20.6423, 883.57
20.6548, 882.65
20.6605, 883.71
20.6605, 883.71
20.6698, 883.71
20.6789, 883.71
20.6789, 883.71
20.6970, 882.22
20.6970, 882.22
20.6994, 883.56
20.7045, 883.56
20.7154, 883.56
20.7154, 883.56
20.7336, 882.27
20.7336, 882.27
20.7341, 883.76
20.7442, 883.76
20.7520, 883.76
20.7520, 883.76
20.7702, 882.32
20.7702, 882.32
20.7738, 883.54
20.7886, 883.54
20.7886, 883.54
20.7888, 883.54
20.8068, 882.36
20.8068, 882.36
20.8185, 882.92
20.8235, 882.92
20.8251, 882.92
20.8251, 882.92
20.8433, 882.41
20.8433, 882.41
20.8532, 883.12
20.8617, 883.12
20.8617, 883.12
20.8632, 883.12
20.8799, 882.45
20.8799, 882.45
20.8928, 882.91
20.8983, 882.91
20.8983, 882.91
20.9029, 882.91
20.9165, 882.50
20.9165, 882.50
20.9325, 882.70
20.9349, 882.70
20.9349, 882.70
20.9375, 882.70
20.9530, 882.55
20.9530, 882.55
20.9672, 882.90
20.9714, 882.90
20.9714, 882.90
20.9822, 882.90
20.9896, 882.59
20.9896, 882.59
21.0080, 882.59
21.0080, 882.59
21.0119, 882.29
21.0169, 882.29
21.0262, 882.63
21.0262, 882.63
21.0446, 882.63
21.0446, 882.63
21.0465, 882.49
21.0516, 882.49
21.0628, 882.68
21.0628, 882.68
21.0811, 882.68
21.0811, 882.68
21.0812, 882.69
21.0963, 882.69
21.0993, 882.72
21.0993, 882.72
21.1177, 882.72
21.1177, 882.72
21.1259, 882.09
21.1309, 882.09
21.1359, 882.77
21.1359, 882.77
21.1543, 882.77
21.1543, 882.77
21.1606, 882.28
21.1706, 882.28
21.1725, 882.81
21.1725, 882.81
21.1909, 882.81
21.1909, 882.81
21.2003, 882.08
21.2090, 882.85
21.2090, 882.85
21.2103, 882.85
21.2274, 882.85
21.2274, 882.85
21.2399, 881.88
21.2450, 881.88
21.2456, 882.90
21.2456, 882.90
21.2640, 882.90
21.2640, 882.90
21.2746, 882.08
21.2822, 882.94
21.2822, 882.94
21.2847, 882.94
21.3006, 882.94
21.3006, 882.94
21.3143, 881.88
21.3188, 882.98
21.3188, 882.98
21.3293, 882.98
21.3371, 882.98
21.3371, 882.98
21.3553, 881.58
21.3553, 881.58
21.3590, 882.74
21.3640, 882.74
21.3737, 882.74
21.3737, 882.74
21.3919, 881.63
21.3919, 881.63
21.3919, 881.63
21.3937, 882.93
21.4037, 882.93
21.4103, 882.93
21.4103, 882.93
21.4285, 881.67
21.4285, 881.67
21.4333, 882.73
21.4469, 882.73
21.4469, 882.73
21.4650, 881.72
21.4650, 881.72
21.4684, 881.72
21.4834, 881.72
21.4834, 881.72
21.4980, 880.61
21.5016, 881.76
21.5016, 881.76
21.5081, 881.76
21.5200, 881.76
21.5200, 881.76
21.5377, 880.42
21.5382, 881.81
21.5382, 881.81
21.5428, 881.81
21.5566, 881.81
21.5566, 881.81
21.5624, 881.81
21.5724, 880.62
21.5748, 881.85
21.5748, 881.85
21.5748, 881.85
21.5921, 881.95
21.5931, 881.95
21.5931, 881.95
21.6044, 882.42
21.6113, 883.31
21.6113, 883.31
21.6113, 883.31
21.6297, 883.31
21.6297, 883.31
21.6410, 882.47
21.6479, 883.35
21.6479, 883.35
21.6479, 883.35
21.6663, 883.35
21.6663, 883.35
21.6775, 882.51
21.6845, 883.39
21.6845, 883.39
21.6845, 883.39
21.7029, 883.39
21.7029, 883.39
21.7141, 882.55
21.7210, 883.43
21.7210, 883.43
21.7210, 883.43
21.7394, 883.43
21.7394, 883.43
21.7507, 882.59
21.7576, 883.47
21.7576, 883.47
21.7576, 883.47
21.7760, 883.47
21.7760, 883.47
21.7873, 882.63
21.7942, 883.50
21.7942, 883.50
21.8023, 883.50
21.8126, 883.50
21.8126, 883.50
21.8308, 882.16
21.8308, 882.16
21.8308, 882.16
21.8319, 883.46
21.8491, 883.46
21.8491, 883.46
21.8604, 882.72
21.8673, 883.58
21.8673, 883.58
21.8805, 883.58
21.8857, 883.58
21.8857, 883.58
21.9039, 882.24
21.9039, 882.24
21.9039, 882.24
21.9101, 883.16
21.9223, 883.16
21.9223, 883.16
21.9335, 882.80
21.9405, 883.66
21.9405, 883.66
21.9486, 883.66
21.9589, 883.66
21.9589, 883.66
21.9770, 882.33
21.9770, 882.33
21.9770, 882.33
21.9782, 883.61
21.9954, 883.61
21.9954, 883.61
22.0067, 882.88
22.0136, 883.73
22.0136, 883.73
22.0217, 883.73
22.0320, 883.73
22.0320, 883.73
22.0502, 882.41
22.0502, 882.41
22.0514, 883.68
22.0514, 883.68
22.0686, 883.68
22.0686, 883.68
22.0810, 882.87
22.0868, 883.81
22.0868, 883.81
22.0961, 883.81
22.1051, 883.81
22.1051, 883.81
22.1233, 882.49
22.1233, 882.49
22.1257, 883.67
22.1308, 883.67
22.1417, 883.67
22.1417, 883.67
22.1599, 882.53
22.1599, 882.53
22.1604, 883.84
22.1704, 883.84
22.1783, 883.84
22.1783, 883.84
22.1965, 882.57
22.1965, 882.57
22.2001, 883.66
22.2149, 883.66
22.2149, 883.66
22.2151, 883.66
22.2330, 882.61
22.2330, 882.61
22.2448, 883.11
22.2498, 883.11
22.2514, 883.11
22.2514, 883.11
22.2696, 882.65
22.2696, 882.65
22.2794, 883.28
22.2880, 883.28
22.2880, 883.28
22.2895, 883.28
22.3062, 882.69
22.3062, 882.69
22.3191, 883.10
22.3246, 883.10
22.3246, 883.10
22.3292, 883.10
22.3428, 882.73
22.3428, 882.73
22.3588, 882.91
22.3611, 882.91
22.3611, 882.91
22.3638, 882.91
22.3793, 882.77
22.3793, 882.77
22.3935, 883.09
22.3977, 883.09
22.3977, 883.09
22.4085, 883.09
22.4159, 882.81
22.4159, 882.81
22.4343, 882.81
22.4343, 882.81
22.4382, 882.55
22.4432, 882.55
22.4525, 882.85
22.4525, 882.85
22.4709, 882.85
22.4709, 882.85
22.4728, 882.72
22.4779, 882.72
22.4890, 882.89
22.4890, 882.89
22.5074, 882.89
22.5074, 882.89
22.5075, 882.90
22.5226, 882.90
22.5256, 882.93
22.5256, 882.93
22.5440, 882.93
22.5440, 882.93
22.5522, 882.36
22.5572, 882.36
22.5622, 882.96
22.5622, 882.96
22.5806, 882.96
22.5806, 882.96
22.5869, 882.54
22.5969, 882.54
22.5988, 883.00
22.5988, 883.00
22.6171, 883.00
22.6171, 883.00
22.6265, 882.36
22.6353, 883.04
22.6353, 883.04
22.6366, 883.04
22.6537, 883.04
22.6537, 883.04
22.6662, 882.18
22.6713, 882.18
22.6719, 883.08
22.6719, 883.08
22.6903, 883.08
22.6903, 883.08
22.7009, 882.35
22.7085, 883.11
22.7085, 883.11
22.7109, 883.11
22.7269, 883.11
22.7269, 883.11
22.7406, 882.18
22.7450, 883.15
22.7450, 883.15
22.7556, 883.15
22.7634, 883.15
22.7634, 883.15
22.7816, 881.91
22.7816, 881.91
22.7853, 882.94
22.7903, 882.94
22.8000, 882.94
22.8000, 882.94
22.8182, 881.95
22.8182, 881.95
22.8182, 881.95
22.8199, 883.10
22.8300, 883.10
22.8366, 883.10
22.8366, 883.10
22.8548, 881.99
22.8548, 881.99
22.8596, 882.93
22.8731, 882.93
22.8731, 882.93
22.8913, 882.03
22.8913, 882.03
22.8947, 882.03
22.9097, 882.03
22.9097, 882.03
22.9243, 881.04
22.9279, 882.07
22.9279, 882.07
22.9344, 882.07
22.9463, 882.07
22.9463, 882.07
22.9640, 880.87
22.9645, 882.11
22.9645, 882.11
22.9690, 882.11
22.9829, 882.11
22.9829, 882.11
22.9887, 882.11
22.9987, 881.04
23.0010, 882.14
23.0010, 882.14
23.0010, 882.14
23.0183, 882.23
23.0194, 882.23
23.0194, 882.23
23.0307, 882.65
23.0376, 883.44
23.0376, 883.44
23.0376, 883.44
23.0560, 883.44
23.0560, 883.44
23.0673, 882.69
23.0742, 883.47
23.0742, 883.47
23.0742, 883.47
23.0926, 883.47
23.0926, 883.47
23.1038, 882.73
23.1108, 883.51
23.1108, 883.51
23.1108, 883.51
23.1291, 883.51
23.1291, 883.51
23.1404, 882.76
23.1473, 883.54
23.1473, 883.54
23.1473, 883.54
23.1657, 883.54
23.1657, 883.54
23.1770, 882.80
23.1839, 883.58
23.1839, 883.58
23.1839, 883.58
23.2023, 883.58
23.2023, 883.58
23.2135, 882.84
23.2205, 883.61
23.2205, 883.61
23.2286, 883.61
23.2389, 883.61
23.2389, 883.61
23.2570, 882.41
23.2570, 882.41
23.2570, 882.41
23.2582, 883.57
23.2754, 883.57
23.2754, 883.57
23.2867, 882.91
23.2936, 883.68
23.2936, 883.68
23.3067, 883.68
23.3120, 883.68
23.3120, 883.68
23.3302, 882.49
23.3302, 882.49
23.3302, 882.49
23.3364, 883.31
23.3486, 883.31
23.3486, 883.31
23.3598, 882.98
23.3668, 883.75
23.3668, 883.75
23.3749, 883.75
23.3851, 883.75
23.3851, 883.75
23.4033, 882.56
23.4033, 882.56
23.4033, 882.56
23.4045, 883.70
23.4217, 883.70
23.4217, 883.70
23.4330, 883.05
23.4399, 883.82
23.4399, 883.82
23.4480, 883.82
23.4583, 883.82
23.4583, 883.82
23.4765, 882.63
23.4765, 882.63
23.4777, 883.77
23.4777, 883.77
23.4949, 883.77
23.4949, 883.77
23.5073, 883.04
23.5130, 883.88
23.5130, 883.88
23.5224, 883.88
23.5314, 883.88
23.5314, 883.88
23.5496, 882.71
23.5496, 882.71
23.5520, 883.76
23.5570, 883.76
23.5680, 883.76
23.5680, 883.76
23.5862, 882.74
23.5862, 882.74
23.5867, 883.91
23.5967, 883.91
23.6046, 883.91
23.6046, 883.91
23.6228, 882.78
23.6228, 882.78
23.6264, 883.75
23.6411, 883.75
23.6411, 883.75
23.6414, 883.75
23.6593, 882.81
23.6593, 882.81
23.6711, 883.25
23.6761, 883.25
23.6777, 883.25
23.6777, 883.25
23.6959, 882.85
23.6959, 882.85
23.7057, 883.41
23.7143, 883.41
23.7143, 883.41
23.7158, 883.41
23.7325, 882.88
23.7325, 882.88
23.7454, 883.24
23.7509, 883.24
23.7509, 883.24
23.7554, 883.24
23.7690, 882.92
23.7690, 882.92
23.7851, 883.08
23.7874, 883.08
23.7874, 883.08
23.7901, 883.08
23.8056, 882.95
23.8056, 882.95
23.8198, 883.23
23.8240, 883.23
23.8240, 883.23
23.8348, 883.23
23.8422, 882.99
23.8422, 882.99
23.8606, 882.99
23.8606, 882.99
23.8644, 882.75
23.8695, 882.75
23.8788, 883.02
23.8788, 883.02
23.8971, 883.02
23.8971, 883.02
23.8991, 882.91
23.9042, 882.91
23.9153, 883.05
23.9153, 883.05
23.9337, 883.05
23.9337, 883.05
23.9338, 883.06
23.9488, 883.06
23.9519, 883.09
23.9519, 883.09
23.9703, 883.09
23.9703, 883.09
23.9785, 882.58
23.9835, 882.58
23.9885, 883.12
23.9885, 883.12
24.0069, 883.12
24.0069, 883.12
24.0132, 882.74
24.0232, 882.74
24.0250, 883.16
24.0250, 883.16
24.0434, 883.16
24.0434, 883.16
24.0528, 882.58
24.0616, 883.19
24.0616, 883.19
24.0629, 883.19
24.0800, 883.19
24.0800, 883.19
24.0925, 882.42
24.0975, 882.42
24.0982, 883.22
24.0982, 883.22
24.1166, 883.22
24.1166, 883.22
24.1272, 882.57
24.1348, 883.26
24.1348, 883.26
24.1372, 883.26
24.1531, 883.26
24.1531, 883.26
24.1669, 882.41
24.1713, 883.29
24.1713, 883.29
24.1819, 883.29
24.1897, 883.29
24.1897, 883.29
24.2079, 882.17
24.2079, 882.17
24.2116, 883.09
24.2166, 883.09
24.2263, 883.09
24.2263, 883.09
24.2445, 882.20
24.2445, 882.20
24.2445, 882.20
24.2462, 883.25
24.2563, 883.25
24.2629, 883.25
24.2629, 883.25
24.2810, 882.24
24.2810, 882.24
24.2859, 883.09
24.2994, 883.09
24.2994, 883.09
24.3176, 882.27
24.3176, 882.27
24.3210, 882.27
24.3360, 882.27
24.3360, 882.27
24.3506, 881.39
24.3542, 882.31
24.3542, 882.31
24.3607, 882.31
24.3726, 882.31
24.3726, 882.31
24.3903, 881.23
24.3908, 882.34
24.3908, 882.34
24.3953, 882.34
24.4091, 882.34
24.4091, 882.34
24.4150, 882.34
24.4250, 881.39
24.4273, 882.38
24.4273, 882.38
24.4273, 882.38
24.4446, 882.46
24.4457, 882.46
24.4457, 882.46
24.4570, 882.84
24.4639, 883.55
24.4639, 883.55
24.4639, 883.55
24.4823, 883.55
24.4823, 883.55
24.4935, 882.87
24.5005, 883.58
24.5005, 883.58
24.5005, 883.58
24.5189, 883.58
24.5189, 883.58
24.5301, 882.90
24.5370, 883.61
24.5370, 883.61
24.5370, 883.61
24.5554, 883.61
24.5554, 883.61
24.5667, 882.94
24.5736, 883.64
24.5736, 883.64
24.5736, 883.64
24.5920, 883.64
24.5920, 883.64
24.6033, 882.97
24.6102, 883.67
24.6102, 883.67
24.6102, 883.67
24.6286, 883.67
24.6286, 883.67
24.6398, 883.00
24.6468, 883.70
24.6468, 883.70
24.6549, 883.70
24.6651, 883.70
24.6651, 883.70
24.6833, 882.62
24.6833, 882.62
24.6833, 882.62
24.6845, 883.66
24.7017, 883.66
24.7017, 883.66
24.7130, 883.07
24.7199, 883.76
24.7199, 883.76
24.7330, 883.76
24.7383, 883.76
24.7383, 883.76
24.7565, 882.68
24.7565, 882.68
24.7565, 882.68
24.7627, 883.42
24.7749, 883.42
24.7749, 883.42
24.7861, 883.13
24.7930, 883.82
24.7930, 883.82
24.8012, 883.82
24.8114, 883.82
24.8114, 883.82
24.8296, 882.75
24.8296, 882.75
24.8296, 882.75
24.8308, 883.78
24.8480, 883.78
24.8480, 883.78
24.8593, 883.19
24.8662, 883.88
24.8662, 883.88
24.8743, 883.88
24.8846, 883.88
24.8846, 883.88
24.9028, 882.81
24.9028, 882.81
24.9039, 883.84
24.9040, 883.84
24.9211, 883.84
24.9211, 883.84
24.9336, 883.18
24.9393, 883.94
24.9393, 883.94
24.9487, 883.94
24.9577, 883.94
24.9577, 883.94
24.9759, 882.88
24.9759, 882.88
24.9783, 883.83
24.9833, 883.83
24.9943, 883.83
24.9943, 883.83
25.0125, 882.91
25.0125, 882.91
25.0130, 883.97
25.0230, 883.97
25.0309, 883.97
25.0309, 883.97
25.0490, 882.94
25.0490, 882.94
25.0527, 883.82
25.0674, 883.82
25.0674, 883.82
25.0677, 883.82
25.0856, 882.97
25.0856, 882.97
25.0973, 883.37
25.1024, 883.37
25.1040, 883.37
25.1040, 883.37
25.1222, 883.00
25.1222, 883.00
25.1320, 883.51
25.1406, 883.51
25.1406, 883.51
25.1421, 883.51
25.1588, 883.04
25.1588, 883.04
25.1717, 883.36
25.1771, 883.36
25.1771, 883.36
25.1817, 883.36
25.1953, 883.07
25.1953, 883.07
25.2114, 883.21
25.2137, 883.21
25.2137, 883.21
25.2164, 883.21
25.2319, 883.10
25.2319, 883.10
25.2460, 883.35
25.2503, 883.35
25.2503, 883.35
25.2611, 883.35
25.2685, 883.13
25.2685, 883.13
25.2869, 883.13
25.2869, 883.13
25.2907, 882.92
25.2958, 882.92
25.3050, 883.16
25.3050, 883.16
25.3234, 883.16
25.3234, 883.16
25.3254, 883.06
25.3304, 883.06
25.3416, 883.19
25.3416, 883.19
25.3600, 883.19
25.3600, 883.19
25.3601, 883.20
25.3751, 883.20
25.3782, 883.22
25.3782, 883.22
25.3966, 883.22
25.3966, 883.22
25.4048, 882.76
25.4098, 882.76
25.4148, 883.25
25.4148, 883.25
25.4331, 883.25
25.4331, 883.25
25.4394, 882.90
25.4495, 882.90
25.4513, 883.28
25.4513, 883.28
25.4697, 883.28
25.4697, 883.28
25.4791, 882.75
25.4879, 883.31
25.4879, 883.31
25.4892, 883.31
25.5063, 883.31
25.5063, 883.31
25.5188, 882.61
25.5238, 882.61
25.5245, 883.34
25.5245, 883.34
25.5429, 883.34
25.5429, 883.34
25.5535, 882.75
25.5610, 883.37
25.5610, 883.37
25.5635, 883.37
25.5794, 883.37
25.5794, 883.37
25.5932, 882.60
25.5976, 883.40
25.5976, 883.40
25.6082, 883.40
25.6160, 883.40
25.6160, 883.40
25.6342, 882.38
25.6342, 882.38
25.6378, 883.22
25.6429, 883.22
25.6526, 883.22
25.6526, 883.22
25.6708, 882.41
25.6708, 882.41
25.6708, 882.41
25.6725, 883.36
25.6826, 883.36
25.6891, 883.36
25.6891, 883.36
25.7073, 882.45
25.7073, 882.45
25.7122, 883.22
25.7257, 883.22
25.7257, 883.22
25.7439, 882.48
25.7439, 882.48
25.7473, 882.48
25.7623, 882.48
25.7623, 882.48
25.7769, 881.67
25.7805, 882.51
25.7805, 882.51
25.7869, 882.51
25.7989, 882.51
25.7989, 882.51
25.8166, 881.53
25.8170, 882.54
25.8170, 882.54
25.8216, 882.54
25.8354, 882.54
25.8354, 882.54
25.8413, 882.54
25.8513, 881.67
25.8536, 882.57
25.8536, 882.57
25.8536, 882.57
25.8709, 882.64
25.8720, 882.64
25.8720, 882.64
25.8833, 882.99
25.8902, 883.63
25.8902, 883.63
25.8902, 883.63
25.9086, 883.63
25.9086, 883.63
25.9198, 883.02
25.9268, 883.66
25.9268, 883.66
25.9268, 883.66
25.9451, 883.66
25.9451, 883.66
25.9564, 883.05
25.9633, 883.69
25.9633, 883.69
25.9633, 883.69
25.9817, 883.69
25.9817, 883.69
25.9930, 883.08
25.9999, 883.72
25.9999, 883.72
25.9999, 883.72
26.0183, 883.72
26.0183, 883.72
26.0295, 883.11
26.0365, 883.75
26.0365, 883.75
26.0365, 883.75
26.0549, 883.75
26.0549, 883.75
26.0661, 883.13
26.0730, 883.77
26.0730, 883.77
26.0812, 883.77
26.0914, 883.77
26.0914, 883.77
26.1096, 882.78
26.1096, 882.78
26.1096, 882.78
26.1108, 883.74
26.1280, 883.74
26.1280, 883.74
26.1393, 883.19
26.1462, 883.83
26.1462, 883.83
26.1593, 883.83
26.1646, 883.83
26.1646, 883.83
26.1828, 882.84
26.1828, 882.84
26.1828, 882.84
26.1890, 883.52
26.2011, 883.52
26.2011, 883.52
26.2124, 883.25
26.2193, 883.88
26.2193, 883.88
26.2275, 883.88
26.2377, 883.88
26.2377, 883.88
26.2559, 882.90
26.2559, 882.90
26.2559, 882.90
26.2571, 883.85
26.2743, 883.85
26.2743, 883.85
26.2855, 883.31
26.2925, 883.94
26.2925, 883.94
26.3006, 883.94
26.3109, 883.94
26.3109, 883.94
26.3290, 882.96
26.3290, 882.96
26.3302, 883.90
26.3303, 883.90
26.3474, 883.90
26.3474, 883.90
26.3599, 883.30
26.3656, 883.99
26.3656, 883.99
26.3749, 883.99
26.3840, 883.99
26.3840, 883.99
26.4022, 883.02
26.4022, 883.02
26.4046, 883.89
26.4096, 883.89
26.4206, 883.89
26.4206, 883.89
26.4388, 883.05
26.4388, 883.05
26.4393, 884.02
26.4493, 884.02
26.4571, 884.02
26.4571, 884.02
26.4753, 883.08
26.4753, 883.08
26.4789, 883.88
26.4937, 883.88
26.4937, 883.88
26.4940, 883.88
26.5119, 883.11
26.5119, 883.11
26.5236, 883.47
26.5287, 883.47
26.5303, 883.47
26.5303, 883.47
26.5485, 883.13
26.5485, 883.13
26.5583, 883.60
26.5669, 883.60
26.5669, 883.60
26.5683, 883.60
26.5850, 883.16
26.5850, 883.16
26.5980, 883.46
26.6034, 883.46
26.6034, 883.46
26.6080, 883.46
26.6216, 883.19
26.6216, 883.19
26.6377, 883.32
26.6400, 883.32
26.6400, 883.32
26.6427, 883.32
26.6582, 883.22
26.6582, 883.22
26.6723, 883.45
26.6766, 883.45
26.6766, 883.45
26.6874, 883.45
26.6948, 883.25
26.6948, 883.25
26.7131, 883.25
26.7131, 883.25
26.7170, 883.05
26.7221, 883.05
26.7313, 883.27
26.7313, 883.27
26.7497, 883.27
26.7497, 883.27
26.7517, 883.18
26.7567, 883.18
26.7679, 883.30
26.7679, 883.30
26.7863, 883.30
26.7863, 883.30
26.7864, 883.31
26.8014, 883.31
26.8045, 883.33
26.8045, 883.33
26.8229, 883.33
26.8229, 883.33
26.8311, 882.91
26.8361, 882.91
26.8410, 883.36
26.8410, 883.36
26.8594, 883.36
26.8594, 883.36
26.8657, 883.04
26.8758, 883.04
26.8776, 883.39
26.8776, 883.39
26.8960, 883.39
26.8960, 883.39
26.9054, 882.90
26.9142, 883.41
26.9142, 883.41
26.9154, 883.41
26.9326, 883.41
26.9326, 883.41
26.9451, 882.77
26.9501, 882.77
26.9508, 883.44
26.9508, 883.44
26.9691, 883.44
26.9691, 883.44
26.9798, 882.90
26.9873, 883.47
26.9873, 883.47
26.9898, 883.47
27.0057, 883.47
27.0057, 883.47
27.0194, 882.76
27.0239, 883.49
27.0239, 883.49
27.0345, 883.49
27.0423, 883.49
27.0423, 883.49
27.0605, 882.56
27.0605, 882.56
27.0641, 883.33
27.0692, 883.33
27.0789, 883.33
27.0789, 883.33
27.0970, 882.59
27.0970, 882.59
27.0970, 882.59
27.0988, 883.46
27.1088, 883.46
27.1154, 883.46
27.1154, 883.46
27.1336, 882.62
27.1336, 882.62
27.1385, 883.32
27.1520, 883.32
27.1520, 883.32
27.1702, 882.65
27.1702, 882.65
27.1736, 882.65
27.1886, 882.65
27.1886, 882.65
27.2032, 881.91
27.2068, 882.67
27.2068, 882.67
27.2132, 882.67
27.2251, 882.67
27.2251, 882.67
27.2429, 881.78
27.2433, 882.70
27.2433, 882.70
27.2479, 882.70
27.2617, 882.70
27.2617, 882.70
27.2676, 882.70
27.2775, 881.90
27.2799, 882.73
27.2799, 882.73
27.2799, 882.73
27.2972, 882.80
27.2983, 882.80
27.2983, 882.80
27.3095, 883.11
27.3165, 883.70
27.3165, 883.70
27.3165, 883.70
27.3349, 883.70
27.3349, 883.70
27.3461, 883.14
27.3530, 883.73
27.3530, 883.73
27.3530, 883.73
27.3714, 883.73
27.3714, 883.73
27.3827, 883.17
27.3896, 883.76
27.3896, 883.76
27.3896, 883.76
27.4080, 883.76
27.4080, 883.76
27.4193, 883.19
27.4262, 883.78
27.4262, 883.78
27.4262, 883.78
27.4446, 883.78
27.4446, 883.78
27.4558, 883.22
27.4628, 883.81
27.4628, 883.81
27.4628, 883.81
27.4811, 883.81
27.4811, 883.81
27.4924, 883.25
27.4993, 883.83
27.4993, 883.83
27.5074, 883.83
27.5177, 883.83
27.5177, 883.83
27.5359, 882.92
27.5359, 882.92
27.5359, 882.92
27.5371, 883.80
27.5543, 883.80
27.5543, 883.80
27.5655, 883.30
27.5725, 883.88
27.5725, 883.88
27.5856, 883.88
27.5909, 883.88
27.5909, 883.88
27.6090, 882.98
27.6090, 882.98
27.6090, 882.98
27.6152, 883.60
27.6274, 883.60
27.6274, 883.60
27.6387, 883.35
27.6456, 883.93
27.6456, 883.93
27.6537, 883.93
27.6640, 883.93
27.6640, 883.93
27.6822, 883.03
27.6822, 883.03
27.6822, 883.03
27.6834, 883.90
27.7006, 883.90
27.7006, 883.90
27.7118, 883.41
27.7188, 883.98
27.7188, 883.98
27.7269, 883.98
27.7371, 883.98
27.7371, 883.98
27.7553, 883.09
27.7553, 883.09
27.7565, 883.95
27.7565, 883.95
27.7737, 883.95
27.7737, 883.95
27.7862, 883.40
27.7919, 884.03
27.7919, 884.03
27.8012, 884.03
27.8103, 884.03
27.8103, 884.03
27.8285, 883.14
27.8285, 883.14
27.8309, 883.94
27.8359, 883.94
27.8469, 883.94
27.8469, 883.94
27.8650, 883.17
27.8650, 883.17
27.8655, 884.06
27.8756, 884.06
27.8834, 884.06
27.8834, 884.06
27.9016, 883.19
27.9016, 883.19
27.9052, 883.93
27.9200, 883.93
27.9200, 883.93
27.9203, 883.93
27.9382, 883.22
27.9382, 883.22
27.9499, 883.55
27.9549, 883.55
27.9566, 883.55
27.9566, 883.55
27.9748, 883.24
27.9748, 883.24
27.9846, 883.67
27.9931, 883.67
27.9931, 883.67
27.9946, 883.67
28.0113, 883.27
28.0113, 883.27
28.0243, 883.55
28.0297, 883.55
28.0297, 883.55
28.0343, 883.55
28.0479, 883.30
28.0479, 883.30
28.0639, 883.42
28.0663, 883.42
28.0663, 883.42
28.0690, 883.42
28.0845, 883.32
28.0845, 883.32
28.0986, 883.54
28.1029, 883.54
28.1029, 883.54
28.1137, 883.54
28.1210, 883.35
28.1210, 883.35
28.1394, 883.35
28.1394, 883.35
28.1433, 883.17
28.1483, 883.17
28.1576, 883.37
28.1576, 883.37
28.1760, 883.37
28.1760, 883.37
28.1780, 883.28
28.1830, 883.28
28.1942, 883.40
28.1942, 883.40
28.2126, 883.40
28.2126, 883.40
28.2126, 883.40
28.2277, 883.40
28.2308, 883.42
28.2308, 883.42
28.2491, 883.42
28.2491, 883.42
28.2573, 883.03
28.2624, 883.03
28.2673, 883.45
28.2673, 883.45
28.2857, 883.45
28.2857, 883.45
28.2920, 883.15
28.3021, 883.15
28.3039, 883.47
28.3039, 883.47
28.3223, 883.47
28.3223, 883.47
28.3317, 883.03
28.3405, 883.50
28.3405, 883.50
28.3417, 883.50
28.3589, 883.50
28.3589, 883.50
28.3714, 882.90
28.3764, 882.90
28.3770, 883.52
28.3770, 883.52
28.3954, 883.52
28.3954, 883.52
28.4060, 883.02
28.4136, 883.55
28.4136, 883.55
28.4161, 883.55
28.4320, 883.55
28.4320, 883.55
28.4457, 882.90
28.4502, 883.57
28.4502, 883.57
28.4608, 883.57
28.4686, 883.57
28.4686, 883.57
28.4868, 882.71
28.4868, 882.71
28.4904, 883.42
28.4954, 883.42
28.5051, 883.42
28.5051, 883.42
28.5233, 882.74
28.5233, 882.74
28.5233, 882.74
28.5251, 883.54
28.5351, 883.54
28.5417, 883.54
28.5417, 883.54
28.5599, 882.76
28.5599, 882.76
28.5648, 883.41
28.5783, 883.41
28.5783, 883.41
28.5965, 882.79
28.5965, 882.79
28.5998, 882.79
28.6149, 882.79
28.6149, 882.79
28.6295, 882.10
28.6330, 882.82
28.6330, 882.82
28.6395, 882.82
28.6514, 882.82
28.6514, 882.82
28.6692, 881.99
28.6696, 882.84
28.6696, 882.84
28.6742, 882.84
28.6880, 882.84
28.6880, 882.84
28.6938, 882.84
28.7038, 882.10
28.7062, 882.87
28.7062, 882.87
28.7062, 882.87
28.7235, 882.93
28.7246, 882.93
28.7246, 882.93
28.7358, 883.22
28.7428, 883.77
28.7428, 883.77
28.7428, 883.77
28.7611, 883.77
28.7611, 883.77
28.7724, 883.24
28.7793, 883.79
28.7793, 883.79
28.7793, 883.79
28.7977, 883.79
28.7977, 883.79
28.8090, 883.27
28.8159, 883.81
28.8159, 883.81
28.8159, 883.81
28.8343, 883.81
28.8343, 883.81
28.8455, 883.29
28.8525, 883.84
28.8525, 883.84
28.8525, 883.84
28.8709, 883.84
28.8709, 883.84
28.8821, 883.32
28.8890, 883.86
28.8890, 883.86
28.8890, 883.86
28.9074, 883.86
28.9074, 883.86
28.9187, 883.34
28.9256, 883.88
28.9256, 883.88
28.9337, 883.88
28.9440, 883.88
28.9440, 883.88
28.9622, 883.04
28.9622, 883.04
28.9622, 883.04
28.9634, 883.85
28.9806, 883.85
28.9806, 883.85
28.9918, 883.39
28.9988, 883.93
28.9988, 883.93
29.0119, 883.93
29.0171, 883.93
29.0171, 883.93
29.0353, 883.09
29.0353, 883.09
29.0353, 883.09
29.0415, 883.67
29.0537, 883.67
29.0537, 883.67
29.0650, 883.44
29.0719, 883.98
29.0719, 883.98
29.0800, 883.98
29.0903, 883.98
29.0903, 883.98
29.1085, 883.14
29.1085, 883.14
29.1085, 883.14
29.1097, 883.95
29.1269, 883.95
29.1269, 883.95
29.1381, 883.49
29.1450, 884.02
29.1450, 884.02
29.1532, 884.02
29.1634, 884.02
29.1634, 884.02
29.1816, 883.19
29.1816, 883.19
29.1828, 883.99
29.1828, 883.99
29.2000, 883.99
29.2000, 883.99
29.2125, 883.48
29.2182, 884.07
29.2182, 884.07
29.2275, 884.07
29.2366, 884.07
29.2366, 884.07
29.2548, 883.24
29.2548, 883.24
29.2572, 883.98
29.2622, 883.98
29.2731, 883.98
29.2731, 883.98
29.2913, 883.26
29.2913, 883.26
29.2918, 884.09
29.3019, 884.09
29.3097, 884.09
29.3097, 884.09
29.3279, 883.29
29.3279, 883.29
29.3315, 883.97
29.3463, 883.97
29.3463, 883.97
29.3466, 883.97
29.3645, 883.31
29.3645, 883.31
29.3762, 883.62
29.3812, 883.62
29.3829, 883.62
29.3829, 883.62
29.4010, 883.34
29.4010, 883.34
29.4109, 883.73
29.4194, 883.73
29.4194, 883.73
29.4209, 883.73
29.4376, 883.36
29.4376, 883.36
29.4505, 883.62
29.4560, 883.62
29.4560, 883.62
29.4606, 883.62
29.4742, 883.38
29.4742, 883.38
29.4902, 883.50
29.4926, 883.50
29.4926, 883.50
29.4953, 883.50
29.5108, 883.41
29.5108, 883.41
29.5249, 883.61
29.5291, 883.61
29.5291, 883.61
29.5400, 883.61
29.5473, 883.43
29.5473, 883.43
29.5657, 883.43
29.5657, 883.43
29.5696, 883.26
29.5746, 883.26
29.5839, 883.46
29.5839, 883.46
29.6023, 883.46
29.6023, 883.46
29.6043, 883.37
29.6093, 883.37
29.6205, 883.48
29.6205, 883.48
29.6389, 883.48
29.6389, 883.48
29.6389, 883.48
29.6540, 883.48
29.6570, 883.50
29.6570, 883.50
29.6754, 883.50
29.6754, 883.50
29.6836, 883.14
29.6887, 883.14
29.6936, 883.53
29.6936, 883.53
29.7120, 883.53
29.7120, 883.53
29.7183, 883.25
29.7283, 883.25
29.7302, 883.55
29.7302, 883.55
29.7486, 883.55
29.7486, 883.55
29.7580, 883.14
29.7668, 883.57
29.7668, 883.57
29.7680, 883.57
29.7851, 883.57
29.7851, 883.57
29.7977, 883.02
29.8027, 883.02
29.8033, 883.59
29.8033, 883.59
29.8217, 883.59
29.8217, 883.59
29.8323, 883.13
29.8399, 883.62
29.8399, 883.62
29.8424, 883.62
29.8583, 883.62
29.8583, 883.62
29.8720, 883.01
29.8765, 883.64
29.8765, 883.64
29.8871, 883.64
29.8949, 883.64
29.8949, 883.64
29.9130, 882.84
29.9130, 882.84
29.9167, 883.50
29.9217, 883.50
29.9314, 883.50
29.9314, 883.50
29.9496, 882.86
29.9496, 882.86
29.9496, 882.86
29.9514, 883.61
29.9614, 883.61
29.9680, 883.61
29.9680, 883.61
29.9862, 882.89
29.9862, 882.89
29.9910, 883.49
30.0261, 883.49
30.0558, 881.46
