0.1 0.102775
0.104168 0.205550
0.108336 0.308325
0.112504 0.411101
0.116672 0.513876
0.12084 0.616651
0.125008 0.719426
0.129176 0.822201
0.133344 0.924976
0.137512 1.027751
0.14168 1.130526
0.145848 1.233302
0.150016 1.336077
0.154184 1.438852
0.158352 1.541627
0.16252 1.644402
0.166688 1.747177
0.170856 1.849952
0.175024 1.952727
0.179192 2.055503
0.18336 2.158278
0.187528 2.261053
0.191696 2.363828
0.195864 2.466603
0.200032 2.569378
0.2042 2.672153
0.208368 2.774928
0.212536 2.877704
0.216704 2.980479
0.220872 3.083254
0.22504 3.186029
0.229208 3.288804
0.233376 3.391579
0.237544 3.494354
0.241712 3.597129
0.24588 3.699905
0.250048 3.802680
0.254216 3.905455
0.258384 4.008230
0.262552 4.111005
0.26672 4.213780
0.270888 4.316555
0.275056 4.419330
0.279224 4.522106
0.283392 4.624881
0.28756 4.727656
0.291728 4.830431
0.295896 4.933206
0.300064 5.035981
0.304232 5.138756
0.3084 5.241531
0.312568 5.344307
0.316736 5.447082
0.320904 5.549857
0.325072 5.652632
0.32924 5.755407
0.333408 5.858182
0.337576 5.960957
0.341744 6.063732
0.345912 6.166508
0.35008 6.269283
0.354248 6.372058
0.358416 6.474833
0.362584 6.577608
0.366752 6.680383
0.37092 6.783158
0.375088 6.885933
0.379256 6.988709
0.383424 7.091484
0.387592 7.194259
0.39176 7.297034
0.395928 7.399809
0.400096 7.502584
0.404264 7.605359
0.408432 7.708134
0.4126 7.810910
0.416768 7.913685
0.420936 8.016460
0.425104 8.119235
0.429272 8.222010
0.43344 8.324785
0.437608 8.427560
0.441776 8.530335
0.445944 8.633111
0.450112 8.735886
0.45428 8.838661
0.458448 8.941436
0.462616 9.044211
0.466784 9.146986
0.470952 9.249761
0.47512 9.352536
0.479288 9.455312
0.483456 9.558087
0.487624 9.660862
0.491792 9.763637
0.49596 9.866412
0.500128 9.969187
0.504296 10.071962
0.512632 10.174737
0.520968 10.277513
0.529304 10.380288
0.53764 10.483063
0.545976 10.585838
0.554312 10.688613
0.562648 10.791388
0.570984 10.894163
0.57932 10.996938
0.587656 11.099714
0.595992 11.202489
0.604328 11.305264
0.612664 11.408039
0.621 11.510814
0.629336 11.613589
0.637672 11.716364
0.646008 11.819139
0.654344 11.921915
0.66268 12.024690
0.671016 12.127465
0.679352 12.230240
0.687688 12.333015
0.696024 12.435790
0.70436 12.538565
0.712696 12.641340
0.721032 12.744116
0.729368 12.846891
0.737704 12.949666
0.74604 13.052441
0.754376 13.155216
0.762712 13.257991
0.771048 13.360766
0.779384 13.463541
0.78772 13.566317
0.796056 13.669092
0.804392 13.771867
0.812728 13.874642
0.821064 13.977417
0.8294 14.080192
0.837736 14.182967
0.846072 14.285742
0.854408 14.388518
0.862744 14.491293
0.87108 14.594068
0.879416 14.696843
0.887752 14.799618
0.896088 14.902393
0.904424 15.005168
0.91276 15.107943
0.921096 15.210719
0.929432 15.313494
0.937768 15.416269
0.946104 15.519044
0.95444 15.621819
0.962776 15.724594
0.971112 15.827369
0.979448 15.930144
0.987784 16.032920
0.99612 16.135695
1.004456 16.238470
1.012792 16.341245
1.021128 16.444020
1.029464 16.546795
1.0378 16.649570
1.046136 16.752345
1.054472 16.855121
1.062808 16.957896
1.071144 17.060671
1.07948 17.163446
1.087816 17.266221
1.096152 17.368996
1.104488 17.471771
1.112824 17.574546
1.12116 17.677322
1.129496 17.780097
1.137832 17.882872
1.146168 17.985647
1.154504 18.088422
1.16284 18.191197
1.171176 18.293972
1.179512 18.396747
1.187848 18.499523
1.196184 18.602298
1.20452 18.705073
1.212856 18.807848
1.221192 18.910623
1.229528 19.013398
1.237864 19.116173
1.2462 19.218948
1.254536 19.321724
1.262872 19.424499
1.271208 19.527274
1.279544 19.630049
1.28788 19.732824
1.296216 19.835599
1.304552 19.938374
1.312888 20.041150
1.321224 20.143925
1.32956 20.246700
1.337896 20.349475
1.346232 20.452250
1.354568 20.555025
1.362904 20.657800
1.37124 20.760575
1.379576 20.863351
1.387912 20.966126
1.396248 21.068901
1.404584 21.171676
1.41292 21.274451
1.421256 21.377226
1.429592 21.480001
1.437928 21.582776
1.446264 21.685552
1.4546 21.788327
1.462936 21.891102
1.471272 21.993877
1.479608 22.096652
1.487944 22.199427
1.49628 22.302202
1.504616 22.404977
1.512952 22.507753
1.521288 22.610528
1.529624 22.713303
1.53796 22.816078
1.546296 22.918853
1.554632 23.021628
1.562968 23.124403
1.571304 23.227178
1.57964 23.329954
1.587976 23.432729
1.596312 23.535504
1.604648 23.638279
1.612984 23.741054
1.62132 23.843829
1.629656 23.946604
1.637992 24.049379
1.646328 24.152155
1.654664 24.254930
1.663 24.357705
1.671336 24.460480
1.679672 24.563255
1.688008 24.666030
1.696344 24.768805
1.70468 24.871580
1.713016 24.974356
1.721352 25.077131
1.729688 25.179906
1.738024 25.282681
1.74636 25.385456
1.754696 25.488231
1.763032 25.591006
1.771368 25.693781
1.779704 25.796557
1.78804 25.899332
1.796376 26.002107
1.804712 26.104882
1.813048 26.207657
1.821384 26.310432
1.82972 26.413207
1.838056 26.515982
1.846392 26.618758
1.854728 26.721533
1.863064 26.824308
1.8714 26.927083
1.879736 27.029858
1.888072 27.132633
1.896408 27.235408
1.904744 27.338183
1.91308 27.440959
1.921416 27.543734
1.929752 27.646509
1.938088 27.749284
1.946424 27.852059
1.95476 27.954834
1.963096 28.057609
1.971432 28.160384
1.979768 28.263160
1.988104 28.365935
1.99644 28.468710
2.004776 28.571485
2.013112 28.674260
2.021448 28.777035
2.029784 28.879810
2.03812 28.982585
2.046456 29.085361
2.054792 29.188136
2.063128 29.290911
2.071464 29.393686
2.0798 29.496461
2.088136 29.599236
2.096472 29.702011
2.104808 29.804786
2.113144 29.907562
2.12148 30.010337
2.129816 30.113112
2.138152 30.215887
2.146488 30.318662
2.154824 30.421437
2.16316 30.524212
2.171496 30.626987
2.179832 30.729763
2.188168 30.832538
2.196504 30.935313
2.20484 31.038088
2.213176 31.140863
2.221512 31.243638
2.229848 31.346413
2.238184 31.449188
2.24652 31.551964
2.254856 31.654739
2.263192 31.757514
2.271528 31.860289
2.279864 31.963064
2.2882 32.065839
2.296536 32.168614
2.304872 32.271389
2.313208 32.374165
2.321544 32.476940
2.32988 32.579715
2.338216 32.682490
2.346552 32.785265
2.354888 32.888040
2.363224 32.990815
2.37156 33.093590
2.379896 33.196366
2.388232 33.299141
2.396568 33.401916
2.404904 33.504691
2.41324 33.607466
2.421576 33.710241
2.429912 33.813016
2.438248 33.915791
2.446584 34.018567
2.45492 34.121342
2.463256 34.224117
2.471592 34.326892
2.479928 34.429667
2.488264 34.532442
2.4966 34.635217
2.504936 34.737992
2.513272 34.840768
2.521608 34.943543
2.529944 35.046318
2.53828 35.149093
2.546616 35.251868
2.554952 35.354643
2.563288 35.457418
2.571624 35.560193
2.57996 35.662969
2.588296 35.765744
2.596632 35.868519
2.604968 35.971294
2.613304 36.074069
2.62164 36.176844
2.629976 36.279619
2.638312 36.382394
2.646648 36.485170
2.654984 36.587945
2.66332 36.690720
2.671656 36.793495
2.679992 36.896270
2.688328 36.999045
2.696664 37.101820
2.705 37.204595
2.713336 37.307371
2.721672 37.410146
2.730008 37.512921
2.738344 37.615696
2.74668 37.718471
2.755016 37.821246
2.763352 37.924021
2.771688 38.026796
2.780024 38.129572
2.78836 38.232347
2.796696 38.335122
2.805032 38.437897
2.813368 38.540672
2.821704 38.643447
2.83004 38.746222
2.838376 38.848997
2.846712 38.951773
2.855048 39.054548
2.863384 39.157323
2.87172 39.260098
2.880056 39.362873
2.888392 39.465648
2.896728 39.568423
2.905064 39.671199
2.9134 39.773974
2.921736 39.876749
2.930072 39.979524
2.938408 40.082299
2.946744 40.185074
2.95508 40.287849
2.963416 40.390624
2.971752 40.493400
2.980088 40.596175
2.988424 40.698950
2.99676 40.801725
3.005096 40.904500
3.013432 41.007275
3.021768 41.110050
3.030104 41.212825
3.03844 41.315601
3.046776 41.418376
3.055112 41.521151
3.063448 41.623926
3.071784 41.726701
3.08012 41.829476
3.088456 41.932251
3.096792 42.035026
3.105128 42.137802
3.113464 42.240577
3.1218 42.343352
3.130136 42.446127
3.138472 42.548902
3.146808 42.651677
3.155144 42.754452
3.16348 42.857227
3.171816 42.960003
3.180152 43.062778
3.188488 43.165553
3.196824 43.268328
3.20516 43.371103
3.213496 43.473878
3.221832 43.576653
3.230168 43.679428
3.238504 43.782204
3.24684 43.884979
3.255176 43.987754
3.263512 44.090529
3.271848 44.193304
3.280184 44.296079
3.28852 44.398854
3.296856 44.501629
3.305192 44.604405
3.313528 44.707180
3.321864 44.809955
3.3302 44.912730
3.338536 45.015505
3.346872 45.118280
3.355208 45.221055
3.363544 45.323830
3.37188 45.426606
3.380216 45.529381
3.388552 45.632156
3.396888 45.734931
3.405224 45.837706
3.41356 45.940481
3.421896 46.043256
3.430232 46.146031
3.438568 46.248807
3.446904 46.351582
3.45524 46.454357
3.463576 46.557132
3.471912 46.659907
3.480248 46.762682
3.488584 46.865457
3.49692 46.968232
3.505256 47.071008
3.513592 47.173783
3.521928 47.276558
3.530264 47.379333
3.5386 47.482108
3.546936 47.584883
3.555272 47.687658
3.563608 47.790433
3.571944 47.893209
3.58028 47.995984
3.588616 48.098759
3.596952 48.201534
3.605288 48.304309
3.613624 48.407084
3.62196 48.509859
3.630296 48.612634
3.638632 48.715410
3.646968 48.818185
3.655304 48.920960
3.66364 49.023735
3.671976 49.126510
3.680312 49.229285
3.688648 49.332060
3.696984 49.434835
3.70532 49.537611
3.713656 49.640386
3.721992 49.743161
3.730328 49.845936
3.738664 49.948711
3.747 50.051486
3.755336 50.154261
3.763672 50.257036
3.772008 50.359812
3.780344 50.462587
3.78868 50.565362
3.797016 50.668137
3.805352 50.770912
3.813688 50.873687
3.822024 50.976462
3.83036 51.079237
3.838696 51.182013
3.847032 51.284788
3.855368 51.387563
3.863704 51.490338
3.87204 51.593113
3.880376 51.695888
3.888712 51.798663
3.897048 51.901438
3.905384 52.004214
3.91372 52.106989
3.922056 52.209764
3.930392 52.312539
3.938728 52.415314
3.947064 52.518089
3.9554 52.620864
3.963736 52.723639
3.972072 52.826415
3.980408 52.929190
3.988744 53.031965
3.99708 53.134740
4.005416 53.237515
4.013752 53.340290
4.022088 53.443065
4.030424 53.545840
4.03876 53.648616
4.047096 53.751391
4.055432 53.854166
4.063768 53.956941
4.072104 54.059716
4.08044 54.162491
4.088776 54.265266
4.097112 54.368041
4.105448 54.470817
4.113784 54.573592
4.12212 54.676367
4.130456 54.779142
4.138792 54.881917
4.147128 54.984692
4.155464 55.087467
4.1638 55.190242
4.172136 55.293018
4.180472 55.395793
4.188808 55.498568
4.197144 55.601343
4.20548 55.704118
4.213816 55.806893
4.222152 55.909668
4.230488 56.012443
4.238824 56.115219
4.24716 56.217994
4.255496 56.320769
4.263832 56.423544
4.272168 56.526319
4.280504 56.629094
4.28884 56.731869
4.297176 56.834644
4.305512 56.937420
4.313848 57.040195
4.322184 57.142970
4.33052 57.245745
4.338856 57.348520
4.347192 57.451295
4.355528 57.554070
4.363864 57.656845
4.3722 57.759621
4.380536 57.862396
4.388872 57.965171
4.397208 58.067946
4.405544 58.170721
4.41388 58.273496
4.422216 58.376271
4.430552 58.479046
4.438888 58.581822
4.447224 58.684597
4.45556 58.787372
4.463896 58.890147
4.472232 58.992922
4.480568 59.095697
4.488904 59.198472
4.49724 59.301248
4.505576 59.404023
4.513912 59.506798
4.522248 59.609573
4.530584 59.712348
4.53892 59.815123
4.547256 59.917898
4.555592 60.020673
4.563928 60.123449
4.572264 60.226224
4.5806 60.328999
4.588936 60.431774
4.597272 60.534549
4.605608 60.637324
4.613944 60.740099
4.62228 60.842874
4.630616 60.945650
4.638952 61.048425
4.647288 61.151200
4.655624 61.253975
4.66396 61.356750
4.672296 61.459525
4.680632 61.562300
4.688968 61.665075
4.697304 61.767851
4.70564 61.870626
4.713976 61.973401
4.722312 62.076176
4.730648 62.178951
4.738984 62.281726
4.74732 62.384501
4.755656 62.487276
4.763992 62.590052
4.772328 62.692827
4.780664 62.795602
4.789 62.898377
4.797336 63.001152
4.805672 63.103927
4.814008 63.206702
4.822344 63.309477
4.83068 63.412253
4.839016 63.515028
4.847352 63.617803
4.855688 63.720578
4.864024 63.823353
4.87236 63.926128
4.880696 64.028903
4.889032 64.131678
4.897368 64.234454
4.905704 64.337229
4.91404 64.440004
4.922376 64.542779
4.930712 64.645554
4.939048 64.748329
4.947384 64.851104
4.95572 64.953879
4.964056 65.056655
4.972392 65.159430
4.980728 65.262205
4.989064 65.364980
4.9974 65.467755
5.005736 65.570530
5.014072 65.673305
5.022408 65.776080
5.030744 65.878856
5.03908 65.981631
5.047416 66.084406
5.055752 66.187181
5.064088 66.289956
5.072424 66.392731
5.08076 66.495506
5.089096 66.598281
5.097432 66.701057
5.105768 66.803832
5.114104 66.906607
5.12244 67.009382
5.130776 67.112157
5.139112 67.214932
5.147448 67.317707
5.155784 67.420482
5.16412 67.523258
5.172456 67.626033
5.180792 67.728808
5.189128 67.831583
5.197464 67.934358
5.2058 68.037133
5.214136 68.139908
5.222472 68.242683
5.230808 68.345459
5.239144 68.448234
5.24748 68.551009
5.255816 68.653784
5.264152 68.756559
5.272488 68.859334
5.280824 68.962109
5.28916 69.064884
5.297496 69.167660
5.305832 69.270435
5.314168 69.373210
5.322504 69.475985
5.33084 69.578760
5.339176 69.681535
5.347512 69.784310
5.355848 69.887085
5.364184 69.989861
5.37252 70.092636
5.380856 70.195411
5.389192 70.298186
5.397528 70.400961
5.405864 70.503736
5.4142 70.606511
5.422536 70.709286
5.430872 70.812062
5.439208 70.914837
5.447544 71.017612
5.45588 71.120387
5.464216 71.223162
5.472552 71.325937
5.480888 71.428712
5.489224 71.531487
5.49756 71.634263
5.505896 71.737038
5.514232 71.839813
5.522568 71.942588
5.530904 72.045363
5.53924 72.148138
5.547576 72.250913
5.555912 72.353688
5.564248 72.456464
5.572584 72.559239
5.58092 72.662014
5.589256 72.764789
5.597592 72.867564
5.605928 72.970339
5.614264 73.073114
5.6226 73.175889
5.630936 73.278665
5.639272 73.381440
5.647608 73.484215
5.655944 73.586990
5.66428 73.689765
5.672616 73.792540
5.680952 73.895315
5.689288 73.998090
5.697624 74.100866
5.70596 74.203641
5.714296 74.306416
5.722632 74.409191
5.730968 74.511966
5.739304 74.614741
5.74764 74.717516
5.755976 74.820291
5.764312 74.923067
5.772648 75.025842
5.780984 75.128617
5.78932 75.231392
5.797656 75.334167
5.805992 75.436942
5.814328 75.539717
5.822664 75.642492
5.831 75.745268
5.839336 75.848043
5.847672 75.950818
5.856008 76.053593
5.864344 76.156368
5.87268 76.259143
5.881016 76.361918
5.889352 76.464693
5.897688 76.567469
5.906024 76.670244
5.91436 76.773019
5.922696 76.875794
5.931032 76.978569
5.939368 77.081344
5.947704 77.184119
5.95604 77.286894
5.964376 77.389670
5.972712 77.492445
5.981048 77.595220
5.989384 77.697995
5.99772 77.800770
6.006056 77.903545
6.014392 78.006320
6.022728 78.109095
6.031064 78.211871
6.0394 78.314646
6.047736 78.417421
6.056072 78.520196
6.064408 78.622971
6.072744 78.725746
6.08108 78.828521
6.089416 78.931297
6.097752 79.034072
6.106088 79.136847
6.114424 79.239622
6.12276 79.342397
6.131096 79.445172
6.139432 79.547947
6.147768 79.650722
6.156104 79.753498
6.16444 79.856273
6.172776 79.959048
6.181112 80.061823
6.189448 80.164598
6.197784 80.267373
6.20612 80.370148
6.214456 80.472923
6.222792 80.575699
6.231128 80.678474
6.239464 80.781249
6.2478 80.884024
6.256136 80.986799
6.264472 81.089574
6.272808 81.192349
6.281144 81.295124
6.28948 81.397900
6.297816 81.500675
6.306152 81.603450
6.314488 81.706225
6.322824 81.809000
6.33116 81.911775
6.339496 82.014550
6.347832 82.117325
6.356168 82.220101
6.364504 82.322876
6.37284 82.425651
6.381176 82.528426
6.389512 82.631201
6.397848 82.733976
6.406184 82.836751
6.41452 82.939526
6.422856 83.042302
6.431192 83.145077
6.439528 83.247852
6.447864 83.350627
6.4562 83.453402
6.464536 83.556177
6.472872 83.658952
6.481208 83.761727
6.489544 83.864503
6.49788 83.967278
6.506216 84.070053
6.514552 84.172828
6.522888 84.275603
6.531224 84.378378
6.53956 84.481153
6.547896 84.583928
6.556232 84.686704
6.564568 84.789479
6.572904 84.892254
6.58124 84.995029
6.589576 85.097804
6.597912 85.200579
6.606248 85.303354
6.614584 85.406129
6.62292 85.508905
6.631256 85.611680
6.639592 85.714455
6.647928 85.817230
6.656264 85.920005
6.6646 86.022780
6.672936 86.125555
6.681272 86.228330
6.689608 86.331106
6.697944 86.433881
6.70628 86.536656
6.714616 86.639431
6.722952 86.742206
6.731288 86.844981
6.739624 86.947756
6.74796 87.050531
6.756296 87.153307
6.764632 87.256082
6.772968 87.358857
6.781304 87.461632
6.78964 87.564407
6.797976 87.667182
6.806312 87.769957
6.814648 87.872732
6.822984 87.975508
6.83132 88.078283
6.839656 88.181058
6.847992 88.283833
6.856328 88.386608
6.864664 88.489383
6.873 88.592158
6.881336 88.694933
6.889672 88.797709
6.898008 88.900484
6.906344 89.003259
6.91468 89.106034
6.923016 89.208809
6.931352 89.311584
6.939688 89.414359
6.948024 89.517134
6.95636 89.619910
6.964696 89.722685
6.973032 89.825460
6.981368 89.928235
6.989704 90.031010
6.99804 90.133785
7.006376 90.236560
7.014712 90.339335
7.023048 90.442111
7.031384 90.544886
7.03972 90.647661
7.048056 90.750436
7.056392 90.853211
7.064728 90.955986
7.073064 91.058761
7.0814 91.161536
7.089736 91.264312
7.098072 91.367087
7.106408 91.469862
7.114744 91.572637
7.12308 91.675412
7.131416 91.778187
7.139752 91.880962
7.148088 91.983737
7.156424 92.086513
7.16476 92.189288
7.173096 92.292063
7.181432 92.394838
7.189768 92.497613
7.198104 92.600388
7.20644 92.703163
7.214776 92.805938
7.223112 92.908714
7.231448 93.011489
7.239784 93.114264
7.24812 93.217039
7.256456 93.319814
7.264792 93.422589
7.273128 93.525364
7.281464 93.628139
7.2898 93.730915
7.298136 93.833690
7.306472 93.936465
7.314808 94.039240
7.323144 94.142015
7.33148 94.244790
7.339816 94.347565
7.348152 94.450340
7.356488 94.553116
7.364824 94.655891
7.37316 94.758666
7.381496 94.861441
7.389832 94.964216
7.398168 95.066991
7.406504 95.169766
7.41484 95.272541
7.423176 95.375317
7.431512 95.478092
7.439848 95.580867
7.448184 95.683642
7.45652 95.786417
7.464856 95.889192
7.473192 95.991967
7.481528 96.094742
7.489864 96.197518
7.4982 96.300293
7.506536 96.403068
7.514872 96.505843
7.523208 96.608618
7.531544 96.711393
7.53988 96.814168
7.548216 96.916943
7.556552 97.019719
7.564888 97.122494
7.573224 97.225269
7.58156 97.328044
7.589896 97.430819
7.598232 97.533594
7.606568 97.636369
7.614904 97.739145
7.62324 97.841920
7.631576 97.944695
7.639912 98.047470
7.648248 98.150245
7.656584 98.253020
7.66492 98.355795
7.673256 98.458570
7.681592 98.561346
7.689928 98.664121
7.698264 98.766896
7.7066 98.869671
7.714936 98.972446
7.723272 99.075221
7.731608 99.177996
7.739944 99.280771
7.74828 99.383547
7.756616 99.486322
7.764952 99.589097
7.773288 99.691872
7.781624 99.794647
7.78996 99.897422
7.798296 100.000197
7.806632 100.102972
7.814968 100.205748
7.823304 100.308523
7.83164 100.411298
7.839976 100.514073
7.848312 100.616848
7.856648 100.719623
7.864984 100.822398
7.87332 100.925173
7.881656 101.027949
7.889992 101.130724
7.898328 101.233499
7.906664 101.336274
7.915 101.439049
7.923336 101.541824
7.931672 101.644599
7.940008 101.747374
7.948344 101.850150
7.95668 101.952925
7.965016 102.055700
7.973352 102.158475
7.981688 102.261250
7.990024 102.364025
7.99836 102.466800
8.006696 102.569575
8.015032 102.672351
8.023368 102.775126
8.031704 102.877901
8.04004 102.980676
8.048376 103.083451
8.056712 103.186226
8.065048 103.289001
8.073384 103.391776
8.08172 103.494552
8.090056 103.597327
8.098392 103.700102
8.106728 103.802877
8.115064 103.905652
8.1234 104.008427
8.131736 104.111202
8.140072 104.213977
8.148408 104.316753
8.156744 104.419528
8.16508 104.522303
8.173416 104.625078
8.181752 104.727853
8.190088 104.830628
8.198424 104.933403
8.20676 105.036178
8.215096 105.138954
8.223432 105.241729
8.231768 105.344504
8.240104 105.447279
8.24844 105.550054
8.256776 105.652829
8.265112 105.755604
8.273448 105.858379
8.281784 105.961155
8.29012 106.063930
8.298456 106.166705
8.306792 106.269480
8.315128 106.372255
8.323464 106.475030
8.3318 106.577805
8.340136 106.680580
8.348472 106.783356
8.356808 106.886131
8.365144 106.988906
8.37348 107.091681
8.381816 107.194456
8.390152 107.297231
8.398488 107.400006
8.406824 107.502781
8.41516 107.605557
8.423496 107.708332
8.431832 107.811107
8.440168 107.913882
8.448504 108.016657
8.45684 108.119432
8.465176 108.222207
8.473512 108.324982
8.481848 108.427758
8.490184 108.530533
8.49852 108.633308
8.506856 108.736083
8.515192 108.838858
8.523528 108.941633
8.531864 109.044408
8.5402 109.147183
8.548536 109.249959
8.556872 109.352734
8.565208 109.455509
8.573544 109.558284
8.58188 109.661059
8.590216 109.763834
8.598552 109.866609
8.606888 109.969384
8.615224 110.072160
8.62356 110.174935
8.631896 110.277710
8.640232 110.380485
8.648568 110.483260
8.656904 110.586035
8.66524 110.688810
8.673576 110.791585
8.681912 110.894361
8.690248 110.997136
8.698584 111.099911
8.70692 111.202686
8.715256 111.305461
8.723592 111.408236
8.731928 111.511011
8.740264 111.613786
8.7486 111.716562
8.756936 111.819337
8.765272 111.922112
8.773608 112.024887
8.781944 112.127662
8.79028 112.230437
8.798616 112.333212
8.806952 112.435987
8.815288 112.538763
8.823624 112.641538
8.83196 112.744313
8.840296 112.847088
8.848632 112.949863
8.856968 113.052638
8.865304 113.155413
8.87364 113.258188
8.881976 113.360964
8.890312 113.463739
8.898648 113.566514
8.906984 113.669289
8.91532 113.772064
8.923656 113.874839
8.931992 113.977614
8.940328 114.080389
8.948664 114.183165
8.957 114.285940
8.965336 114.388715
8.973672 114.491490
8.982008 114.594265
8.990344 114.697040
8.99868 114.799815
9.007016 114.902590
9.015352 115.005366
9.023688 115.108141
9.032024 115.210916
9.04036 115.313691
9.048696 115.416466
9.057032 115.519241
9.065368 115.622016
9.073704 115.724791
9.08204 115.827567
9.090376 115.930342
9.098712 116.033117
9.107048 116.135892
9.115384 116.238667
9.12372 116.341442
9.132056 116.444217
9.140392 116.546992
9.148728 116.649768
9.157064 116.752543
9.1654 116.855318
9.173736 116.958093
9.182072 117.060868
9.190408 117.163643
9.198744 117.266418
9.20708 117.369194
9.215416 117.471969
9.223752 117.574744
9.232088 117.677519
9.240424 117.780294
9.24876 117.883069
9.257096 117.985844
9.265432 118.088619
9.273768 118.191395
9.282104 118.294170
9.29044 118.396945
9.298776 118.499720
9.307112 118.602495
9.315448 118.705270
9.323784 118.808045
9.33212 118.910820
9.340456 119.013596
9.348792 119.116371
9.357128 119.219146
9.365464 119.321921
9.3738 119.424696
9.382136 119.527471
9.390472 119.630246
9.398808 119.733021
9.407144 119.835797
9.41548 119.938572
9.423816 120.041347
9.432152 120.144122
9.440488 120.246897
9.448824 120.349672
9.45716 120.452447
9.465496 120.555222
9.473832 120.657998
9.482168 120.760773
9.490504 120.863548
9.49884 120.966323
9.507176 121.069098
9.515512 121.171873
9.523848 121.274648
9.532184 121.377423
9.54052 121.480199
9.548856 121.582974
9.557192 121.685749
9.565528 121.788524
9.573864 121.891299
9.5822 121.994074
9.590536 122.096849
9.598872 122.199624
9.607208 122.302400
9.615544 122.405175
9.62388 122.507950
9.632216 122.610725
9.640552 122.713500
9.648888 122.816275
9.657224 122.919050
9.66556 123.021825
9.673896 123.124601
9.682232 123.227376
9.690568 123.330151
9.698904 123.432926
9.70724 123.535701
9.715576 123.638476
9.723912 123.741251
9.732248 123.844026
9.740584 123.946802
9.74892 124.049577
9.757256 124.152352
9.765592 124.255127
9.773928 124.357902
9.782264 124.460677
9.7906 124.563452
9.798936 124.666227
9.807272 124.769003
9.815608 124.871778
9.823944 124.974553
9.83228 125.077328
9.840616 125.180103
9.848952 125.282878
9.857288 125.385653
9.865624 125.488428
9.87396 125.591204
9.882296 125.693979
9.890632 125.796754
9.898968 125.899529
9.907304 126.002304
9.91564 126.105079
9.923976 126.207854
9.932312 126.310629
9.940648 126.413405
9.948984 126.516180
9.95732 126.618955
9.965656 126.721730
9.973992 126.824505
9.982328 126.927280
9.990664 127.030055
9.999 127.132830
10.007336 127.235606
10.015672 127.338381
10.024008 127.441156
10.032344 127.543931
10.04068 127.646706
10.049016 127.749481
10.057352 127.852256
10.065688 127.955031
10.074024 128.057807
10.08236 128.160582
10.090696 128.263357
10.099032 128.366132
10.107368 128.468907
10.115704 128.571682
10.12404 128.674457
10.132376 128.777232
10.140712 128.880008
10.149048 128.982783
10.157384 129.085558
10.16572 129.188333
10.174056 129.291108
10.182392 129.393883
10.190728 129.496658
10.199064 129.599433
10.2074 129.702209
10.215736 129.804984
10.224072 129.907759
10.232408 130.010534
10.240744 130.113309
10.24908 130.216084
10.257416 130.318859
10.265752 130.421634
10.274088 130.524410
10.282424 130.627185
10.29076 130.729960
10.299096 130.832735
10.307432 130.935510
10.315768 131.038285
10.324104 131.141060
10.33244 131.243835
10.340776 131.346611
10.349112 131.449386
10.357448 131.552161
10.365784 131.654936
10.37412 131.757711
10.382456 131.860486
10.390792 131.963261
10.399128 132.066036
10.407464 132.168812
10.4158 132.271587
10.424136 132.374362
10.432472 132.477137
10.440808 132.579912
10.449144 132.682687
10.45748 132.785462
10.465816 132.888237
10.474152 132.991013
10.482488 133.093788
10.490824 133.196563
10.49916 133.299338
10.507496 133.402113
10.515832 133.504888
10.524168 133.607663
10.532504 133.710438
10.54084 133.813214
10.549176 133.915989
10.557512 134.018764
10.565848 134.121539
10.574184 134.224314
10.58252 134.327089
10.590856 134.429864
10.599192 134.532639
10.607528 134.635415
10.615864 134.738190
10.6242 134.840965
10.632536 134.943740
10.640872 135.046515
10.649208 135.149290
10.657544 135.252065
10.66588 135.354840
10.674216 135.457616
10.682552 135.560391
10.690888 135.663166
10.699224 135.765941
10.70756 135.868716
10.715896 135.971491
10.724232 136.074266
10.732568 136.177041
10.740904 136.279817
10.74924 136.382592
10.757576 136.485367
10.765912 136.588142
10.774248 136.690917
10.782584 136.793692
10.79092 136.896467
10.799256 136.999243
10.807592 137.102018
10.815928 137.204793
10.824264 137.307568
10.8326 137.410343
10.840936 137.513118
10.849272 137.615893
10.857608 137.718668
10.865944 137.821444
10.87428 137.924219
10.882616 138.026994
10.890952 138.129769
10.899288 138.232544
10.907624 138.335319
10.91596 138.438094
10.924296 138.540869
10.932632 138.643645
10.940968 138.746420
10.949304 138.849195
10.95764 138.951970
10.965976 139.054745
10.974312 139.157520
10.982648 139.260295
10.990984 139.363070
10.99932 139.465846
11.007656 139.568621
11.015992 139.671396
11.024328 139.774171
11.032664 139.876946
11.041 139.979721
11.049336 140.082496
11.057672 140.185271
11.066008 140.288047
11.074344 140.390822
11.08268 140.493597
11.091016 140.596372
11.099352 140.699147
11.107688 140.801922
11.116024 140.904697
11.12436 141.007472
11.132696 141.110248
11.141032 141.213023
11.149368 141.315798
11.157704 141.418573
11.16604 141.521348
11.174376 141.624123
11.182712 141.726898
11.191048 141.829673
11.199384 141.932449
11.20772 142.035224
11.216056 142.137999
11.224392 142.240774
11.232728 142.343549
11.241064 142.446324
11.2494 142.549099
11.257736 142.651874
11.266072 142.754650
11.274408 142.857425
11.282744 142.960200
11.29108 143.062975
11.299416 143.165750
11.307752 143.268525
11.316088 143.371300
11.324424 143.474075
11.33276 143.576851
11.341096 143.679626
11.349432 143.782401
11.357768 143.885176
11.366104 143.987951
11.37444 144.090726
11.382776 144.193501
11.391112 144.296276
11.399448 144.399052
11.407784 144.501827
11.41612 144.604602
11.424456 144.707377
11.432792 144.810152
11.441128 144.912927
11.449464 145.015702
11.4578 145.118477
11.466136 145.221253
11.474472 145.324028
11.482808 145.426803
11.491144 145.529578
11.49948 145.632353
11.507816 145.735128
11.516152 145.837903
11.524488 145.940678
11.532824 146.043454
11.54116 146.146229
11.549496 146.249004
11.557832 146.351779
11.566168 146.454554
11.574504 146.557329
11.58284 146.660104
11.591176 146.762879
11.599512 146.865655
11.607848 146.968430
11.616184 147.071205
11.62452 147.173980
11.632856 147.276755
11.641192 147.379530
11.649528 147.482305
11.657864 147.585080
11.6662 147.687856
11.674536 147.790631
11.682872 147.893406
11.691208 147.996181
11.699544 148.098956
11.70788 148.201731
11.716216 148.304506
11.724552 148.407281
11.732888 148.510057
11.741224 148.612832
11.74956 148.715607
11.757896 148.818382
11.766232 148.921157
11.774568 149.023932
11.782904 149.126707
11.79124 149.229482
11.799576 149.332258
11.807912 149.435033
11.816248 149.537808
11.824584 149.640583
11.83292 149.743358
11.841256 149.846133
11.849592 149.948908
11.857928 150.051683
11.866264 150.154459
11.8746 150.257234
11.882936 150.360009
11.891272 150.462784
11.899608 150.565559
11.907944 150.668334
11.91628 150.771109
11.924616 150.873884
11.932952 150.976660
11.941288 151.079435
11.949624 151.182210
11.95796 151.284985
11.966296 151.387760
11.974632 151.490535
11.982968 151.593310
11.991304 151.696085
11.99964 151.798861
12.007976 151.901636
12.016312 152.004411
12.024648 152.107186
12.032984 152.209961
12.04132 152.312736
12.049656 152.415511
12.057992 152.518286
12.066328 152.621062
12.074664 152.723837
12.083 152.826612
12.091336 152.929387
12.099672 153.032162
12.108008 153.134937
12.116344 153.237712
12.12468 153.340487
12.133016 153.443263
12.141352 153.546038
12.149688 153.648813
12.158024 153.751588
12.16636 153.854363
12.174696 153.957138
12.183032 154.059913
12.191368 154.162688
12.199704 154.265464
12.20804 154.368239
12.216376 154.471014
12.224712 154.573789
12.233048 154.676564
12.241384 154.779339
12.24972 154.882114
12.258056 154.984889
12.266392 155.087665
12.274728 155.190440
12.283064 155.293215
12.2914 155.395990
12.299736 155.498765
12.308072 155.601540
12.316408 155.704315
12.324744 155.807090
12.33308 155.909866
12.341416 156.012641
12.349752 156.115416
12.358088 156.218191
12.366424 156.320966
12.37476 156.423741
12.383096 156.526516
12.391432 156.629292
12.399768 156.732067
12.408104 156.834842
12.41644 156.937617
12.424776 157.040392
12.433112 157.143167
12.441448 157.245942
12.449784 157.348717
12.45812 157.451493
12.466456 157.554268
12.474792 157.657043
12.483128 157.759818
12.491464 157.862593
12.4998 157.965368
12.508136 158.068143
12.516472 158.170918
12.524808 158.273694
12.533144 158.376469
12.54148 158.479244
12.549816 158.582019
12.558152 158.684794
12.566488 158.787569
12.574824 158.890344
12.58316 158.993119
12.591496 159.095895
12.599832 159.198670
12.608168 159.301445
12.616504 159.404220
12.62484 159.506995
12.633176 159.609770
12.641512 159.712545
12.649848 159.815320
12.658184 159.918096
12.66652 160.020871
12.674856 160.123646
12.683192 160.226421
12.691528 160.329196
12.699864 160.431971
12.7082 160.534746
12.716536 160.637521
12.724872 160.740297
12.733208 160.843072
12.741544 160.945847
12.74988 161.048622
12.758216 161.151397
12.766552 161.254172
12.774888 161.356947
12.783224 161.459722
12.79156 161.562498
12.799896 161.665273
12.808232 161.768048
12.816568 161.870823
12.824904 161.973598
12.83324 162.076373
12.841576 162.179148
12.849912 162.281923
12.858248 162.384699
12.866584 162.487474
12.87492 162.590249
12.883256 162.693024
12.891592 162.795799
12.899928 162.898574
12.908264 163.001349
12.9166 163.104124
12.924936 163.206900
12.933272 163.309675
12.941608 163.412450
12.949944 163.515225
12.95828 163.618000
12.966616 163.720775
12.974952 163.823550
12.983288 163.926325
12.991624 164.029101
12.99996 164.131876
13.008296 164.234651
13.016632 164.337426
13.024968 164.440201
13.033304 164.542976
13.04164 164.645751
13.049976 164.748526
13.058312 164.851302
13.066648 164.954077
13.074984 165.056852
13.08332 165.159627
13.091656 165.262402
13.099992 165.365177
13.108328 165.467952
13.116664 165.570727
13.125 165.673503
13.133336 165.776278
13.141672 165.879053
13.150008 165.981828
13.158344 166.084603
13.16668 166.187378
13.175016 166.290153
13.183352 166.392928
13.191688 166.495704
13.200024 166.598479
13.20836 166.701254
13.216696 166.804029
13.225032 166.906804
13.233368 167.009579
13.241704 167.112354
13.25004 167.215129
13.258376 167.317905
13.266712 167.420680
13.275048 167.523455
13.283384 167.626230
13.29172 167.729005
13.300056 167.831780
13.308392 167.934555
13.316728 168.037330
13.325064 168.140106
13.3334 168.242881
13.341736 168.345656
13.350072 168.448431
13.358408 168.551206
13.366744 168.653981
13.37508 168.756756
13.383416 168.859531
13.391752 168.962307
13.400088 169.065082
13.408424 169.167857
13.41676 169.270632
13.425096 169.373407
13.433432 169.476182
13.441768 169.578957
13.450104 169.681732
13.45844 169.784508
13.466776 169.887283
13.475112 169.990058
13.483448 170.092833
13.491784 170.195608
13.50012 170.298383
13.508456 170.401158
13.516792 170.503933
13.525128 170.606709
13.533464 170.709484
13.5418 170.812259
13.550136 170.915034
13.558472 171.017809
13.566808 171.120584
13.575144 171.223359
13.58348 171.326134
13.591816 171.428910
13.600152 171.531685
13.608488 171.634460
13.616824 171.737235
13.62516 171.840010
13.633496 171.942785
13.641832 172.045560
13.650168 172.148335
13.658504 172.251111
13.66684 172.353886
13.675176 172.456661
13.683512 172.559436
13.691848 172.662211
13.700184 172.764986
13.70852 172.867761
13.716856 172.970536
13.725192 173.073312
13.733528 173.176087
13.741864 173.278862
13.7502 173.381637
13.758536 173.484412
13.766872 173.587187
13.775208 173.689962
13.783544 173.792737
13.79188 173.895513
13.800216 173.998288
13.808552 174.101063
13.816888 174.203838
13.825224 174.306613
13.83356 174.409388
13.841896 174.512163
13.850232 174.614938
13.858568 174.717714
13.866904 174.820489
13.87524 174.923264
13.883576 175.026039
13.891912 175.128814
13.900248 175.231589
13.908584 175.334364
13.91692 175.437139
13.925256 175.539915
13.933592 175.642690
13.941928 175.745465
13.950264 175.848240
13.9586 175.951015
13.966936 176.053790
13.975272 176.156565
13.983608 176.259341
13.991944 176.362116
14.00028 176.464891
14.008616 176.567666
14.016952 176.670441
14.025288 176.773216
14.033624 176.875991
14.04196 176.978766
14.050296 177.081542
14.058632 177.184317
14.066968 177.287092
14.075304 177.389867
14.08364 177.492642
14.091976 177.595417
14.100312 177.698192
14.108648 177.800967
14.116984 177.903743
14.12532 178.006518
14.133656 178.109293
14.141992 178.212068
14.150328 178.314843
14.158664 178.417618
14.167 178.520393
14.175336 178.623168
14.183672 178.725944
14.192008 178.828719
14.200344 178.931494
14.20868 179.034269
14.217016 179.137044
14.225352 179.239819
14.233688 179.342594
14.242024 179.445369
14.25036 179.548145
14.258696 179.650920
14.267032 179.753695
14.275368 179.856470
14.283704 179.959245
14.29204 180.062020
14.300376 180.164795
14.308712 180.267570
14.317048 180.370346
14.325384 180.473121
14.33372 180.575896
14.342056 180.678671
14.350392 180.781446
14.358728 180.884221
14.367064 180.986996
14.3754 181.089771
14.383736 181.192547
14.392072 181.295322
14.400408 181.398097
14.408744 181.500872
14.41708 181.603647
14.425416 181.706422
14.433752 181.809197
14.442088 181.911972
14.450424 182.014748
14.45876 182.117523
14.467096 182.220298
14.475432 182.323073
14.483768 182.425848
14.492104 182.528623
14.50044 182.631398
14.508776 182.734173
14.517112 182.836949
14.525448 182.939724
14.533784 183.042499
14.54212 183.145274
14.550456 183.248049
14.558792 183.350824
14.567128 183.453599
14.575464 183.556374
14.5838 183.659150
14.592136 183.761925
14.600472 183.864700
14.608808 183.967475
14.617144 184.070250
14.62548 184.173025
14.633816 184.275800
14.642152 184.378575
14.650488 184.481351
14.658824 184.584126
14.66716 184.686901
14.675496 184.789676
14.683832 184.892451
14.692168 184.995226
14.700504 185.098001
14.70884 185.200776
14.717176 185.303552
14.725512 185.406327
14.733848 185.509102
14.742184 185.611877
14.75052 185.714652
14.758856 185.817427
14.767192 185.920202
14.775528 186.022977
14.783864 186.125753
14.7922 186.228528
14.800536 186.331303
14.808872 186.434078
14.817208 186.536853
14.825544 186.639628
14.83388 186.742403
14.842216 186.845178
14.850552 186.947954
14.858888 187.050729
14.867224 187.153504
14.87556 187.256279
14.883896 187.359054
14.892232 187.461829
14.900568 187.564604
14.908904 187.667379
14.91724 187.770155
14.925576 187.872930
14.933912 187.975705
14.942248 188.078480
14.950584 188.181255
14.95892 188.284030
14.967256 188.386805
14.975592 188.489580
14.983928 188.592356
14.992264 188.695131
15.0006 188.797906
15.008936 188.900681
15.017272 189.003456
15.025608 189.106231
15.033944 189.209006
15.04228 189.311781
15.050616 189.414557
15.058952 189.517332
15.067288 189.620107
15.075624 189.722882
15.08396 189.825657
15.092296 189.928432
15.100632 190.031207
15.108968 190.133982
15.117304 190.236758
15.12564 190.339533
15.133976 190.442308
15.142312 190.545083
15.150648 190.647858
15.158984 190.750633
15.16732 190.853408
15.175656 190.956183
15.183992 191.058959
15.192328 191.161734
15.200664 191.264509
15.209 191.367284
15.217336 191.470059
15.225672 191.572834
15.234008 191.675609
15.242344 191.778384
15.25068 191.881160
15.259016 191.983935
15.267352 192.086710
15.275688 192.189485
15.284024 192.292260
15.29236 192.395035
15.300696 192.497810
15.309032 192.600585
15.317368 192.703361
15.325704 192.806136
15.33404 192.908911
15.342376 193.011686
15.350712 193.114461
15.359048 193.217236
15.367384 193.320011
15.37572 193.422786
15.384056 193.525562
15.392392 193.628337
15.400728 193.731112
15.409064 193.833887
15.4174 193.936662
15.425736 194.039437
15.434072 194.142212
15.442408 194.244987
15.450744 194.347763
15.45908 194.450538
15.467416 194.553313
15.475752 194.656088
15.484088 194.758863
15.492424 194.861638
15.50076 194.964413
15.509096 195.067188
15.517432 195.169964
15.525768 195.272739
15.534104 195.375514
15.54244 195.478289
15.550776 195.581064
15.559112 195.683839
15.567448 195.786614
15.575784 195.889390
15.58412 195.992165
15.592456 196.094940
15.600792 196.197715
15.609128 196.300490
15.617464 196.403265
15.6258 196.506040
15.634136 196.608815
15.642472 196.711591
15.650808 196.814366
15.659144 196.917141
15.66748 197.019916
15.675816 197.122691
15.684152 197.225466
15.692488 197.328241
15.700824 197.431016
15.70916 197.533792
15.717496 197.636567
15.725832 197.739342
15.734168 197.842117
15.742504 197.944892
15.75084 198.047667
15.759176 198.150442
15.767512 198.253217
15.775848 198.355993
15.784184 198.458768
15.79252 198.561543
15.800856 198.664318
15.809192 198.767093
15.817528 198.869868
15.825864 198.972643
15.8342 199.075418
15.842536 199.178194
15.850872 199.280969
15.859208 199.383744
15.867544 199.486519
15.87588 199.589294
15.884216 199.692069
15.892552 199.794844
15.900888 199.897619
15.909224 200.000395
15.91756 200.103170
15.925896 200.205945
15.934232 200.308720
15.942568 200.411495
15.950904 200.514270
15.95924 200.617045
15.967576 200.719820
15.975912 200.822596
15.984248 200.925371
15.992584 201.028146
16.00092 201.130921
16.009256 201.233696
16.017592 201.336471
16.025928 201.439246
16.034264 201.542021
16.0426 201.644797
16.050936 201.747572
16.059272 201.850347
16.067608 201.953122
16.075944 202.055897
16.08428 202.158672
16.092616 202.261447
16.100952 202.364222
16.109288 202.466998
16.117624 202.569773
16.12596 202.672548
16.134296 202.775323
16.142632 202.878098
16.150968 202.980873
16.159304 203.083648
16.16764 203.186423
16.175976 203.289199
16.184312 203.391974
16.192648 203.494749
16.200984 203.597524
16.20932 203.700299
16.217656 203.803074
16.225992 203.905849
16.234328 204.008624
16.242664 204.111400
16.251 204.214175
16.259336 204.316950
16.267672 204.419725
16.276008 204.522500
16.284344 204.625275
16.29268 204.728050
16.301016 204.830825
16.309352 204.933601
16.317688 205.036376
16.326024 205.139151
16.33436 205.241926
16.342696 205.344701
16.351032 205.447476
16.359368 205.550251
16.367704 205.653026
16.37604 205.755802
16.384376 205.858577
16.392712 205.961352
16.401048 206.064127
16.409384 206.166902
16.41772 206.269677
16.426056 206.372452
16.434392 206.475227
16.442728 206.578003
16.451064 206.680778
16.4594 206.783553
16.467736 206.886328
16.476072 206.989103
16.484408 207.091878
16.492744 207.194653
16.50108 207.297428
16.509416 207.400204
16.517752 207.502979
16.526088 207.605754
16.534424 207.708529
16.54276 207.811304
16.551096 207.914079
16.559432 208.016854
16.567768 208.119629
16.576104 208.222405
16.58444 208.325180
16.592776 208.427955
16.601112 208.530730
16.609448 208.633505
16.617784 208.736280
16.62612 208.839055
16.634456 208.941830
16.642792 209.044606
16.651128 209.147381
16.659464 209.250156
16.6678 209.352931
16.676136 209.455706
16.684472 209.558481
16.692808 209.661256
16.701144 209.764031
16.70948 209.866807
16.717816 209.969582
16.726152 210.072357
16.734488 210.175132
16.742824 210.277907
16.75116 210.380682
16.759496 210.483457
16.767832 210.586232
16.776168 210.689008
16.784504 210.791783
16.79284 210.894558
16.801176 210.997333
16.809512 211.100108
16.817848 211.202883
16.826184 211.305658
16.83452 211.408433
16.842856 211.511209
16.851192 211.613984
16.859528 211.716759
16.867864 211.819534
16.8762 211.922309
16.884536 212.025084
16.892872 212.127859
16.901208 212.230634
16.909544 212.333410
16.91788 212.436185
16.926216 212.538960
16.934552 212.641735
16.942888 212.744510
16.951224 212.847285
16.95956 212.950060
16.967896 213.052835
16.976232 213.155611
16.984568 213.258386
16.992904 213.361161
17.00124 213.463936
17.009576 213.566711
17.017912 213.669486
17.026248 213.772261
17.034584 213.875036
17.04292 213.977812
17.051256 214.080587
17.059592 214.183362
17.067928 214.286137
17.076264 214.388912
17.0846 214.491687
17.092936 214.594462
17.101272 214.697237
17.109608 214.800013
17.117944 214.902788
17.12628 215.005563
17.134616 215.108338
17.142952 215.211113
17.151288 215.313888
17.159624 215.416663
17.16796 215.519439
17.176296 215.622214
17.184632 215.724989
17.192968 215.827764
17.201304 215.930539
17.20964 216.033314
17.217976 216.136089
17.226312 216.238864
17.234648 216.341640
17.242984 216.444415
17.25132 216.547190
17.259656 216.649965
17.267992 216.752740
17.276328 216.855515
17.284664 216.958290
17.293 217.061065
17.301336 217.163841
17.309672 217.266616
17.318008 217.369391
17.326344 217.472166
17.33468 217.574941
17.343016 217.677716
17.351352 217.780491
17.359688 217.883266
17.368024 217.986042
17.37636 218.088817
17.384696 218.191592
17.393032 218.294367
17.401368 218.397142
17.409704 218.499917
17.41804 218.602692
17.426376 218.705467
17.434712 218.808243
17.443048 218.911018
17.451384 219.013793
17.45972 219.116568
17.468056 219.219343
17.476392 219.322118
17.484728 219.424893
17.493064 219.527668
17.5014 219.630444
17.509736 219.733219
17.518072 219.835994
17.526408 219.938769
17.534744 220.041544
17.54308 220.144319
17.551416 220.247094
17.559752 220.349869
17.568088 220.452645
17.576424 220.555420
17.58476 220.658195
17.593096 220.760970
17.601432 220.863745
17.609768 220.966520
17.618104 221.069295
17.62644 221.172070
17.634776 221.274846
17.643112 221.377621
17.651448 221.480396
17.659784 221.583171
17.66812 221.685946
17.676456 221.788721
17.684792 221.891496
17.693128 221.994271
17.701464 222.097047
17.7098 222.199822
17.718136 222.302597
17.726472 222.405372
17.734808 222.508147
17.743144 222.610922
17.75148 222.713697
17.759816 222.816472
17.768152 222.919248
17.776488 223.022023
17.784824 223.124798
17.79316 223.227573
17.801496 223.330348
17.809832 223.433123
17.818168 223.535898
17.826504 223.638673
17.83484 223.741449
17.843176 223.844224
17.851512 223.946999
17.859848 224.049774
17.868184 224.152549
17.87652 224.255324
17.884856 224.358099
17.893192 224.460874
17.901528 224.563650
17.909864 224.666425
17.9182 224.769200
17.926536 224.871975
17.934872 224.974750
17.943208 225.077525
17.951544 225.180300
17.95988 225.283075
17.968216 225.385851
17.976552 225.488626
17.984888 225.591401
17.993224 225.694176
18.00156 225.796951
18.009896 225.899726
18.018232 226.002501
18.026568 226.105276
18.034904 226.208052
18.04324 226.310827
18.051576 226.413602
18.059912 226.516377
18.068248 226.619152
18.076584 226.721927
18.08492 226.824702
18.093256 226.927477
18.101592 227.030253
18.109928 227.133028
18.118264 227.235803
18.1266 227.338578
18.134936 227.441353
18.143272 227.544128
18.151608 227.646903
18.159944 227.749678
18.16828 227.852454
18.176616 227.955229
18.184952 228.058004
18.193288 228.160779
18.201624 228.263554
18.20996 228.366329
18.218296 228.469104
18.226632 228.571879
18.234968 228.674655
18.243304 228.777430
18.25164 228.880205
18.259976 228.982980
18.268312 229.085755
18.276648 229.188530
18.284984 229.291305
18.29332 229.394080
18.301656 229.496856
18.309992 229.599631
18.318328 229.702406
18.326664 229.805181
18.335 229.907956
18.343336 230.010731
18.351672 230.113506
18.360008 230.216281
18.368344 230.319057
18.37668 230.421832
18.385016 230.524607
18.393352 230.627382
18.401688 230.730157
18.410024 230.832932
18.41836 230.935707
18.426696 231.038482
18.435032 231.141258
18.443368 231.244033
18.451704 231.346808
18.46004 231.449583
18.468376 231.552358
18.476712 231.655133
18.485048 231.757908
18.493384 231.860683
18.50172 231.963459
18.510056 232.066234
18.518392 232.169009
18.526728 232.271784
18.535064 232.374559
18.5434 232.477334
18.551736 232.580109
18.560072 232.682884
18.568408 232.785660
18.576744 232.888435
18.58508 232.991210
18.593416 233.093985
18.601752 233.196760
18.610088 233.299535
18.618424 233.402310
18.62676 233.505085
18.635096 233.607861
18.643432 233.710636
18.651768 233.813411
18.660104 233.916186
18.66844 234.018961
18.676776 234.121736
18.685112 234.224511
18.693448 234.327286
18.701784 234.430062
18.71012 234.532837
18.718456 234.635612
18.726792 234.738387
18.735128 234.841162
18.743464 234.943937
18.7518 235.046712
18.760136 235.149488
18.768472 235.252263
18.776808 235.355038
18.785144 235.457813
18.79348 235.560588
18.801816 235.663363
18.810152 235.766138
18.818488 235.868913
18.826824 235.971689
18.83516 236.074464
18.843496 236.177239
18.851832 236.280014
18.860168 236.382789
18.868504 236.485564
18.87684 236.588339
18.885176 236.691114
18.893512 236.793890
18.901848 236.896665
18.910184 236.999440
18.91852 237.102215
18.926856 237.204990
18.935192 237.307765
18.943528 237.410540
18.951864 237.513315
18.9602 237.616091
18.968536 237.718866
18.976872 237.821641
18.985208 237.924416
18.993544 238.027191
19.00188 238.129966
19.010216 238.232741
19.018552 238.335516
19.026888 238.438292
19.035224 238.541067
19.04356 238.643842
19.051896 238.746617
19.060232 238.849392
19.068568 238.952167
19.076904 239.054942
19.08524 239.157717
19.093576 239.260493
19.101912 239.363268
19.110248 239.466043
19.118584 239.568818
19.12692 239.671593
19.135256 239.774368
19.143592 239.877143
19.151928 239.979918
19.160264 240.082694
19.1686 240.185469
19.176936 240.288244
19.185272 240.391019
19.193608 240.493794
19.201944 240.596569
19.21028 240.699344
19.218616 240.802119
19.226952 240.904895
19.235288 241.007670
19.243624 241.110445
19.25196 241.213220
19.260296 241.315995
19.268632 241.418770
19.276968 241.521545
19.285304 241.624320
19.29364 241.727096
19.301976 241.829871
19.310312 241.932646
19.318648 242.035421
19.326984 242.138196
19.33532 242.240971
19.343656 242.343746
19.351992 242.446521
19.360328 242.549297
19.368664 242.652072
19.377 242.754847
19.385336 242.857622
19.393672 242.960397
19.402008 243.063172
19.410344 243.165947
19.41868 243.268722
19.427016 243.371498
19.435352 243.474273
19.443688 243.577048
19.452024 243.679823
19.46036 243.782598
19.468696 243.885373
19.477032 243.988148
19.485368 244.090923
19.493704 244.193699
19.50204 244.296474
19.510376 244.399249
19.518712 244.502024
19.527048 244.604799
19.535384 244.707574
19.54372 244.810349
19.552056 244.913124
19.560392 245.015900
19.568728 245.118675
19.577064 245.221450
19.5854 245.324225
19.593736 245.427000
19.602072 245.529775
19.610408 245.632550
19.618744 245.735325
19.62708 245.838101
19.635416 245.940876
19.643752 246.043651
19.652088 246.146426
19.660424 246.249201
19.66876 246.351976
19.677096 246.454751
19.685432 246.557526
19.693768 246.660302
19.702104 246.763077
19.71044 246.865852
19.718776 246.968627
19.727112 247.071402
19.735448 247.174177
19.743784 247.276952
19.75212 247.379727
19.760456 247.482503
19.768792 247.585278
19.777128 247.688053
19.785464 247.790828
19.7938 247.893603
19.802136 247.996378
19.810472 248.099153
19.818808 248.201928
19.827144 248.304704
19.83548 248.407479
19.843816 248.510254
19.852152 248.613029
19.860488 248.715804
19.868824 248.818579
19.87716 248.921354
19.885496 249.024129
19.893832 249.126905
19.902168 249.229680
19.910504 249.332455
19.91884 249.435230
19.927176 249.538005
19.935512 249.640780
19.943848 249.743555
19.952184 249.846330
19.96052 249.949106
19.968856 250.051881
19.977192 250.154656
19.985528 250.257431
19.993864 250.360206
20.0022 250.462981
20.010536 250.565756
20.018872 250.668531
20.027208 250.771307
20.035544 250.874082
20.04388 250.976857
20.052216 251.079632
20.060552 251.182407
20.068888 251.285182
20.077224 251.387957
20.08556 251.490732
20.093896 251.593508
20.102232 251.696283
20.110568 251.799058
20.118904 251.901833
20.12724 252.004608
20.135576 252.107383
20.143912 252.210158
20.152248 252.312933
20.160584 252.415709
20.16892 252.518484
20.177256 252.621259
20.185592 252.724034
20.193928 252.826809
20.202264 252.929584
20.2106 253.032359
20.218936 253.135134
20.227272 253.237910
20.235608 253.340685
20.243944 253.443460
20.25228 253.546235
20.260616 253.649010
20.268952 253.751785
20.277288 253.854560
20.285624 253.957336
20.29396 254.060111
20.302296 254.162886
20.310632 254.265661
20.318968 254.368436
20.327304 254.471211
20.33564 254.573986
20.343976 254.676761
20.352312 254.779537
20.360648 254.882312
20.368984 254.985087
20.37732 255.087862
20.385656 255.190637
20.393992 255.293412
20.402328 255.396187
20.410664 255.498962
20.419 255.601738
20.427336 255.704513
20.435672 255.807288
20.444008 255.910063
20.452344 256.012838
20.46068 256.115613
20.469016 256.218388
20.477352 256.321163
20.485688 256.423939
20.494024 256.526714
20.50236 256.629489
20.510696 256.732264
20.519032 256.835039
20.527368 256.937814
20.535704 257.040589
20.54404 257.143364
20.552376 257.246140
20.560712 257.348915
20.569048 257.451690
20.577384 257.554465
20.58572 257.657240
20.594056 257.760015
20.602392 257.862790
20.610728 257.965565
20.619064 258.068341
20.6274 258.171116
20.635736 258.273891
20.644072 258.376666
20.652408 258.479441
20.660744 258.582216
20.66908 258.684991
20.677416 258.787766
20.685752 258.890542
20.694088 258.993317
20.702424 259.096092
20.71076 259.198867
20.719096 259.301642
20.727432 259.404417
20.735768 259.507192
20.744104 259.609967
20.75244 259.712743
20.760776 259.815518
20.769112 259.918293
20.777448 260.021068
20.785784 260.123843
20.79412 260.226618
20.802456 260.329393
20.810792 260.432168
20.819128 260.534944
20.827464 260.637719
20.8358 260.740494
20.844136 260.843269
20.852472 260.946044
20.860808 261.048819
20.869144 261.151594
20.87748 261.254369
20.885816 261.357145
20.894152 261.459920
20.902488 261.562695
20.910824 261.665470
20.91916 261.768245
20.927496 261.871020
20.935832 261.973795
20.944168 262.076570
20.952504 262.179346
20.96084 262.282121
20.969176 262.384896
20.977512 262.487671
20.985848 262.590446
20.994184 262.693221
21.00252 262.795996
21.010856 262.898771
21.019192 263.001547
21.027528 263.104322
21.035864 263.207097
21.0442 263.309872
21.052536 263.412647
21.060872 263.515422
21.069208 263.618197
21.077544 263.720972
21.08588 263.823748
21.094216 263.926523
21.102552 264.029298
21.110888 264.132073
21.119224 264.234848
21.12756 264.337623
21.135896 264.440398
21.144232 264.543173
21.152568 264.645949
21.160904 264.748724
21.16924 264.851499
21.177576 264.954274
21.185912 265.057049
21.194248 265.159824
21.202584 265.262599
21.21092 265.365374
21.219256 265.468150
21.227592 265.570925
21.235928 265.673700
21.244264 265.776475
21.2526 265.879250
21.260936 265.982025
21.269272 266.084800
21.277608 266.187575
21.285944 266.290351
21.29428 266.393126
21.302616 266.495901
21.310952 266.598676
21.319288 266.701451
21.327624 266.804226
21.33596 266.907001
21.344296 267.009776
21.352632 267.112552
21.360968 267.215327
21.369304 267.318102
21.37764 267.420877
21.385976 267.523652
21.394312 267.626427
21.402648 267.729202
21.410984 267.831977
21.41932 267.934753
21.427656 268.037528
21.435992 268.140303
21.444328 268.243078
21.452664 268.345853
21.461 268.448628
21.469336 268.551403
21.477672 268.654178
21.486008 268.756954
21.494344 268.859729
21.50268 268.962504
21.511016 269.065279
21.519352 269.168054
21.527688 269.270829
21.536024 269.373604
21.54436 269.476379
21.552696 269.579155
21.561032 269.681930
21.569368 269.784705
21.577704 269.887480
21.58604 269.990255
21.594376 270.093030
21.602712 270.195805
21.611048 270.298580
21.619384 270.401356
21.62772 270.504131
21.636056 270.606906
21.644392 270.709681
21.652728 270.812456
21.661064 270.915231
21.6694 271.018006
21.677736 271.120781
21.686072 271.223557
21.694408 271.326332
21.702744 271.429107
21.71108 271.531882
21.719416 271.634657
21.727752 271.737432
21.736088 271.840207
21.744424 271.942982
21.75276 272.045758
21.761096 272.148533
21.769432 272.251308
21.777768 272.354083
21.786104 272.456858
21.79444 272.559633
21.802776 272.662408
21.811112 272.765183
21.819448 272.867959
21.827784 272.970734
21.83612 273.073509
21.844456 273.176284
21.852792 273.279059
21.861128 273.381834
21.869464 273.484609
21.8778 273.587385
21.886136 273.690160
21.894472 273.792935
21.902808 273.895710
21.911144 273.998485
21.91948 274.101260
21.927816 274.204035
21.936152 274.306810
21.944488 274.409586
21.952824 274.512361
21.96116 274.615136
21.969496 274.717911
21.977832 274.820686
21.986168 274.923461
21.994504 275.026236
22.00284 275.129011
22.011176 275.231787
22.019512 275.334562
22.027848 275.437337
22.036184 275.540112
22.04452 275.642887
22.052856 275.745662
22.061192 275.848437
22.069528 275.951212
22.077864 276.053988
22.0862 276.156763
22.094536 276.259538
22.102872 276.362313
22.111208 276.465088
22.119544 276.567863
22.12788 276.670638
22.136216 276.773413
22.144552 276.876189
22.152888 276.978964
22.161224 277.081739
22.16956 277.184514
22.177896 277.287289
22.186232 277.390064
22.194568 277.492839
22.202904 277.595614
22.21124 277.698390
22.219576 277.801165
22.227912 277.903940
22.236248 278.006715
22.244584 278.109490
22.25292 278.212265
22.261256 278.315040
22.269592 278.417815
22.277928 278.520591
22.286264 278.623366
22.2946 278.726141
22.302936 278.828916
22.311272 278.931691
22.319608 279.034466
22.327944 279.137241
22.33628 279.240016
22.344616 279.342792
22.352952 279.445567
22.361288 279.548342
22.369624 279.651117
22.37796 279.753892
22.386296 279.856667
22.394632 279.959442
22.402968 280.062217
22.411304 280.164993
22.41964 280.267768
22.427976 280.370543
22.436312 280.473318
22.444648 280.576093
22.452984 280.678868
22.46132 280.781643
22.469656 280.884418
22.477992 280.987194
22.486328 281.089969
22.494664 281.192744
22.503 281.295519
22.511336 281.398294
22.519672 281.501069
22.528008 281.603844
22.536344 281.706619
22.54468 281.809395
22.553016 281.912170
22.561352 282.014945
22.569688 282.117720
22.578024 282.220495
22.58636 282.323270
22.594696 282.426045
22.603032 282.528820
22.611368 282.631596
22.619704 282.734371
22.62804 282.837146
22.636376 282.939921
22.644712 283.042696
22.653048 283.145471
22.661384 283.248246
22.66972 283.351021
22.678056 283.453797
22.686392 283.556572
22.694728 283.659347
22.703064 283.762122
22.7114 283.864897
22.719736 283.967672
22.728072 284.070447
22.736408 284.173222
22.744744 284.275998
22.75308 284.378773
22.761416 284.481548
22.769752 284.584323
22.778088 284.687098
22.786424 284.789873
22.79476 284.892648
22.803096 284.995423
22.811432 285.098199
22.819768 285.200974
22.828104 285.303749
22.83644 285.406524
22.844776 285.509299
22.853112 285.612074
22.861448 285.714849
22.869784 285.817624
22.87812 285.920400
22.886456 286.023175
22.894792 286.125950
22.903128 286.228725
22.911464 286.331500
22.9198 286.434275
22.928136 286.537050
22.936472 286.639825
22.944808 286.742601
22.953144 286.845376
22.96148 286.948151
22.969816 287.050926
22.978152 287.153701
22.986488 287.256476
22.994824 287.359251
23.00316 287.462026
23.011496 287.564802
23.019832 287.667577
23.028168 287.770352
23.036504 287.873127
23.04484 287.975902
23.053176 288.078677
23.061512 288.181452
23.069848 288.284227
23.078184 288.387003
23.08652 288.489778
23.094856 288.592553
23.103192 288.695328
23.111528 288.798103
23.119864 288.900878
23.1282 289.003653
23.136536 289.106428
23.144872 289.209204
23.153208 289.311979
23.161544 289.414754
23.16988 289.517529
23.178216 289.620304
23.186552 289.723079
23.194888 289.825854
23.203224 289.928629
23.21156 290.031405
23.219896 290.134180
23.228232 290.236955
23.236568 290.339730
23.244904 290.442505
23.25324 290.545280
23.261576 290.648055
23.269912 290.750830
23.278248 290.853606
23.286584 290.956381
23.29492 291.059156
23.303256 291.161931
23.311592 291.264706
23.319928 291.367481
23.328264 291.470256
23.3366 291.573031
23.344936 291.675807
23.353272 291.778582
23.361608 291.881357
23.369944 291.984132
23.37828 292.086907
23.386616 292.189682
23.394952 292.292457
23.403288 292.395232
23.411624 292.498008
23.41996 292.600783
23.428296 292.703558
23.436632 292.806333
23.444968 292.909108
23.453304 293.011883
23.46164 293.114658
23.469976 293.217434
23.478312 293.320209
23.486648 293.422984
23.494984 293.525759
23.50332 293.628534
23.511656 293.731309
23.519992 293.834084
23.528328 293.936859
23.536664 294.039635
23.545 294.142410
23.553336 294.245185
23.561672 294.347960
23.570008 294.450735
23.578344 294.553510
23.58668 294.656285
23.595016 294.759060
23.603352 294.861836
23.611688 294.964611
23.620024 295.067386
23.62836 295.170161
23.636696 295.272936
23.645032 295.375711
23.653368 295.478486
23.661704 295.581261
23.67004 295.684037
23.678376 295.786812
23.686712 295.889587
23.695048 295.992362
23.703384 296.095137
23.71172 296.197912
23.720056 296.300687
23.728392 296.403462
23.736728 296.506238
23.745064 296.609013
23.7534 296.711788
23.761736 296.814563
23.770072 296.917338
23.778408 297.020113
23.786744 297.122888
23.79508 297.225663
23.803416 297.328439
23.811752 297.431214
23.820088 297.533989
23.828424 297.636764
23.83676 297.739539
23.845096 297.842314
23.853432 297.945089
23.861768 298.047864
23.870104 298.150640
23.87844 298.253415
23.886776 298.356190
23.895112 298.458965
23.903448 298.561740
23.911784 298.664515
23.92012 298.767290
23.928456 298.870065
23.936792 298.972841
23.945128 299.075616
23.953464 299.178391
23.9618 299.281166
23.970136 299.383941
23.978472 299.486716
23.986808 299.589491
23.995144 299.692266
24.00348 299.795042
24.011816 299.897817
24.020152 300.000592
24.028488 300.103367
24.036824 300.206142
24.04516 300.308917
24.053496 300.411692
24.061832 300.514467
24.070168 300.617243
24.078504 300.720018
24.08684 300.822793
24.095176 300.925568
24.103512 301.028343
24.111848 301.131118
24.120184 301.233893
24.12852 301.336668
24.136856 301.439444
24.145192 301.542219
24.153528 301.644994
24.161864 301.747769
24.1702 301.850544
24.178536 301.953319
24.186872 302.056094
24.195208 302.158869
24.203544 302.261645
24.21188 302.364420
24.220216 302.467195
24.228552 302.569970
24.236888 302.672745
24.245224 302.775520
24.25356 302.878295
24.261896 302.981070
24.270232 303.083846
24.278568 303.186621
24.286904 303.289396
24.29524 303.392171
24.303576 303.494946
24.311912 303.597721
24.320248 303.700496
24.328584 303.803271
24.33692 303.906047
24.345256 304.008822
24.353592 304.111597
24.361928 304.214372
24.370264 304.317147
24.3786 304.419922
24.386936 304.522697
24.395272 304.625472
24.403608 304.728248
24.411944 304.831023
24.42028 304.933798
24.428616 305.036573
24.436952 305.139348
24.445288 305.242123
24.453624 305.344898
24.46196 305.447673
24.470296 305.550449
24.478632 305.653224
24.486968 305.755999
24.495304 305.858774
24.50364 305.961549
24.511976 306.064324
24.520312 306.167099
24.528648 306.269874
24.536984 306.372650
24.54532 306.475425
24.553656 306.578200
24.561992 306.680975
24.570328 306.783750
24.578664 306.886525
24.587 306.989300
24.595336 307.092075
24.603672 307.194851
24.612008 307.297626
24.620344 307.400401
24.62868 307.503176
24.637016 307.605951
24.645352 307.708726
24.653688 307.811501
24.662024 307.914276
24.67036 308.017052
24.678696 308.119827
24.687032 308.222602
24.695368 308.325377
24.703704 308.428152
24.71204 308.530927
24.720376 308.633702
24.728712 308.736477
24.737048 308.839253
24.745384 308.942028
24.75372 309.044803
24.762056 309.147578
24.770392 309.250353
24.778728 309.353128
24.787064 309.455903
24.7954 309.558678
24.803736 309.661454
24.812072 309.764229
24.820408 309.867004
24.828744 309.969779
24.83708 310.072554
24.845416 310.175329
24.853752 310.278104
24.862088 310.380879
24.870424 310.483655
24.87876 310.586430
24.887096 310.689205
24.895432 310.791980
24.903768 310.894755
24.912104 310.997530
24.92044 311.100305
24.928776 311.203080
24.937112 311.305856
24.945448 311.408631
24.953784 311.511406
24.96212 311.614181
24.970456 311.716956
24.978792 311.819731
24.987128 311.922506
24.995464 312.025281
25.0038 312.128057
25.012136 312.230832
25.020472 312.333607
25.028808 312.436382
25.037144 312.539157
25.04548 312.641932
25.053816 312.744707
25.062152 312.847483
25.070488 312.950258
25.078824 313.053033
25.08716 313.155808
25.095496 313.258583
25.103832 313.361358
25.112168 313.464133
25.120504 313.566908
25.12884 313.669684
25.137176 313.772459
25.145512 313.875234
25.153848 313.978009
25.162184 314.080784
25.17052 314.183559
25.178856 314.286334
25.187192 314.389109
25.195528 314.491885
25.203864 314.594660
25.2122 314.697435
25.220536 314.800210
25.228872 314.902985
25.237208 315.005760
25.245544 315.108535
25.25388 315.211310
25.262216 315.314086
25.270552 315.416861
25.278888 315.519636
25.287224 315.622411
25.29556 315.725186
25.303896 315.827961
25.312232 315.930736
25.320568 316.033511
25.328904 316.136287
25.33724 316.239062
25.345576 316.341837
25.353912 316.444612
25.362248 316.547387
25.370584 316.650162
25.37892 316.752937
25.387256 316.855712
25.395592 316.958488
25.403928 317.061263
25.412264 317.164038
25.4206 317.266813
25.428936 317.369588
25.437272 317.472363
25.445608 317.575138
25.453944 317.677913
25.46228 317.780689
25.470616 317.883464
25.478952 317.986239
25.487288 318.089014
25.495624 318.191789
25.50396 318.294564
25.512296 318.397339
25.520632 318.500114
25.528968 318.602890
25.537304 318.705665
25.54564 318.808440
25.553976 318.911215
25.562312 319.013990
25.570648 319.116765
25.578984 319.219540
25.58732 319.322315
25.595656 319.425091
25.603992 319.527866
25.612328 319.630641
25.620664 319.733416
25.629 319.836191
25.637336 319.938966
25.645672 320.041741
25.654008 320.144516
25.662344 320.247292
25.67068 320.350067
25.679016 320.452842
25.687352 320.555617
25.695688 320.658392
25.704024 320.761167
25.71236 320.863942
25.720696 320.966717
25.729032 321.069493
25.737368 321.172268
25.745704 321.275043
25.75404 321.377818
25.762376 321.480593
25.770712 321.583368
25.779048 321.686143
25.787384 321.788918
25.79572 321.891694
25.804056 321.994469
25.812392 322.097244
25.820728 322.200019
25.829064 322.302794
25.8374 322.405569
25.845736 322.508344
25.854072 322.611119
25.862408 322.713895
25.870744 322.816670
25.87908 322.919445
25.887416 323.022220
25.895752 323.124995
25.904088 323.227770
25.912424 323.330545
25.92076 323.433320
25.929096 323.536096
25.937432 323.638871
25.945768 323.741646
25.954104 323.844421
25.96244 323.947196
25.970776 324.049971
25.979112 324.152746
25.987448 324.255521
25.995784 324.358297
26.00412 324.461072
26.012456 324.563847
26.020792 324.666622
26.029128 324.769397
26.037464 324.872172
26.0458 324.974947
26.054136 325.077722
26.062472 325.180498
26.070808 325.283273
26.079144 325.386048
26.08748 325.488823
26.095816 325.591598
26.104152 325.694373
26.112488 325.797148
26.120824 325.899923
26.12916 326.002699
26.137496 326.105474
26.145832 326.208249
26.154168 326.311024
26.162504 326.413799
26.17084 326.516574
26.179176 326.619349
26.187512 326.722124
26.195848 326.824900
26.204184 326.927675
26.21252 327.030450
26.220856 327.133225
26.229192 327.236000
26.237528 327.338775
26.245864 327.441550
26.2542 327.544325
26.262536 327.647101
26.270872 327.749876
26.279208 327.852651
26.287544 327.955426
26.29588 328.058201
26.304216 328.160976
26.312552 328.263751
26.320888 328.366526
26.329224 328.469302
26.33756 328.572077
26.345896 328.674852
26.354232 328.777627
26.362568 328.880402
26.370904 328.983177
26.37924 329.085952
26.387576 329.188727
26.395912 329.291503
26.404248 329.394278
26.412584 329.497053
26.42092 329.599828
26.429256 329.702603
26.437592 329.805378
26.445928 329.908153
26.454264 330.010928
26.4626 330.113704
26.470936 330.216479
26.479272 330.319254
26.487608 330.422029
26.495944 330.524804
26.50428 330.627579
26.512616 330.730354
26.520952 330.833129
26.529288 330.935905
26.537624 331.038680
26.54596 331.141455
26.554296 331.244230
26.562632 331.347005
26.570968 331.449780
26.579304 331.552555
26.58764 331.655330
26.595976 331.758106
26.604312 331.860881
26.612648 331.963656
26.620984 332.066431
26.62932 332.169206
26.637656 332.271981
26.645992 332.374756
26.654328 332.477532
26.662664 332.580307
26.671 332.683082
26.679336 332.785857
26.687672 332.888632
26.696008 332.991407
26.704344 333.094182
26.71268 333.196957
26.721016 333.299733
26.729352 333.402508
26.737688 333.505283
26.746024 333.608058
26.75436 333.710833
26.762696 333.813608
26.771032 333.916383
26.779368 334.019158
26.787704 334.121934
26.79604 334.224709
26.804376 334.327484
26.812712 334.430259
26.821048 334.533034
26.829384 334.635809
26.83772 334.738584
26.846056 334.841359
26.854392 334.944135
26.862728 335.046910
26.871064 335.149685
26.8794 335.252460
26.887736 335.355235
26.896072 335.458010
26.904408 335.560785
26.912744 335.663560
26.92108 335.766336
26.929416 335.869111
26.937752 335.971886
26.946088 336.074661
26.954424 336.177436
26.96276 336.280211
26.971096 336.382986
26.979432 336.485761
26.987768 336.588537
26.996104 336.691312
27.00444 336.794087
27.012776 336.896862
27.021112 336.999637
27.029448 337.102412
27.037784 337.205187
27.04612 337.307962
27.054456 337.410738
27.062792 337.513513
27.071128 337.616288
27.079464 337.719063
27.0878 337.821838
27.096136 337.924613
27.104472 338.027388
27.112808 338.130163
27.121144 338.232939
27.12948 338.335714
27.137816 338.438489
27.146152 338.541264
27.154488 338.644039
27.162824 338.746814
27.17116 338.849589
27.179496 338.952364
27.187832 339.055140
27.196168 339.157915
27.204504 339.260690
27.21284 339.363465
27.221176 339.466240
27.229512 339.569015
27.237848 339.671790
27.246184 339.774565
27.25452 339.877341
27.262856 339.980116
27.271192 340.082891
27.279528 340.185666
27.287864 340.288441
27.2962 340.391216
27.304536 340.493991
27.312872 340.596766
27.321208 340.699542
27.329544 340.802317
27.33788 340.905092
27.346216 341.007867
27.354552 341.110642
27.362888 341.213417
27.371224 341.316192
27.37956 341.418967
27.387896 341.521743
27.396232 341.624518
27.404568 341.727293
27.412904 341.830068
27.42124 341.932843
27.429576 342.035618
27.437912 342.138393
27.446248 342.241168
27.454584 342.343944
27.46292 342.446719
27.471256 342.549494
27.479592 342.652269
27.487928 342.755044
27.496264 342.857819
27.5046 342.960594
27.512936 343.063369
27.521272 343.166145
27.529608 343.268920
27.537944 343.371695
27.54628 343.474470
27.554616 343.577245
27.562952 343.680020
27.571288 343.782795
27.579624 343.885570
27.58796 343.988346
27.596296 344.091121
27.604632 344.193896
27.612968 344.296671
27.621304 344.399446
27.62964 344.502221
27.637976 344.604996
27.646312 344.707771
27.654648 344.810547
27.662984 344.913322
27.67132 345.016097
27.679656 345.118872
27.687992 345.221647
27.696328 345.324422
27.704664 345.427197
27.713 345.529972
27.721336 345.632748
27.729672 345.735523
27.738008 345.838298
27.746344 345.941073
27.75468 346.043848
27.763016 346.146623
27.771352 346.249398
27.779688 346.352173
27.788024 346.454949
27.79636 346.557724
27.804696 346.660499
27.813032 346.763274
27.821368 346.866049
27.829704 346.968824
27.83804 347.071599
27.846376 347.174374
27.854712 347.277150
27.863048 347.379925
27.871384 347.482700
27.87972 347.585475
27.888056 347.688250
27.896392 347.791025
27.904728 347.893800
27.913064 347.996575
27.9214 348.099351
27.929736 348.202126
27.938072 348.304901
27.946408 348.407676
27.954744 348.510451
27.96308 348.613226
27.971416 348.716001
27.979752 348.818776
27.988088 348.921552
27.996424 349.024327
28.00476 349.127102
28.013096 349.229877
28.021432 349.332652
28.029768 349.435427
28.038104 349.538202
28.04644 349.640977
28.054776 349.743753
28.063112 349.846528
28.071448 349.949303
28.079784 350.052078
28.08812 350.154853
28.096456 350.257628
28.104792 350.360403
28.113128 350.463178
28.121464 350.565954
28.1298 350.668729
28.138136 350.771504
28.146472 350.874279
28.154808 350.977054
28.163144 351.079829
28.17148 351.182604
28.179816 351.285379
28.188152 351.388155
28.196488 351.490930
28.204824 351.593705
28.21316 351.696480
28.221496 351.799255
28.229832 351.902030
28.238168 352.004805
28.246504 352.107581
28.25484 352.210356
28.263176 352.313131
28.271512 352.415906
28.279848 352.518681
28.288184 352.621456
28.29652 352.724231
28.304856 352.827006
28.313192 352.929782
28.321528 353.032557
28.329864 353.135332
28.3382 353.238107
28.346536 353.340882
28.354872 353.443657
28.363208 353.546432
28.371544 353.649207
28.37988 353.751983
28.388216 353.854758
28.396552 353.957533
28.404888 354.060308
28.413224 354.163083
28.42156 354.265858
28.429896 354.368633
28.438232 354.471408
28.446568 354.574184
28.454904 354.676959
28.46324 354.779734
28.471576 354.882509
28.479912 354.985284
28.488248 355.088059
28.496584 355.190834
28.50492 355.293609
28.513256 355.396385
28.521592 355.499160
28.529928 355.601935
28.538264 355.704710
28.5466 355.807485
28.554936 355.910260
28.563272 356.013035
28.571608 356.115810
28.579944 356.218586
28.58828 356.321361
28.596616 356.424136
28.604952 356.526911
28.613288 356.629686
28.621624 356.732461
28.62996 356.835236
28.638296 356.938011
28.646632 357.040787
28.654968 357.143562
28.663304 357.246337
28.67164 357.349112
28.679976 357.451887
28.688312 357.554662
28.696648 357.657437
28.704984 357.760212
28.71332 357.862988
28.721656 357.965763
28.729992 358.068538
28.738328 358.171313
28.746664 358.274088
28.755 358.376863
28.763336 358.479638
28.771672 358.582413
28.780008 358.685189
28.788344 358.787964
28.79668 358.890739
28.805016 358.993514
28.813352 359.096289
28.821688 359.199064
28.830024 359.301839
28.83836 359.404614
28.846696 359.507390
28.855032 359.610165
28.863368 359.712940
28.871704 359.815715
28.88004 359.918490
28.888376 360.021265
28.896712 360.124040
28.905048 360.226815
28.913384 360.329591
28.92172 360.432366
28.930056 360.535141
28.938392 360.637916
28.946728 360.740691
28.955064 360.843466
28.9634 360.946241
28.971736 361.049016
28.980072 361.151792
28.988408 361.254567
28.996744 361.357342
29.00508 361.460117
29.013416 361.562892
29.021752 361.665667
29.030088 361.768442
29.038424 361.871217
29.04676 361.973993
29.055096 362.076768
29.063432 362.179543
29.071768 362.282318
29.080104 362.385093
29.08844 362.487868
29.096776 362.590643
29.105112 362.693418
29.113448 362.796194
29.121784 362.898969
29.13012 363.001744
29.138456 363.104519
29.146792 363.207294
29.155128 363.310069
29.163464 363.412844
29.1718 363.515619
29.180136 363.618395
29.188472 363.721170
29.196808 363.823945
29.205144 363.926720
29.21348 364.029495
29.221816 364.132270
29.230152 364.235045
29.238488 364.337820
29.246824 364.440596
29.25516 364.543371
29.263496 364.646146
29.271832 364.748921
29.280168 364.851696
29.288504 364.954471
29.29684 365.057246
29.305176 365.160021
29.313512 365.262797
29.321848 365.365572
29.330184 365.468347
29.33852 365.571122
29.346856 365.673897
29.355192 365.776672
29.363528 365.879447
29.371864 365.982222
29.3802 366.084998
29.388536 366.187773
29.396872 366.290548
29.405208 366.393323
29.413544 366.496098
29.42188 366.598873
29.430216 366.701648
29.438552 366.804423
29.446888 366.907199
29.455224 367.009974
29.46356 367.112749
29.471896 367.215524
29.480232 367.318299
29.488568 367.421074
29.496904 367.523849
29.50524 367.626624
29.513576 367.729400
29.521912 367.832175
29.530248 367.934950
29.538584 368.037725
29.54692 368.140500
29.555256 368.243275
29.563592 368.346050
29.571928 368.448825
29.580264 368.551601
29.5886 368.654376
29.596936 368.757151
29.605272 368.859926
29.613608 368.962701
29.621944 369.065476
29.63028 369.168251
29.638616 369.271026
29.646952 369.373802
29.655288 369.476577
29.663624 369.579352
29.67196 369.682127
29.680296 369.784902
29.688632 369.887677
29.696968 369.990452
29.705304 370.093227
29.71364 370.196003
29.721976 370.298778
29.730312 370.401553
29.738648 370.504328
29.746984 370.607103
29.75532 370.709878
29.763656 370.812653
29.771992 370.915428
29.780328 371.018204
29.788664 371.120979
29.797 371.223754
29.805336 371.326529
29.813672 371.429304
29.822008 371.532079
29.830344 371.634854
29.83868 371.737630
29.847016 371.840405
29.855352 371.943180
29.863688 372.045955
29.872024 372.148730
29.88036 372.251505
29.888696 372.354280
29.897032 372.457055
29.905368 372.559831
29.913704 372.662606
29.92204 372.765381
29.930376 372.868156
29.938712 372.970931
29.947048 373.073706
29.955384 373.176481
29.96372 373.279256
29.972056 373.382032
29.980392 373.484807
29.988728 373.587582
29.997064 373.690357
30.0054 373.793132
30.013736 373.895907
30.022072 373.998682
30.030408 374.101457
30.038744 374.204233
30.04708 374.307008
30.055416 374.409783
30.063752 374.512558
30.072088 374.615333
30.080424 374.718108
30.08876 374.820883
30.097096 374.923658
30.105432 375.026434
30.113768 375.129209
30.122104 375.231984
30.13044 375.334759
30.138776 375.437534
30.147112 375.540309
30.155448 375.643084
30.163784 375.745859
30.17212 375.848635
30.180456 375.951410
30.188792 376.054185
30.197128 376.156960
30.205464 376.259735
30.2138 376.362510
30.222136 376.465285
30.230472 376.568060
30.238808 376.670836
30.247144 376.773611
30.25548 376.876386
30.263816 376.979161
30.272152 377.081936
30.280488 377.184711
30.288824 377.287486
30.29716 377.390261
30.305496 377.493037
30.313832 377.595812
30.322168 377.698587
30.330504 377.801362
30.33884 377.904137
30.347176 378.006912
30.355512 378.109687
30.363848 378.212462
30.372184 378.315238
30.38052 378.418013
30.388856 378.520788
30.397192 378.623563
30.405528 378.726338
30.413864 378.829113
30.4222 378.931888
30.430536 379.034663
30.438872 379.137439
30.447208 379.240214
30.455544 379.342989
30.46388 379.445764
30.472216 379.548539
30.480552 379.651314
30.488888 379.754089
30.497224 379.856864
30.50556 379.959640
30.513896 380.062415
30.522232 380.165190
30.530568 380.267965
30.538904 380.370740
30.54724 380.473515
30.555576 380.576290
30.563912 380.679065
30.572248 380.781841
30.580584 380.884616
30.58892 380.987391
30.597256 381.090166
30.605592 381.192941
30.613928 381.295716
30.622264 381.398491
30.6306 381.501266
30.638936 381.604042
30.647272 381.706817
30.655608 381.809592
30.663944 381.912367
30.67228 382.015142
30.680616 382.117917
30.688952 382.220692
30.697288 382.323467
30.705624 382.426243
30.71396 382.529018
30.722296 382.631793
30.730632 382.734568
30.738968 382.837343
30.747304 382.940118
30.75564 383.042893
30.763976 383.145668
30.772312 383.248444
30.780648 383.351219
30.788984 383.453994
30.79732 383.556769
30.805656 383.659544
30.813992 383.762319
30.822328 383.865094
30.830664 383.967869
30.839 384.070645
30.847336 384.173420
30.855672 384.276195
30.864008 384.378970
30.872344 384.481745
30.88068 384.584520
30.889016 384.687295
30.897352 384.790070
30.905688 384.892846
30.914024 384.995621
30.92236 385.098396
30.930696 385.201171
30.939032 385.303946
30.947368 385.406721
30.955704 385.509496
30.96404 385.612271
30.972376 385.715047
30.980712 385.817822
30.989048 385.920597
30.997384 386.023372
31.00572 386.126147
31.014056 386.228922
31.022392 386.331697
31.030728 386.434472
31.039064 386.537248
31.0474 386.640023
31.055736 386.742798
31.064072 386.845573
31.072408 386.948348
31.080744 387.051123
31.08908 387.153898
31.097416 387.256673
31.105752 387.359449
31.114088 387.462224
31.122424 387.564999
31.13076 387.667774
31.139096 387.770549
31.147432 387.873324
31.155768 387.976099
31.164104 388.078874
31.17244 388.181650
31.180776 388.284425
31.189112 388.387200
31.197448 388.489975
31.205784 388.592750
31.21412 388.695525
31.222456 388.798300
31.230792 388.901075
31.239128 389.003851
31.247464 389.106626
31.2558 389.209401
31.264136 389.312176
31.272472 389.414951
31.280808 389.517726
31.289144 389.620501
31.29748 389.723276
31.305816 389.826052
31.314152 389.928827
31.322488 390.031602
31.330824 390.134377
31.33916 390.237152
31.347496 390.339927
31.355832 390.442702
31.364168 390.545477
31.372504 390.648253
31.38084 390.751028
31.389176 390.853803
31.397512 390.956578
31.405848 391.059353
31.414184 391.162128
31.42252 391.264903
31.430856 391.367679
31.439192 391.470454
31.447528 391.573229
31.455864 391.676004
31.4642 391.778779
31.472536 391.881554
31.480872 391.984329
31.489208 392.087104
31.497544 392.189880
31.50588 392.292655
31.514216 392.395430
31.522552 392.498205
31.530888 392.600980
31.539224 392.703755
31.54756 392.806530
31.555896 392.909305
31.564232 393.012081
31.572568 393.114856
31.580904 393.217631
31.58924 393.320406
31.597576 393.423181
31.605912 393.525956
31.614248 393.628731
31.622584 393.731506
31.63092 393.834282
31.639256 393.937057
31.647592 394.039832
31.655928 394.142607
31.664264 394.245382
31.6726 394.348157
31.680936 394.450932
31.689272 394.553707
31.697608 394.656483
31.705944 394.759258
31.71428 394.862033
31.722616 394.964808
31.730952 395.067583
31.739288 395.170358
31.747624 395.273133
31.75596 395.375908
31.764296 395.478684
31.772632 395.581459
31.780968 395.684234
31.789304 395.787009
31.79764 395.889784
31.805976 395.992559
31.814312 396.095334
31.822648 396.198109
31.830984 396.300885
31.83932 396.403660
31.847656 396.506435
31.855992 396.609210
31.864328 396.711985
31.872664 396.814760
31.881 396.917535
31.889336 397.020310
31.897672 397.123086
31.906008 397.225861
31.914344 397.328636
31.92268 397.431411
31.931016 397.534186
31.939352 397.636961
31.947688 397.739736
31.956024 397.842511
31.96436 397.945287
31.972696 398.048062
31.981032 398.150837
31.989368 398.253612
31.997704 398.356387
32.00604 398.459162
32.014376 398.561937
32.022712 398.664712
32.031048 398.767488
32.039384 398.870263
32.04772 398.973038
32.056056 399.075813
32.064392 399.178588
32.072728 399.281363
32.081064 399.384138
32.0894 399.486913
32.097736 399.589689
32.106072 399.692464
32.114408 399.795239
32.122744 399.898014
32.13108 400.000789
32.139416 400.103564
32.147752 400.206339
32.156088 400.309114
32.164424 400.411890
32.17276 400.514665
32.181096 400.617440
32.189432 400.720215
32.197768 400.822990
32.206104 400.925765
32.21444 401.028540
32.222776 401.131315
32.231112 401.234091
32.239448 401.336866
32.247784 401.439641
32.25612 401.542416
32.264456 401.645191
32.272792 401.747966
32.281128 401.850741
32.289464 401.953516
32.2978 402.056292
32.306136 402.159067
32.314472 402.261842
32.322808 402.364617
32.331144 402.467392
32.33948 402.570167
32.347816 402.672942
32.356152 402.775717
32.364488 402.878493
32.372824 402.981268
32.38116 403.084043
32.389496 403.186818
32.397832 403.289593
32.406168 403.392368
32.414504 403.495143
32.42284 403.597918
32.431176 403.700694
32.439512 403.803469
32.447848 403.906244
32.456184 404.009019
32.46452 404.111794
32.472856 404.214569
32.481192 404.317344
32.489528 404.420119
32.497864 404.522895
32.5062 404.625670
32.514536 404.728445
32.522872 404.831220
32.531208 404.933995
32.539544 405.036770
32.54788 405.139545
32.556216 405.242320
32.564552 405.345096
32.572888 405.447871
32.581224 405.550646
32.58956 405.653421
32.597896 405.756196
32.606232 405.858971
32.614568 405.961746
32.622904 406.064521
32.63124 406.167297
32.639576 406.270072
32.647912 406.372847
32.656248 406.475622
32.664584 406.578397
32.67292 406.681172
32.681256 406.783947
32.689592 406.886722
32.697928 406.989498
32.706264 407.092273
32.7146 407.195048
32.722936 407.297823
32.731272 407.400598
32.739608 407.503373
32.747944 407.606148
32.75628 407.708923
32.764616 407.811699
32.772952 407.914474
32.781288 408.017249
32.789624 408.120024
32.79796 408.222799
32.806296 408.325574
32.814632 408.428349
32.822968 408.531124
32.831304 408.633900
32.83964 408.736675
32.847976 408.839450
32.856312 408.942225
32.864648 409.045000
32.872984 409.147775
32.88132 409.250550
32.889656 409.353325
32.897992 409.456101
32.906328 409.558876
32.914664 409.661651
32.923 409.764426
32.931336 409.867201
32.939672 409.969976
32.948008 410.072751
32.956344 410.175527
32.96468 410.278302
32.973016 410.381077
32.981352 410.483852
32.989688 410.586627
32.998024 410.689402
33.00636 410.792177
33.014696 410.894952
33.023032 410.997728
33.031368 411.100503
33.039704 411.203278
33.04804 411.306053
33.056376 411.408828
33.064712 411.511603
33.073048 411.614378
33.081384 411.717153
33.08972 411.819929
33.098056 411.922704
33.106392 412.025479
33.114728 412.128254
33.123064 412.231029
33.1314 412.333804
33.139736 412.436579
33.148072 412.539354
33.156408 412.642130
33.164744 412.744905
33.17308 412.847680
33.181416 412.950455
33.189752 413.053230
33.198088 413.156005
33.206424 413.258780
33.21476 413.361555
33.223096 413.464331
33.231432 413.567106
33.239768 413.669881
33.248104 413.772656
33.25644 413.875431
33.264776 413.978206
33.273112 414.080981
33.281448 414.183756
33.289784 414.286532
33.29812 414.389307
33.306456 414.492082
33.314792 414.594857
33.323128 414.697632
33.331464 414.800407
33.3398 414.903182
33.348136 415.005957
33.356472 415.108733
33.364808 415.211508
33.373144 415.314283
33.38148 415.417058
33.389816 415.519833
33.398152 415.622608
33.406488 415.725383
33.414824 415.828158
33.42316 415.930934
33.431496 416.033709
33.439832 416.136484
33.448168 416.239259
33.456504 416.342034
33.46484 416.444809
33.473176 416.547584
33.481512 416.650359
33.489848 416.753135
33.498184 416.855910
33.50652 416.958685
33.514856 417.061460
33.523192 417.164235
33.531528 417.267010
33.539864 417.369785
33.5482 417.472560
33.556536 417.575336
33.564872 417.678111
33.573208 417.780886
33.581544 417.883661
33.58988 417.986436
33.598216 418.089211
33.606552 418.191986
33.614888 418.294761
33.623224 418.397537
33.63156 418.500312
33.639896 418.603087
33.648232 418.705862
33.656568 418.808637
33.664904 418.911412
33.67324 419.014187
33.681576 419.116962
33.689912 419.219738
33.698248 419.322513
33.706584 419.425288
33.71492 419.528063
33.723256 419.630838
33.731592 419.733613
33.739928 419.836388
33.748264 419.939163
33.7566 420.041939
33.764936 420.144714
33.773272 420.247489
33.781608 420.350264
33.789944 420.453039
33.79828 420.555814
33.806616 420.658589
33.814952 420.761364
33.823288 420.864140
33.831624 420.966915
33.83996 421.069690
33.848296 421.172465
33.856632 421.275240
33.864968 421.378015
33.873304 421.480790
33.88164 421.583565
33.889976 421.686341
33.898312 421.789116
33.906648 421.891891
33.914984 421.994666
33.92332 422.097441
33.931656 422.200216
33.939992 422.302991
33.948328 422.405766
33.956664 422.508542
33.965 422.611317
33.973336 422.714092
33.981672 422.816867
33.990008 422.919642
33.998344 423.022417
34.00668 423.125192
34.015016 423.227967
34.023352 423.330743
34.031688 423.433518
34.040024 423.536293
34.04836 423.639068
34.056696 423.741843
34.065032 423.844618
34.073368 423.947393
34.081704 424.050168
34.09004 424.152944
34.098376 424.255719
34.106712 424.358494
34.115048 424.461269
34.123384 424.564044
34.13172 424.666819
34.140056 424.769594
34.148392 424.872369
34.156728 424.975145
34.165064 425.077920
34.1734 425.180695
34.181736 425.283470
34.190072 425.386245
34.198408 425.489020
34.206744 425.591795
34.21508 425.694570
34.223416 425.797346
34.231752 425.900121
34.240088 426.002896
34.248424 426.105671
34.25676 426.208446
34.265096 426.311221
34.273432 426.413996
34.281768 426.516771
34.290104 426.619547
34.29844 426.722322
34.306776 426.825097
34.315112 426.927872
34.323448 427.030647
34.331784 427.133422
34.34012 427.236197
34.348456 427.338972
34.356792 427.441748
34.365128 427.544523
34.373464 427.647298
34.3818 427.750073
34.390136 427.852848
34.398472 427.955623
34.406808 428.058398
34.415144 428.161173
34.42348 428.263949
34.431816 428.366724
34.440152 428.469499
34.448488 428.572274
34.456824 428.675049
34.46516 428.777824
34.473496 428.880599
34.481832 428.983374
34.490168 429.086150
34.498504 429.188925
34.50684 429.291700
34.515176 429.394475
34.523512 429.497250
34.531848 429.600025
34.540184 429.702800
34.54852 429.805576
34.556856 429.908351
34.565192 430.011126
34.573528 430.113901
34.581864 430.216676
34.5902 430.319451
34.598536 430.422226
34.606872 430.525001
34.615208 430.627777
34.623544 430.730552
34.63188 430.833327
34.640216 430.936102
34.648552 431.038877
34.656888 431.141652
34.665224 431.244427
34.67356 431.347202
34.681896 431.449978
34.690232 431.552753
34.698568 431.655528
34.706904 431.758303
34.71524 431.861078
34.723576 431.963853
34.731912 432.066628
34.740248 432.169403
34.748584 432.272179
34.75692 432.374954
34.765256 432.477729
34.773592 432.580504
34.781928 432.683279
34.790264 432.786054
34.7986 432.888829
34.806936 432.991604
34.815272 433.094380
34.823608 433.197155
34.831944 433.299930
34.84028 433.402705
34.848616 433.505480
34.856952 433.608255
34.865288 433.711030
34.873624 433.813805
34.88196 433.916581
34.890296 434.019356
34.898632 434.122131
34.906968 434.224906
34.915304 434.327681
34.92364 434.430456
34.931976 434.533231
34.940312 434.636006
34.948648 434.738782
34.956984 434.841557
34.96532 434.944332
34.973656 435.047107
34.981992 435.149882
34.990328 435.252657
34.998664 435.355432
35.007 435.458207
35.015336 435.560983
35.023672 435.663758
35.032008 435.766533
35.040344 435.869308
35.04868 435.972083
35.057016 436.074858
35.065352 436.177633
35.073688 436.280408
35.082024 436.383184
35.09036 436.485959
35.098696 436.588734
35.107032 436.691509
35.115368 436.794284
35.123704 436.897059
35.13204 436.999834
35.140376 437.102609
35.148712 437.205385
35.157048 437.308160
35.165384 437.410935
35.17372 437.513710
35.182056 437.616485
35.190392 437.719260
35.198728 437.822035
35.207064 437.924810
35.2154 438.027586
35.223736 438.130361
35.232072 438.233136
35.240408 438.335911
35.248744 438.438686
35.25708 438.541461
35.265416 438.644236
35.273752 438.747011
35.282088 438.849787
35.290424 438.952562
35.29876 439.055337
35.307096 439.158112
35.315432 439.260887
35.323768 439.363662
35.332104 439.466437
35.34044 439.569212
35.348776 439.671988
35.357112 439.774763
35.365448 439.877538
35.373784 439.980313
35.38212 440.083088
35.390456 440.185863
35.398792 440.288638
35.407128 440.391413
35.415464 440.494189
35.4238 440.596964
35.432136 440.699739
35.440472 440.802514
35.448808 440.905289
35.457144 441.008064
35.46548 441.110839
35.473816 441.213614
35.482152 441.316390
35.490488 441.419165
35.498824 441.521940
35.50716 441.624715
35.515496 441.727490
35.523832 441.830265
35.532168 441.933040
35.540504 442.035815
35.54884 442.138591
35.557176 442.241366
35.565512 442.344141
35.573848 442.446916
35.582184 442.549691
35.59052 442.652466
35.598856 442.755241
35.607192 442.858016
35.615528 442.960792
35.623864 443.063567
35.6322 443.166342
35.640536 443.269117
35.648872 443.371892
35.657208 443.474667
35.665544 443.577442
35.67388 443.680217
35.682216 443.782993
35.690552 443.885768
35.698888 443.988543
35.707224 444.091318
35.71556 444.194093
35.723896 444.296868
35.732232 444.399643
35.740568 444.502418
35.748904 444.605194
35.75724 444.707969
35.765576 444.810744
35.773912 444.913519
35.782248 445.016294
35.790584 445.119069
35.79892 445.221844
35.807256 445.324619
35.815592 445.427395
35.823928 445.530170
35.832264 445.632945
35.8406 445.735720
35.848936 445.838495
35.857272 445.941270
35.865608 446.044045
35.873944 446.146820
35.88228 446.249596
35.890616 446.352371
35.898952 446.455146
35.907288 446.557921
35.915624 446.660696
35.92396 446.763471
35.932296 446.866246
35.940632 446.969021
35.948968 447.071797
35.957304 447.174572
35.96564 447.277347
35.973976 447.380122
35.982312 447.482897
35.990648 447.585672
35.998984 447.688447
36.00732 447.791222
36.015656 447.893998
36.023992 447.996773
36.032328 448.099548
36.040664 448.202323
36.049 448.305098
36.057336 448.407873
36.065672 448.510648
36.074008 448.613423
36.082344 448.716199
36.09068 448.818974
36.099016 448.921749
36.107352 449.024524
36.115688 449.127299
36.124024 449.230074
36.13236 449.332849
36.140696 449.435625
36.149032 449.538400
36.157368 449.641175
36.165704 449.743950
36.17404 449.846725
36.182376 449.949500
36.190712 450.052275
36.199048 450.155050
36.207384 450.257826
36.21572 450.360601
36.224056 450.463376
36.232392 450.566151
36.240728 450.668926
36.249064 450.771701
36.2574 450.874476
36.265736 450.977251
36.274072 451.080027
36.282408 451.182802
36.290744 451.285577
36.29908 451.388352
36.307416 451.491127
36.315752 451.593902
36.324088 451.696677
36.332424 451.799452
36.34076 451.902228
36.349096 452.005003
36.357432 452.107778
36.365768 452.210553
36.374104 452.313328
36.38244 452.416103
36.390776 452.518878
36.399112 452.621653
36.407448 452.724429
36.415784 452.827204
36.42412 452.929979
36.432456 453.032754
36.440792 453.135529
36.449128 453.238304
36.457464 453.341079
36.4658 453.443854
36.474136 453.546630
36.482472 453.649405
36.490808 453.752180
36.499144 453.854955
36.50748 453.957730
36.515816 454.060505
36.524152 454.163280
36.532488 454.266055
36.540824 454.368831
36.54916 454.471606
36.557496 454.574381
36.565832 454.677156
36.574168 454.779931
36.582504 454.882706
36.59084 454.985481
36.599176 455.088256
36.607512 455.191032
36.615848 455.293807
36.624184 455.396582
36.63252 455.499357
36.640856 455.602132
36.649192 455.704907
36.657528 455.807682
36.665864 455.910457
36.6742 456.013233
36.682536 456.116008
36.690872 456.218783
36.699208 456.321558
36.707544 456.424333
36.71588 456.527108
36.724216 456.629883
36.732552 456.732658
36.740888 456.835434
36.749224 456.938209
36.75756 457.040984
36.765896 457.143759
36.774232 457.246534
36.782568 457.349309
36.790904 457.452084
36.79924 457.554859
36.807576 457.657635
36.815912 457.760410
36.824248 457.863185
36.832584 457.965960
36.84092 458.068735
36.849256 458.171510
36.857592 458.274285
36.865928 458.377060
36.874264 458.479836
36.8826 458.582611
36.890936 458.685386
36.899272 458.788161
36.907608 458.890936
36.915944 458.993711
36.92428 459.096486
36.932616 459.199261
36.940952 459.302037
36.949288 459.404812
36.957624 459.507587
36.96596 459.610362
36.974296 459.713137
36.982632 459.815912
36.990968 459.918687
36.999304 460.021462
37.00764 460.124238
37.015976 460.227013
37.024312 460.329788
37.032648 460.432563
37.040984 460.535338
37.04932 460.638113
37.057656 460.740888
37.065992 460.843663
37.074328 460.946439
37.082664 461.049214
37.091 461.151989
37.099336 461.254764
37.107672 461.357539
37.116008 461.460314
37.124344 461.563089
37.13268 461.665864
37.141016 461.768640
37.149352 461.871415
37.157688 461.974190
37.166024 462.076965
37.17436 462.179740
37.182696 462.282515
37.191032 462.385290
37.199368 462.488065
37.207704 462.590841
37.21604 462.693616
37.224376 462.796391
37.232712 462.899166
37.241048 463.001941
37.249384 463.104716
37.25772 463.207491
37.266056 463.310266
37.274392 463.413042
37.282728 463.515817
37.291064 463.618592
37.2994 463.721367
37.307736 463.824142
37.316072 463.926917
37.324408 464.029692
37.332744 464.132467
37.34108 464.235243
37.349416 464.338018
37.357752 464.440793
37.366088 464.543568
37.374424 464.646343
37.38276 464.749118
37.391096 464.851893
37.399432 464.954668
37.407768 465.057444
37.416104 465.160219
37.42444 465.262994
37.432776 465.365769
37.441112 465.468544
37.449448 465.571319
37.457784 465.674094
37.46612 465.776869
37.474456 465.879645
37.482792 465.982420
37.491128 466.085195
37.499464 466.187970
37.5078 466.290745
37.516136 466.393520
37.524472 466.496295
37.532808 466.599070
37.541144 466.701846
37.54948 466.804621
37.557816 466.907396
37.566152 467.010171
37.574488 467.112946
37.582824 467.215721
37.59116 467.318496
37.599496 467.421271
37.607832 467.524047
37.616168 467.626822
37.624504 467.729597
37.63284 467.832372
37.641176 467.935147
37.649512 468.037922
37.657848 468.140697
37.666184 468.243472
37.67452 468.346248
37.682856 468.449023
37.691192 468.551798
37.699528 468.654573
37.707864 468.757348
37.7162 468.860123
37.724536 468.962898
37.732872 469.065674
37.741208 469.168449
37.749544 469.271224
37.75788 469.373999
37.766216 469.476774
37.774552 469.579549
37.782888 469.682324
37.791224 469.785099
37.79956 469.887875
37.807896 469.990650
37.816232 470.093425
37.824568 470.196200
37.832904 470.298975
37.84124 470.401750
37.849576 470.504525
37.857912 470.607300
37.866248 470.710076
37.874584 470.812851
37.88292 470.915626
37.891256 471.018401
37.899592 471.121176
37.907928 471.223951
37.916264 471.326726
37.9246 471.429501
37.932936 471.532277
37.941272 471.635052
37.949608 471.737827
37.957944 471.840602
37.96628 471.943377
37.974616 472.046152
37.982952 472.148927
37.991288 472.251702
37.999624 472.354478
38.00796 472.457253
38.016296 472.560028
38.024632 472.662803
38.032968 472.765578
38.041304 472.868353
38.04964 472.971128
38.057976 473.073903
38.066312 473.176679
38.074648 473.279454
38.082984 473.382229
38.09132 473.485004
38.099656 473.587779
38.107992 473.690554
38.116328 473.793329
38.124664 473.896104
38.133 473.998880
38.141336 474.101655
38.149672 474.204430
38.158008 474.307205
38.166344 474.409980
38.17468 474.512755
38.183016 474.615530
38.191352 474.718305
38.199688 474.821081
38.208024 474.923856
38.21636 475.026631
38.224696 475.129406
38.233032 475.232181
38.241368 475.334956
38.249704 475.437731
38.25804 475.540506
38.266376 475.643282
38.274712 475.746057
38.283048 475.848832
38.291384 475.951607
38.29972 476.054382
38.308056 476.157157
38.316392 476.259932
38.324728 476.362707
38.333064 476.465483
38.3414 476.568258
38.349736 476.671033
38.358072 476.773808
38.366408 476.876583
38.374744 476.979358
38.38308 477.082133
38.391416 477.184908
38.399752 477.287684
38.408088 477.390459
38.416424 477.493234
38.42476 477.596009
38.433096 477.698784
38.441432 477.801559
38.449768 477.904334
38.458104 478.007109
38.46644 478.109885
38.474776 478.212660
38.483112 478.315435
38.491448 478.418210
38.499784 478.520985
38.50812 478.623760
38.516456 478.726535
38.524792 478.829310
38.533128 478.932086
38.541464 479.034861
38.5498 479.137636
38.558136 479.240411
38.566472 479.343186
38.574808 479.445961
38.583144 479.548736
38.59148 479.651511
38.599816 479.754287
38.608152 479.857062
38.616488 479.959837
38.624824 480.062612
38.63316 480.165387
38.641496 480.268162
38.649832 480.370937
38.658168 480.473712
38.666504 480.576488
38.67484 480.679263
38.683176 480.782038
38.691512 480.884813
38.699848 480.987588
38.708184 481.090363
38.71652 481.193138
38.724856 481.295913
38.733192 481.398689
38.741528 481.501464
38.749864 481.604239
38.7582 481.707014
38.766536 481.809789
38.774872 481.912564
38.783208 482.015339
38.791544 482.118114
38.79988 482.220890
38.808216 482.323665
38.816552 482.426440
38.824888 482.529215
38.833224 482.631990
38.84156 482.734765
38.849896 482.837540
38.858232 482.940315
38.866568 483.043091
38.874904 483.145866
38.88324 483.248641
38.891576 483.351416
38.899912 483.454191
38.908248 483.556966
38.916584 483.659741
38.92492 483.762516
38.933256 483.865292
38.941592 483.968067
38.949928 484.070842
38.958264 484.173617
38.9666 484.276392
38.974936 484.379167
38.983272 484.481942
38.991608 484.584717
38.999944 484.687493
39.00828 484.790268
39.016616 484.893043
39.024952 484.995818
39.033288 485.098593
39.041624 485.201368
39.04996 485.304143
39.058296 485.406918
39.066632 485.509694
39.074968 485.612469
39.083304 485.715244
39.09164 485.818019
39.099976 485.920794
39.108312 486.023569
39.116648 486.126344
39.124984 486.229119
39.13332 486.331895
39.141656 486.434670
39.149992 486.537445
39.158328 486.640220
39.166664 486.742995
39.175 486.845770
39.183336 486.948545
39.191672 487.051320
39.200008 487.154096
39.208344 487.256871
39.21668 487.359646
39.225016 487.462421
39.233352 487.565196
39.241688 487.667971
39.250024 487.770746
39.25836 487.873521
39.266696 487.976297
39.275032 488.079072
39.283368 488.181847
39.291704 488.284622
39.30004 488.387397
39.308376 488.490172
39.316712 488.592947
39.325048 488.695723
39.333384 488.798498
39.34172 488.901273
39.350056 489.004048
39.358392 489.106823
39.366728 489.209598
39.375064 489.312373
39.3834 489.415148
39.391736 489.517924
39.400072 489.620699
39.408408 489.723474
39.416744 489.826249
39.42508 489.929024
39.433416 490.031799
39.441752 490.134574
39.450088 490.237349
39.458424 490.340125
39.46676 490.442900
39.475096 490.545675
39.483432 490.648450
39.491768 490.751225
39.500104 490.854000
39.50844 490.956775
39.516776 491.059550
39.525112 491.162326
39.533448 491.265101
39.541784 491.367876
39.55012 491.470651
39.558456 491.573426
39.566792 491.676201
39.575128 491.778976
39.583464 491.881751
39.5918 491.984527
39.600136 492.087302
39.608472 492.190077
39.616808 492.292852
39.625144 492.395627
39.63348 492.498402
39.641816 492.601177
39.650152 492.703952
39.658488 492.806728
39.666824 492.909503
39.67516 493.012278
39.683496 493.115053
39.691832 493.217828
39.700168 493.320603
39.708504 493.423378
39.71684 493.526153
39.725176 493.628929
39.733512 493.731704
39.741848 493.834479
39.750184 493.937254
39.75852 494.040029
39.766856 494.142804
39.775192 494.245579
39.783528 494.348354
39.791864 494.451130
39.8002 494.553905
39.808536 494.656680
39.816872 494.759455
39.825208 494.862230
39.833544 494.965005
39.84188 495.067780
39.850216 495.170555
39.858552 495.273331
39.866888 495.376106
39.875224 495.478881
39.88356 495.581656
39.891896 495.684431
39.900232 495.787206
39.908568 495.889981
39.916904 495.992756
39.92524 496.095532
39.933576 496.198307
39.941912 496.301082
39.950248 496.403857
39.958584 496.506632
39.96692 496.609407
39.975256 496.712182
39.983592 496.814957
39.991928 496.917733
