0.1 0.006881
0.2032 0.013763
0.3064 0.725303
0.3064 1.443725
0.73728 0.732185
0.84048 2.162147
0.84048 2.880569
1.06816 1.450607
1.17136 3.598991
1.17136 4.317413
1.39904 2.169029
1.50224 5.035835
1.50224 5.754257
1.72992 2.887451
1.83312 6.472679
1.83312 7.191101
2.0608 3.605873
2.164 7.909523
2.164 8.627945
2.39168 4.324295
2.49488 9.346367
2.49488 10.064789
2.72256 5.042717
2.82576 10.783211
2.82576 11.501633
3.05344 5.761138
3.15664 12.220055
3.15664 12.938477
3.38432 6.479560
3.48752 13.656898
3.48752 14.375320
3.7152 7.197982
3.8184 15.093742
3.8184 15.812164
4.04608 7.916404
4.14928 16.530586
4.14928 17.249008
4.37696 8.634826
4.48016 17.967430
4.48016 18.685852
4.70784 9.353248
4.81104 19.404274
4.81104 20.122696
5.03872 10.071670
5.14192 20.841118
5.14192 21.559540
5.3696 10.790092
5.4728 22.277962
5.4728 22.996384
5.70048 11.508514
5.80368 23.714806
5.80368 24.433228
6.03136 12.226936
6.13456 25.151650
6.13456 25.870072
6.36224 12.945358
6.46544 26.588494
6.46544 27.306915
6.69312 13.663780
6.79632 28.025337
7.024 14.382202
7.1272 28.743759
7.35488 15.100624
7.45808 29.462181
7.68576 15.819046
7.78896 30.180603
8.01664 16.537468
8.11984 30.899025
8.34752 17.255890
8.45072 31.617447
8.6784 17.974312
8.7816 32.335869
9.00928 18.692734
9.11248 33.054291
9.34016 19.411155
9.44336 33.772713
9.67104 20.129577
9.77424 34.491135
10.00192 20.847999
10.10512 35.209557
10.3328 21.566421
10.436 35.927979
10.66368 22.284843
10.76688 36.646401
10.99456 23.003265
11.09776 37.364823
11.32544 23.721687
11.42864 38.083245
11.65632 24.440109
11.75952 38.801667
11.9872 25.158531
12.0904 39.520089
12.31808 25.876953
12.42128 40.238511
12.64896 26.595375
12.75216 40.956933
12.97984 27.313797
13.08304 41.675354
13.31072 28.032219
13.41392 42.393776
13.6416 28.750641
13.7448 43.112198
13.97248 29.469063
14.07568 43.830620
14.30336 30.187485
14.40656 44.549042
14.63424 30.905907
14.73744 45.267464
14.96512 31.624329
15.06832 45.985886
15.296 32.342751
15.3992 46.704308
15.62688 33.061173
15.73008 47.422730
15.95776 33.779594
16.06096 48.141152
16.28864 34.498016
16.39184 48.859574
16.61952 35.216438
16.72272 49.577996
16.9504 35.934860
17.0536 50.296418
17.28128 36.653282
17.38448 51.014840
17.61216 37.371704
17.71536 51.733262
17.94304 38.090126
18.04624 52.451684
18.27392 38.808548
18.37712 53.170106
18.6048 39.526970
18.708 53.888528
18.93568 40.245392
19.03888 54.606950
19.26656 40.963814
19.36976 55.325372
19.59744 41.682236
19.70064 56.043793
19.92832 42.400658
20.03152 56.762215
20.2592 43.119080
20.3624 57.480637
20.59008 43.837502
20.69328 58.199059
20.92096 44.555924
21.02416 58.917481
21.25184 45.274346
21.35504 59.635903
21.58272 45.992768
21.68592 60.354325
21.9136 46.711190
22.0168 61.072747
22.24448 47.429612
22.34768 61.791169
22.57536 48.148033
22.67856 62.509591
22.90624 48.866455
23.00944 63.228013
23.23712 49.584877
23.34032 63.946435
23.568 50.303299
23.6712 64.664857
23.89888 51.021721
24.00208 65.383279
24.22976 51.740143
24.33296 66.101701
24.56064 52.458565
24.66384 66.820123
24.89152 53.176987
24.99472 67.538545
25.2224 53.895409
25.3256 68.256967
25.55328 54.613831
25.65648 68.975389
25.88416 55.332253
25.98736 69.693810
26.21504 56.050675
26.31824 70.412232
26.54592 56.769097
26.64912 71.130654
26.8768 57.487519
26.98 71.849076
27.20768 58.205941
27.31088 72.567498
27.53856 58.924363
27.64176 73.285920
27.86944 59.642785
27.97264 74.004342
28.20032 60.361207
28.30352 74.722764
28.5312 61.079629
28.6344 75.441186
28.86208 61.798050
28.96528 76.159608
29.19296 62.516472
29.29616 76.878030
29.52384 63.234894
29.62704 77.596452
29.85472 63.953316
29.95792 78.314874
30.1856 64.671738
30.2888 79.033296
30.51648 65.390160
30.61968 79.751718
30.84736 66.108582
30.95056 80.470140
31.17824 66.827004
31.28144 81.188562
31.50912 67.545426
31.61232 81.906984
31.84 68.263848
31.9432 82.625406
32.17088 68.982270
32.27408 83.343828
32.50176 69.700692
32.60496 84.062249
32.83264 70.419114
32.93584 84.780671
33.16352 71.137536
33.26672 85.499093
33.4944 71.855958
33.5976 86.217515
33.82528 72.574380
33.92848 86.935937
34.15616 73.292802
34.25936 87.654359
34.48704 74.011224
34.59024 88.372781
34.81792 74.729646
34.92112 89.091203
35.1488 75.448068
35.252 89.809625
35.47968 76.166489
35.58288 90.528047
35.81056 76.884911
35.91376 91.246469
36.14144 77.603333
36.24464 91.964891
36.47232 78.321755
36.57552 92.683313
36.8032 79.040177
36.9064 93.401735
37.13408 79.758599
37.23728 94.120157
37.46496 80.477021
37.56816 94.838579
37.79584 81.195443
37.89904 95.557001
38.12672 81.913865
38.22992 96.275423
38.4576 82.632287
38.5608 96.993845
38.78848 83.350709
38.89168 97.712267
39.11936 84.069131
39.22256 98.430688
39.45024 84.787553
39.55344 99.149110
39.78112 85.505975
39.88432 99.867532
40.112 86.224397
40.44288 86.942819
40.77376 87.661241
41.10464 88.379663
41.43552 89.098085
41.7664 89.816507
42.09728 90.534928
42.42816 91.253350
42.75904 91.971772
43.08992 92.690194
43.4208 93.408616
43.75168 94.127038
44.08256 94.845460
44.41344 95.563882
44.74432 96.282304
45.0752 97.000726
45.40608 97.719148
45.73696 98.437570
46.06784 99.155992
46.39872 99.874414
