0.1 0.195580
0.1 0.391160
0.1 0.586740
0.1 0.782320
0.1 0.977901
0.1 1.173481
0.1 1.201644
0.149152 1.397224
0.149152 1.592805
0.149152 1.788385
0.149152 1.983965
0.149152 2.179545
0.149152 2.375125
0.149152 2.403289
0.198304 2.598869
0.198304 2.794449
0.198304 2.990029
0.198304 3.185609
0.198304 3.381189
0.198304 3.576769
0.198304 3.604933
0.247456 3.800513
0.247456 3.996093
0.247456 4.191673
0.247456 4.387253
0.247456 4.582833
0.247456 4.778414
0.247456 4.806577
0.296608 5.002157
0.296608 5.197737
0.296608 5.393317
0.296608 5.588898
0.296608 5.784478
0.296608 5.980058
0.296608 6.008221
0.34576 6.203802
0.34576 6.399382
0.34576 6.594962
0.34576 6.790542
0.34576 6.986122
0.34576 7.181702
0.34576 7.209866
0.394912 7.405446
0.394912 7.601026
0.394912 7.796606
0.394912 7.992186
0.394912 8.187766
0.394912 8.383346
0.394912 8.411510
0.444064 8.607090
0.444064 8.802670
0.444064 8.998250
0.444064 9.193830
0.444064 9.389411
0.444064 9.584991
0.444064 9.613154
0.493216 9.808734
0.493216 10.004314
0.493216 10.199895
0.493216 10.395475
0.493216 10.591055
0.493216 10.786635
0.493216 10.814799
0.542368 11.010379
0.542368 11.205959
0.542368 11.401539
0.542368 11.597119
0.542368 11.792699
0.542368 11.988279
0.542368 12.016443
0.59152 12.212023
0.59152 12.407603
0.59152 12.603183
0.59152 12.798763
0.59152 12.994343
0.59152 13.189924
0.59152 13.218087
0.640672 13.413667
0.640672 13.609247
0.640672 13.804827
0.640672 14.000408
0.640672 14.195988
0.640672 14.391568
0.640672 14.419731
0.689824 14.615311
0.689824 14.810892
0.689824 15.006472
0.689824 15.202052
0.689824 15.397632
0.689824 15.593212
0.689824 15.621376
0.738976 15.816956
0.738976 16.012536
0.738976 16.208116
0.738976 16.403696
0.788128 16.599276
0.788128 16.794856
0.788128 16.990437
0.83728 17.186017
0.83728 17.381597
0.83728 17.577177
0.83728 17.772757
0.886432 17.968337
0.886432 18.163917
0.886432 18.359497
0.935584 18.555078
0.935584 18.750658
0.935584 18.946238
0.935584 19.141818
0.984736 19.337398
0.984736 19.532978
0.984736 19.728558
1.033888 19.924138
1.033888 20.119719
1.033888 20.315299
1.033888 20.510879
1.08304 20.706459
1.08304 20.902039
1.08304 21.097619
1.132192 21.293199
1.132192 21.488779
1.132192 21.684359
1.132192 21.879940
1.181344 22.075520
1.181344 22.271100
1.181344 22.466680
1.230496 22.662260
1.230496 22.857840
1.230496 23.053420
1.230496 23.249000
1.279648 23.444581
1.279648 23.640161
1.279648 23.835741
1.3288 24.031321
1.3288 24.226901
1.3288 24.422481
1.3288 24.618061
1.377952 24.813641
1.377952 25.009222
1.377952 25.204802
1.427104 25.400382
1.427104 25.595962
1.427104 25.791542
1.427104 25.987122
1.476256 26.182702
1.476256 26.378282
1.476256 26.573863
1.525408 26.769443
1.525408 26.965023
1.525408 27.160603
1.57456 27.356183
1.57456 27.551763
1.57456 27.747343
1.623712 27.942923
1.623712 28.138504
1.623712 28.334084
1.672864 28.529664
1.672864 28.725244
1.672864 28.920824
1.722016 29.116404
1.722016 29.311984
1.722016 29.507564
1.771168 29.703145
1.771168 29.898725
1.771168 30.094305
1.82032 30.289885
1.82032 30.485465
1.82032 30.681045
1.869472 30.876625
1.869472 31.072205
1.869472 31.267786
1.918624 31.463366
1.918624 31.658946
1.918624 31.854526
1.967776 32.050106
1.967776 32.245686
1.967776 32.441266
2.016928 32.636846
2.016928 32.832427
2.016928 33.028007
2.06608 33.223587
2.06608 33.419167
2.06608 33.614747
2.06608 33.810327
2.115232 34.005907
2.115232 34.201487
2.115232 34.397068
2.164384 34.592648
2.164384 34.788228
2.164384 34.983808
2.213536 35.179388
2.213536 35.374968
2.213536 35.570548
2.262688 35.766128
2.262688 35.961709
2.262688 36.157289
2.31184 36.352869
2.31184 36.548449
2.31184 36.744029
2.360992 36.939609
2.360992 37.135189
2.360992 37.330769
2.410144 37.526350
2.410144 37.721930
2.410144 37.917510
2.459296 38.113090
2.459296 38.308670
2.459296 38.504250
2.508448 38.699830
2.508448 38.895410
2.508448 39.090991
2.5576 39.286571
2.5576 39.482151
2.5576 39.677731
2.606752 39.873311
2.606752 40.068891
2.606752 40.264471
2.655904 40.460051
2.655904 40.655632
2.655904 40.851212
2.705056 41.046792
2.705056 41.242372
2.705056 41.437952
2.754208 41.633532
2.754208 41.829112
2.754208 42.024692
2.754208 42.220273
2.80336 42.415853
2.80336 42.611433
2.80336 42.807013
2.852512 43.002593
2.852512 43.198173
2.852512 43.393753
2.901664 43.589333
2.901664 43.784913
2.901664 43.980494
2.950816 44.176074
2.950816 44.371654
2.950816 44.567234
2.999968 44.762814
2.999968 44.958394
2.999968 45.153974
3.04912 45.349554
3.04912 45.545135
3.04912 45.740715
3.098272 45.936295
3.098272 46.131875
3.098272 46.327455
3.147424 46.523035
3.147424 46.718615
3.147424 46.914195
3.196576 47.109776
3.196576 47.305356
3.196576 47.500936
3.245728 47.696516
3.245728 47.892096
3.245728 48.087676
3.29488 48.283256
3.29488 48.478836
3.29488 48.674417
3.344032 48.869997
3.344032 49.065577
3.344032 49.261157
3.393184 49.456737
3.393184 49.652317
3.393184 49.847897
3.442336 50.043477
3.442336 50.239058
3.442336 50.434638
3.442336 50.630218
3.491488 50.825798
3.491488 51.021378
3.491488 51.216958
3.54064 51.412538
3.54064 51.608118
3.54064 51.803699
3.589792 51.999279
3.589792 52.194859
3.589792 52.390439
3.638944 52.586019
3.638944 52.781599
3.638944 52.977179
3.688096 53.172759
3.688096 53.368340
3.688096 53.563920
3.737248 53.759500
3.737248 53.955080
3.737248 54.150660
3.7864 54.346240
3.7864 54.541820
3.7864 54.737400
3.835552 54.932981
3.835552 55.128561
3.835552 55.324141
3.884704 55.519721
3.884704 55.715301
3.884704 55.910881
3.933856 56.106461
3.933856 56.302041
3.933856 56.497622
3.983008 56.693202
3.983008 56.888782
3.983008 57.084362
4.03216 57.279942
4.03216 57.475522
4.03216 57.671102
4.081312 57.866682
4.081312 58.062263
4.081312 58.257843
4.130464 58.453423
4.130464 58.649003
4.130464 58.844583
4.130464 59.040163
4.179616 59.235743
4.179616 59.431323
4.179616 59.626904
4.228768 59.822484
4.228768 60.018064
4.228768 60.213644
4.27792 60.409224
4.27792 60.604804
4.27792 60.800384
4.327072 60.995964
4.327072 61.191545
4.327072 61.387125
4.376224 61.582705
4.376224 61.778285
4.376224 61.973865
4.425376 62.169445
4.425376 62.365025
4.425376 62.560605
4.474528 62.756186
4.474528 62.951766
4.474528 63.147346
4.52368 63.342926
4.52368 63.538506
4.52368 63.734086
4.572832 63.929666
4.572832 64.125246
4.572832 64.320827
4.621984 64.516407
4.621984 64.711987
4.621984 64.907567
4.671136 65.103147
4.671136 65.298727
4.671136 65.494307
4.720288 65.689887
4.720288 65.885467
4.720288 66.081048
4.76944 66.276628
4.76944 66.472208
4.76944 66.667788
4.818592 66.863368
4.818592 67.058948
4.818592 67.254528
4.818592 67.450108
4.867744 67.645689
4.867744 67.841269
4.867744 68.036849
4.916896 68.232429
4.916896 68.428009
4.916896 68.623589
4.966048 68.819169
4.966048 69.014749
4.966048 69.210330
5.0152 69.405910
5.0152 69.601490
5.0152 69.797070
5.064352 69.992650
5.064352 70.188230
5.064352 70.383810
5.113504 70.579390
5.113504 70.774971
5.113504 70.970551
5.162656 71.166131
5.162656 71.361711
5.162656 71.557291
5.211808 71.752871
5.211808 71.948451
5.211808 72.144031
5.26096 72.339612
5.26096 72.535192
5.26096 72.730772
5.310112 72.926352
5.310112 73.121932
5.310112 73.317512
5.359264 73.513092
5.359264 73.708672
5.359264 73.904253
5.408416 74.099833
5.408416 74.295413
5.408416 74.490993
5.457568 74.686573
5.457568 74.882153
5.457568 75.077733
5.50672 75.273313
5.50672 75.468894
5.50672 75.664474
5.50672 75.860054
5.555872 76.055634
5.555872 76.251214
5.555872 76.446794
5.605024 76.642374
5.605024 76.837954
5.605024 77.033535
5.654176 77.229115
5.654176 77.424695
5.654176 77.620275
5.703328 77.815855
5.703328 78.011435
5.703328 78.207015
5.75248 78.402595
5.75248 78.598176
5.75248 78.793756
5.801632 78.989336
5.801632 79.184916
5.801632 79.380496
5.850784 79.576076
5.850784 79.771656
5.850784 79.967236
5.899936 80.162817
5.899936 80.358397
5.899936 80.553977
5.949088 80.749557
5.949088 80.945137
5.949088 81.140717
5.99824 81.336297
5.99824 81.531877
5.99824 81.727458
6.047392 81.923038
6.047392 82.118618
6.047392 82.314198
6.096544 82.509778
6.096544 82.705358
6.096544 82.900938
6.145696 83.096518
6.145696 83.292099
6.145696 83.487679
6.194848 83.683259
6.194848 83.878839
6.194848 84.074419
6.194848 84.269999
6.244 84.465579
6.244 84.661159
6.244 84.856740
6.293152 85.052320
6.293152 85.247900
6.293152 85.443480
6.342304 85.639060
6.342304 85.834640
6.342304 86.030220
6.391456 86.225800
6.391456 86.421381
6.391456 86.616961
6.440608 86.812541
6.440608 87.008121
6.440608 87.203701
6.48976 87.399281
6.48976 87.594861
6.48976 87.790441
6.538912 87.986021
6.538912 88.181602
6.538912 88.377182
6.588064 88.572762
6.588064 88.768342
6.588064 88.963922
6.637216 89.159502
6.637216 89.355082
6.637216 89.550662
6.686368 89.746243
6.686368 89.941823
6.686368 90.137403
6.73552 90.332983
6.73552 90.528563
6.73552 90.724143
6.784672 90.919723
6.784672 91.115303
6.784672 91.310884
6.833824 91.506464
6.833824 91.702044
6.833824 91.897624
6.882976 92.093204
6.882976 92.288784
6.882976 92.484364
6.882976 92.679944
6.932128 92.875525
6.932128 93.071105
6.932128 93.266685
6.98128 93.462265
6.98128 93.657845
6.98128 93.853425
7.030432 94.049005
7.030432 94.244585
7.030432 94.440166
7.079584 94.635746
7.079584 94.831326
7.079584 95.026906
7.128736 95.222486
7.128736 95.418066
7.128736 95.613646
7.177888 95.809226
7.177888 96.004807
7.177888 96.200387
7.22704 96.395967
7.22704 96.591547
7.22704 96.787127
7.276192 96.982707
7.276192 97.178287
7.276192 97.373867
7.325344 97.569448
7.325344 97.765028
7.325344 97.960608
7.374496 98.156188
7.374496 98.351768
7.374496 98.547348
7.423648 98.742928
7.423648 98.938508
7.423648 99.134089
7.4728 99.329669
7.4728 99.525249
7.4728 99.720829
7.521952 99.916409
7.521952 100.111989
7.521952 100.307569
7.521952 100.503149
7.571104 100.698730
7.571104 100.894310
7.571104 101.089890
7.620256 101.285470
7.620256 101.481050
7.620256 101.676630
7.669408 101.872210
7.669408 102.067790
7.669408 102.263371
7.71856 102.458951
7.71856 102.654531
7.71856 102.850111
7.767712 103.045691
7.767712 103.241271
7.767712 103.436851
7.816864 103.632431
7.816864 103.828012
7.816864 104.023592
7.866016 104.219172
7.866016 104.414752
7.866016 104.610332
7.915168 104.805912
7.915168 105.001492
7.915168 105.197072
7.96432 105.392653
7.96432 105.588233
7.96432 105.783813
8.013472 105.979393
8.013472 106.174973
8.013472 106.370553
8.062624 106.566133
8.062624 106.761713
8.062624 106.957294
8.111776 107.152874
8.111776 107.348454
8.111776 107.544034
8.160928 107.739614
8.160928 107.935194
8.160928 108.130774
8.21008 108.326354
8.21008 108.521935
8.21008 108.717515
8.21008 108.913095
8.259232 109.108675
8.259232 109.304255
8.259232 109.499835
8.308384 109.695415
8.308384 109.890995
8.308384 110.086575
8.357536 110.282156
8.357536 110.477736
8.357536 110.673316
8.406688 110.868896
8.406688 111.064476
8.406688 111.260056
8.45584 111.455636
8.45584 111.651216
8.45584 111.846797
8.504992 112.042377
8.504992 112.237957
8.504992 112.433537
8.554144 112.629117
8.554144 112.824697
8.554144 113.020277
8.603296 113.215857
8.603296 113.411438
8.603296 113.607018
8.652448 113.802598
8.652448 113.998178
8.652448 114.193758
8.7016 114.389338
8.7016 114.584918
8.7016 114.780498
8.750752 114.976079
8.750752 115.171659
8.750752 115.367239
8.799904 115.562819
8.799904 115.758399
8.799904 115.953979
8.849056 116.149559
8.849056 116.345139
8.849056 116.540720
8.898208 116.736300
8.898208 116.931880
8.898208 117.127460
8.898208 117.323040
8.94736 117.518620
8.94736 117.714200
8.94736 117.909780
8.996512 118.105361
8.996512 118.300941
8.996512 118.496521
9.045664 118.692101
9.045664 118.887681
9.045664 119.083261
9.094816 119.278841
9.094816 119.474421
9.094816 119.670002
9.143968 119.865582
9.143968 120.061162
9.143968 120.256742
9.19312 120.452322
9.19312 120.647902
9.19312 120.843482
9.242272 121.039062
9.242272 121.234643
9.242272 121.430223
9.291424 121.625803
9.291424 121.821383
9.291424 122.016963
9.340576 122.212543
9.340576 122.408123
9.340576 122.603703
9.389728 122.799284
9.389728 122.994864
9.389728 123.190444
9.43888 123.386024
9.43888 123.581604
9.43888 123.777184
9.488032 123.972764
9.488032 124.168344
9.488032 124.363925
9.537184 124.559505
9.537184 124.755085
9.537184 124.950665
9.586336 125.146245
9.586336 125.341825
9.586336 125.537405
9.586336 125.732985
9.635488 125.928566
9.635488 126.124146
9.635488 126.319726
9.68464 126.515306
9.68464 126.710886
9.68464 126.906466
9.733792 127.102046
9.733792 127.297626
9.733792 127.493207
9.782944 127.688787
9.782944 127.884367
9.782944 128.079947
9.832096 128.275527
9.832096 128.471107
9.832096 128.666687
9.881248 128.862267
9.881248 129.057848
9.881248 129.253428
9.9304 129.449008
9.9304 129.644588
9.9304 129.840168
9.979552 130.035748
9.979552 130.231328
9.979552 130.426908
10.028704 130.622489
10.028704 130.818069
10.028704 131.013649
10.077856 131.209229
10.077856 131.404809
10.077856 131.600389
10.127008 131.795969
10.127008 131.991549
10.127008 132.187129
10.17616 132.382710
10.17616 132.578290
10.17616 132.773870
10.225312 132.969450
10.225312 133.165030
10.225312 133.360610
10.274464 133.556190
10.274464 133.751770
10.274464 133.947351
10.274464 134.142931
10.323616 134.338511
10.323616 134.534091
10.323616 134.729671
10.372768 134.925251
10.372768 135.120831
10.372768 135.316411
10.42192 135.511992
10.42192 135.707572
10.42192 135.903152
10.471072 136.098732
10.471072 136.294312
10.471072 136.489892
10.520224 136.685472
10.520224 136.881052
10.520224 137.076633
10.569376 137.272213
10.569376 137.467793
10.569376 137.663373
10.618528 137.858953
10.618528 138.054533
10.618528 138.250113
10.66768 138.445693
10.66768 138.641274
10.66768 138.836854
10.716832 139.032434
10.716832 139.228014
10.716832 139.423594
10.765984 139.619174
10.765984 139.814754
10.765984 140.010334
10.815136 140.205915
10.815136 140.401495
10.815136 140.597075
10.864288 140.792655
10.864288 140.988235
10.864288 141.183815
10.91344 141.379395
10.91344 141.574975
10.91344 141.770556
10.962592 141.966136
10.962592 142.161716
10.962592 142.357296
10.962592 142.552876
11.011744 142.748456
11.011744 142.944036
11.011744 143.139616
11.060896 143.335197
11.060896 143.530777
11.060896 143.726357
11.110048 143.921937
11.110048 144.117517
11.110048 144.313097
11.1592 144.508677
11.1592 144.704257
11.1592 144.899838
11.208352 145.095418
11.208352 145.290998
11.208352 145.486578
11.257504 145.682158
11.257504 145.877738
11.257504 146.073318
11.306656 146.268898
11.306656 146.464479
11.306656 146.660059
11.355808 146.855639
11.355808 147.051219
11.355808 147.246799
11.40496 147.442379
11.40496 147.637959
11.40496 147.833539
11.454112 148.029120
11.454112 148.224700
11.454112 148.420280
11.503264 148.615860
11.503264 148.811440
11.503264 149.007020
11.552416 149.202600
11.552416 149.398180
11.552416 149.593761
11.601568 149.789341
11.601568 149.984921
11.601568 150.180501
11.65072 150.376081
11.65072 150.571661
11.65072 150.767241
11.65072 150.962821
11.699872 151.158402
11.699872 151.353982
11.699872 151.549562
11.749024 151.745142
11.749024 151.940722
11.749024 152.136302
11.798176 152.331882
11.798176 152.527462
11.798176 152.723043
11.847328 152.918623
11.847328 153.114203
11.847328 153.309783
11.89648 153.505363
11.89648 153.700943
11.89648 153.896523
11.945632 154.092103
11.945632 154.287683
11.945632 154.483264
11.994784 154.678844
11.994784 154.874424
11.994784 155.070004
12.043936 155.265584
12.043936 155.461164
12.043936 155.656744
12.093088 155.852324
12.093088 156.047905
12.093088 156.243485
12.14224 156.439065
12.14224 156.634645
12.14224 156.830225
12.191392 157.025805
12.191392 157.221385
12.191392 157.416965
12.240544 157.612546
12.240544 157.808126
12.240544 158.003706
12.289696 158.199286
12.289696 158.394866
12.289696 158.590446
12.338848 158.786026
12.338848 158.981606
12.338848 159.177187
12.338848 159.372767
12.388 159.568347
12.388 159.763927
12.388 159.959507
12.437152 160.155087
12.437152 160.350667
12.437152 160.546247
12.486304 160.741828
12.486304 160.937408
12.486304 161.132988
12.535456 161.328568
12.535456 161.524148
12.535456 161.719728
12.584608 161.915308
12.584608 162.110888
12.584608 162.306469
12.63376 162.502049
12.63376 162.697629
12.63376 162.893209
12.682912 163.088789
12.682912 163.284369
12.682912 163.479949
12.732064 163.675529
12.732064 163.871110
12.732064 164.066690
12.781216 164.262270
12.781216 164.457850
12.781216 164.653430
12.830368 164.849010
12.830368 165.044590
12.830368 165.240170
12.87952 165.435751
12.87952 165.631331
12.87952 165.826911
12.928672 166.022491
12.928672 166.218071
12.928672 166.413651
12.977824 166.609231
12.977824 166.804811
12.977824 167.000392
13.026976 167.195972
13.026976 167.391552
13.026976 167.587132
13.026976 167.782712
13.076128 167.978292
13.076128 168.173872
13.076128 168.369452
13.12528 168.565033
13.12528 168.760613
13.12528 168.956193
13.174432 169.151773
13.174432 169.347353
13.174432 169.542933
13.223584 169.738513
13.223584 169.934093
13.223584 170.129674
13.272736 170.325254
13.272736 170.520834
13.272736 170.716414
13.321888 170.911994
13.321888 171.107574
13.321888 171.303154
13.37104 171.498734
13.37104 171.694315
13.37104 171.889895
13.420192 172.085475
13.420192 172.281055
13.420192 172.476635
13.469344 172.672215
13.469344 172.867795
13.469344 173.063375
13.518496 173.258956
13.518496 173.454536
13.518496 173.650116
13.567648 173.845696
13.567648 174.041276
13.567648 174.236856
13.6168 174.432436
13.6168 174.628016
13.6168 174.823597
13.665952 175.019177
13.665952 175.214757
13.665952 175.410337
13.715104 175.605917
13.715104 175.801497
13.715104 175.997077
13.715104 176.192657
13.764256 176.388237
13.764256 176.583818
13.764256 176.779398
13.813408 176.974978
13.813408 177.170558
13.813408 177.366138
13.86256 177.561718
13.86256 177.757298
13.86256 177.952878
13.911712 178.148459
13.911712 178.344039
13.911712 178.539619
13.960864 178.735199
13.960864 178.930779
13.960864 179.126359
14.010016 179.321939
14.010016 179.517519
14.010016 179.713100
14.059168 179.908680
14.059168 180.104260
14.059168 180.299840
14.10832 180.495420
14.10832 180.691000
14.10832 180.886580
14.157472 181.082160
14.157472 181.277741
14.157472 181.473321
14.206624 181.668901
14.206624 181.864481
14.206624 182.060061
14.255776 182.255641
14.255776 182.451221
14.255776 182.646801
14.304928 182.842382
14.304928 183.037962
14.304928 183.233542
14.35408 183.429122
14.35408 183.624702
14.35408 183.820282
14.35408 184.015862
14.403232 184.211442
14.403232 184.407023
14.403232 184.602603
14.452384 184.798183
14.452384 184.993763
14.452384 185.189343
14.501536 185.384923
14.501536 185.580503
14.501536 185.776083
14.550688 185.971664
14.550688 186.167244
14.550688 186.362824
14.59984 186.558404
14.59984 186.753984
14.59984 186.949564
14.648992 187.145144
14.648992 187.340724
14.648992 187.536305
14.698144 187.731885
14.698144 187.927465
14.698144 188.123045
14.747296 188.318625
14.747296 188.514205
14.747296 188.709785
14.796448 188.905365
14.796448 189.100946
14.796448 189.296526
14.8456 189.492106
14.8456 189.687686
14.8456 189.883266
14.894752 190.078846
14.894752 190.274426
14.894752 190.470006
14.943904 190.665587
14.943904 190.861167
14.943904 191.056747
14.993056 191.252327
14.993056 191.447907
14.993056 191.643487
15.042208 191.839067
15.042208 192.034647
15.042208 192.230228
15.042208 192.425808
15.09136 192.621388
15.09136 192.816968
15.09136 193.012548
15.140512 193.208128
15.140512 193.403708
15.140512 193.599288
15.189664 193.794869
15.189664 193.990449
15.189664 194.186029
15.238816 194.381609
15.238816 194.577189
15.238816 194.772769
15.287968 194.968349
15.287968 195.163929
15.287968 195.359510
15.33712 195.555090
15.33712 195.750670
15.33712 195.946250
15.386272 196.141830
15.386272 196.337410
15.386272 196.532990
15.435424 196.728570
15.435424 196.924151
15.435424 197.119731
15.484576 197.315311
15.484576 197.510891
15.484576 197.706471
15.533728 197.902051
15.533728 198.097631
15.533728 198.293211
15.58288 198.488791
15.58288 198.684372
15.58288 198.879952
15.632032 199.075532
15.632032 199.271112
15.632032 199.466692
15.681184 199.662272
15.681184 199.857852
15.681184 200.053432
15.730336 200.249013
15.730336 200.444593
15.730336 200.640173
15.730336 200.835753
15.779488 201.031333
15.779488 201.226913
15.779488 201.422493
15.82864 201.618073
15.82864 201.813654
15.82864 202.009234
15.877792 202.204814
15.877792 202.400394
15.877792 202.595974
15.926944 202.791554
15.926944 202.987134
15.926944 203.182714
15.976096 203.378295
15.976096 203.573875
15.976096 203.769455
16.025248 203.965035
16.025248 204.160615
16.025248 204.356195
16.0744 204.551775
16.0744 204.747355
16.0744 204.942936
16.123552 205.138516
16.123552 205.334096
16.123552 205.529676
16.172704 205.725256
16.172704 205.920836
16.172704 206.116416
16.221856 206.311996
16.221856 206.507577
16.221856 206.703157
16.271008 206.898737
16.271008 207.094317
16.271008 207.289897
16.32016 207.485477
16.32016 207.681057
16.32016 207.876637
16.369312 208.072218
16.369312 208.267798
16.369312 208.463378
16.418464 208.658958
16.418464 208.854538
16.418464 209.050118
16.418464 209.245698
16.467616 209.441278
16.467616 209.636859
16.467616 209.832439
16.516768 210.028019
16.516768 210.223599
16.516768 210.419179
16.56592 210.614759
16.56592 210.810339
16.56592 211.005919
16.615072 211.201500
16.615072 211.397080
16.615072 211.592660
16.664224 211.788240
16.664224 211.983820
16.664224 212.179400
16.713376 212.374980
16.713376 212.570560
16.713376 212.766141
16.762528 212.961721
16.762528 213.157301
16.762528 213.352881
16.81168 213.548461
16.81168 213.744041
16.81168 213.939621
16.860832 214.135201
16.860832 214.330782
16.860832 214.526362
16.909984 214.721942
16.909984 214.917522
16.909984 215.113102
16.959136 215.308682
16.959136 215.504262
16.959136 215.699842
17.008288 215.895423
17.008288 216.091003
17.008288 216.286583
17.05744 216.482163
17.05744 216.677743
17.05744 216.873323
17.106592 217.068903
17.106592 217.264483
17.106592 217.460064
17.106592 217.655644
17.155744 217.851224
17.155744 218.046804
17.155744 218.242384
17.204896 218.437964
17.204896 218.633544
17.204896 218.829124
17.254048 219.024705
17.254048 219.220285
17.254048 219.415865
17.3032 219.611445
17.3032 219.807025
17.3032 220.002605
17.352352 220.198185
17.352352 220.393765
17.352352 220.589345
17.401504 220.784926
17.401504 220.980506
17.401504 221.176086
17.450656 221.371666
17.450656 221.567246
17.450656 221.762826
17.499808 221.958406
17.499808 222.153986
17.499808 222.349567
17.54896 222.545147
17.54896 222.740727
17.54896 222.936307
17.598112 223.131887
17.598112 223.327467
17.598112 223.523047
17.647264 223.718627
17.647264 223.914208
17.647264 224.109788
17.696416 224.305368
17.696416 224.500948
17.696416 224.696528
17.745568 224.892108
17.745568 225.087688
17.745568 225.283268
17.79472 225.478849
17.79472 225.674429
17.79472 225.870009
17.79472 226.065589
17.843872 226.261169
17.843872 226.456749
17.843872 226.652329
17.893024 226.847909
17.893024 227.043490
17.893024 227.239070
17.942176 227.434650
17.942176 227.630230
17.942176 227.825810
17.991328 228.021390
17.991328 228.216970
17.991328 228.412550
18.04048 228.608131
18.04048 228.803711
18.04048 228.999291
18.089632 229.194871
18.089632 229.390451
18.089632 229.586031
18.138784 229.781611
18.138784 229.977191
18.138784 230.172772
18.187936 230.368352
18.187936 230.563932
18.187936 230.759512
18.237088 230.955092
18.237088 231.150672
18.237088 231.346252
18.28624 231.541832
18.28624 231.737413
18.28624 231.932993
18.335392 232.128573
18.335392 232.324153
18.335392 232.519733
18.384544 232.715313
18.384544 232.910893
18.384544 233.106473
18.433696 233.302054
18.433696 233.497634
18.433696 233.693214
18.482848 233.888794
18.482848 234.084374
18.482848 234.279954
18.482848 234.475534
18.532 234.671114
18.532 234.866695
18.532 235.062275
18.581152 235.257855
18.581152 235.453435
18.581152 235.649015
18.630304 235.844595
18.630304 236.040175
18.630304 236.235755
18.679456 236.431336
18.679456 236.626916
18.679456 236.822496
18.728608 237.018076
18.728608 237.213656
18.728608 237.409236
18.77776 237.604816
18.77776 237.800396
18.77776 237.995977
18.826912 238.191557
18.826912 238.387137
18.826912 238.582717
18.876064 238.778297
18.876064 238.973877
18.876064 239.169457
18.925216 239.365037
18.925216 239.560618
18.925216 239.756198
18.974368 239.951778
18.974368 240.147358
18.974368 240.342938
19.02352 240.538518
19.02352 240.734098
19.02352 240.929678
19.072672 241.125259
19.072672 241.320839
19.072672 241.516419
19.121824 241.711999
19.121824 241.907579
19.121824 242.103159
19.170976 242.298739
19.170976 242.494319
19.170976 242.689899
19.170976 242.885480
19.220128 243.081060
19.220128 243.276640
19.220128 243.472220
19.26928 243.667800
19.26928 243.863380
19.26928 244.058960
19.318432 244.254540
19.318432 244.450121
19.318432 244.645701
19.367584 244.841281
19.367584 245.036861
19.367584 245.232441
19.416736 245.428021
19.416736 245.623601
19.416736 245.819181
19.465888 246.014762
19.465888 246.210342
19.465888 246.405922
19.51504 246.601502
19.51504 246.797082
19.51504 246.992662
19.564192 247.188242
19.564192 247.383822
19.564192 247.579403
19.613344 247.774983
19.613344 247.970563
19.613344 248.166143
19.662496 248.361723
19.662496 248.557303
19.662496 248.752883
19.711648 248.948463
19.711648 249.144044
19.711648 249.339624
19.7608 249.535204
19.7608 249.730784
19.7608 249.926364
19.809952 250.121944
19.809952 250.317524
19.809952 250.513104
19.809952 250.708685
19.859104 250.904265
19.859104 251.099845
19.859104 251.295425
19.908256 251.491005
19.908256 251.686585
19.908256 251.882165
19.957408 252.077745
19.957408 252.273326
19.957408 252.468906
20.00656 252.664486
20.00656 252.860066
20.00656 253.055646
20.055712 253.251226
20.055712 253.446806
20.055712 253.642386
20.104864 253.837967
20.104864 254.033547
20.104864 254.229127
20.154016 254.424707
20.154016 254.620287
20.154016 254.815867
20.203168 255.011447
20.203168 255.207027
20.203168 255.402608
20.25232 255.598188
20.25232 255.793768
20.25232 255.989348
20.301472 256.184928
20.301472 256.380508
20.301472 256.576088
20.350624 256.771668
20.350624 256.967249
20.350624 257.162829
20.399776 257.358409
20.399776 257.553989
20.399776 257.749569
20.448928 257.945149
20.448928 258.140729
20.448928 258.336309
20.49808 258.531890
20.49808 258.727470
20.49808 258.923050
20.49808 259.118630
20.547232 259.314210
20.547232 259.509790
20.547232 259.705370
20.596384 259.900950
20.596384 260.096531
20.596384 260.292111
20.645536 260.487691
20.645536 260.683271
20.645536 260.878851
20.694688 261.074431
20.694688 261.270011
20.694688 261.465591
20.74384 261.661172
20.74384 261.856752
20.74384 262.052332
20.792992 262.247912
20.792992 262.443492
20.792992 262.639072
20.842144 262.834652
20.842144 263.030232
20.842144 263.225813
20.891296 263.421393
20.891296 263.616973
20.891296 263.812553
20.940448 264.008133
20.940448 264.203713
20.940448 264.399293
20.9896 264.594873
20.9896 264.790453
20.9896 264.986034
21.038752 265.181614
21.038752 265.377194
21.038752 265.572774
21.087904 265.768354
21.087904 265.963934
21.087904 266.159514
21.137056 266.355094
21.137056 266.550675
21.137056 266.746255
21.186208 266.941835
21.186208 267.137415
21.186208 267.332995
21.186208 267.528575
21.23536 267.724155
21.23536 267.919735
21.23536 268.115316
21.284512 268.310896
21.284512 268.506476
21.284512 268.702056
21.333664 268.897636
21.333664 269.093216
21.333664 269.288796
21.382816 269.484376
21.382816 269.679957
21.382816 269.875537
21.431968 270.071117
21.431968 270.266697
21.431968 270.462277
21.48112 270.657857
21.48112 270.853437
21.48112 271.049017
21.530272 271.244598
21.530272 271.440178
21.530272 271.635758
21.579424 271.831338
21.579424 272.026918
21.579424 272.222498
21.628576 272.418078
21.628576 272.613658
21.628576 272.809239
21.677728 273.004819
21.677728 273.200399
21.677728 273.395979
21.72688 273.591559
21.72688 273.787139
21.72688 273.982719
21.776032 274.178299
21.776032 274.373880
21.776032 274.569460
21.825184 274.765040
21.825184 274.960620
21.825184 275.156200
21.874336 275.351780
21.874336 275.547360
21.874336 275.742940
21.874336 275.938521
21.923488 276.134101
21.923488 276.329681
21.923488 276.525261
21.97264 276.720841
21.97264 276.916421
21.97264 277.112001
22.021792 277.307581
22.021792 277.503162
22.021792 277.698742
22.070944 277.894322
22.070944 278.089902
22.070944 278.285482
22.120096 278.481062
22.120096 278.676642
22.120096 278.872222
22.169248 279.067803
22.169248 279.263383
22.169248 279.458963
22.2184 279.654543
22.2184 279.850123
22.2184 280.045703
22.267552 280.241283
22.267552 280.436863
22.267552 280.632444
22.316704 280.828024
22.316704 281.023604
22.316704 281.219184
22.365856 281.414764
22.365856 281.610344
22.365856 281.805924
22.415008 282.001504
22.415008 282.197085
22.415008 282.392665
22.46416 282.588245
22.46416 282.783825
22.46416 282.979405
22.513312 283.174985
22.513312 283.370565
22.513312 283.566145
22.562464 283.761726
22.562464 283.957306
22.562464 284.152886
22.562464 284.348466
22.611616 284.544046
22.611616 284.739626
22.611616 284.935206
22.660768 285.130786
22.660768 285.326367
22.660768 285.521947
22.70992 285.717527
22.70992 285.913107
22.70992 286.108687
22.759072 286.304267
22.759072 286.499847
22.759072 286.695427
22.808224 286.891007
22.808224 287.086588
22.808224 287.282168
22.857376 287.477748
22.857376 287.673328
22.857376 287.868908
22.906528 288.064488
22.906528 288.260068
22.906528 288.455648
22.95568 288.651229
22.95568 288.846809
22.95568 289.042389
23.004832 289.237969
23.004832 289.433549
23.004832 289.629129
23.053984 289.824709
23.053984 290.020289
23.053984 290.215870
23.103136 290.411450
23.103136 290.607030
23.103136 290.802610
23.152288 290.998190
23.152288 291.193770
23.152288 291.389350
23.20144 291.584930
23.20144 291.780511
23.20144 291.976091
23.250592 292.171671
23.250592 292.367251
23.250592 292.562831
23.250592 292.758411
23.299744 292.953991
23.299744 293.149571
23.299744 293.345152
23.348896 293.540732
23.348896 293.736312
23.348896 293.931892
23.398048 294.127472
23.398048 294.323052
23.398048 294.518632
23.4472 294.714212
23.4472 294.909793
23.4472 295.105373
23.496352 295.300953
23.496352 295.496533
23.496352 295.692113
23.545504 295.887693
23.545504 296.083273
23.545504 296.278853
23.594656 296.474434
23.594656 296.670014
23.594656 296.865594
23.643808 297.061174
23.643808 297.256754
23.643808 297.452334
23.69296 297.647914
23.69296 297.843494
23.69296 298.039075
23.742112 298.234655
23.742112 298.430235
23.742112 298.625815
23.791264 298.821395
23.791264 299.016975
23.791264 299.212555
23.840416 299.408135
23.840416 299.603716
23.840416 299.799296
23.889568 299.994876
23.889568 300.190456
23.889568 300.386036
23.93872 300.581616
23.93872 300.777196
23.93872 300.972776
23.93872 301.168357
23.987872 301.363937
23.987872 301.559517
23.987872 301.755097
24.037024 301.950677
24.037024 302.146257
24.037024 302.341837
24.086176 302.537417
24.086176 302.732998
24.086176 302.928578
24.135328 303.124158
24.135328 303.319738
24.135328 303.515318
24.18448 303.710898
24.18448 303.906478
24.18448 304.102058
24.233632 304.297639
24.233632 304.493219
24.233632 304.688799
24.282784 304.884379
24.282784 305.079959
24.282784 305.275539
24.331936 305.471119
24.331936 305.666699
24.331936 305.862280
24.381088 306.057860
24.381088 306.253440
24.381088 306.449020
24.43024 306.644600
24.43024 306.840180
24.43024 307.035760
24.479392 307.231340
24.479392 307.426921
24.479392 307.622501
24.528544 307.818081
24.528544 308.013661
24.528544 308.209241
24.577696 308.404821
24.577696 308.600401
24.577696 308.795981
24.626848 308.991561
24.626848 309.187142
24.626848 309.382722
24.626848 309.578302
24.676 309.773882
24.676 309.969462
24.676 310.165042
24.725152 310.360622
24.725152 310.556202
24.725152 310.751783
24.774304 310.947363
24.774304 311.142943
24.774304 311.338523
24.823456 311.534103
24.823456 311.729683
24.823456 311.925263
24.872608 312.120843
24.872608 312.316424
24.872608 312.512004
24.92176 312.707584
24.92176 312.903164
24.92176 313.098744
24.970912 313.294324
24.970912 313.489904
24.970912 313.685484
25.020064 313.881065
25.020064 314.076645
25.020064 314.272225
25.069216 314.467805
25.069216 314.663385
25.069216 314.858965
25.118368 315.054545
25.118368 315.250125
25.118368 315.445706
25.16752 315.641286
25.16752 315.836866
25.16752 316.032446
25.216672 316.228026
25.216672 316.423606
25.216672 316.619186
25.265824 316.814766
25.265824 317.010347
25.265824 317.205927
25.314976 317.401507
25.314976 317.597087
25.314976 317.792667
25.314976 317.988247
25.364128 318.183827
25.364128 318.379407
25.364128 318.574988
25.41328 318.770568
25.41328 318.966148
25.41328 319.161728
25.462432 319.357308
25.462432 319.552888
25.462432 319.748468
25.511584 319.944048
25.511584 320.139629
25.511584 320.335209
25.560736 320.530789
25.560736 320.726369
25.560736 320.921949
25.609888 321.117529
25.609888 321.313109
25.609888 321.508689
25.65904 321.704270
25.65904 321.899850
25.65904 322.095430
25.708192 322.291010
25.708192 322.486590
25.708192 322.682170
25.757344 322.877750
25.757344 323.073330
25.757344 323.268911
25.806496 323.464491
25.806496 323.660071
25.806496 323.855651
25.855648 324.051231
25.855648 324.246811
25.855648 324.442391
25.9048 324.637971
25.9048 324.833552
25.9048 325.029132
25.953952 325.224712
25.953952 325.420292
25.953952 325.615872
25.953952 325.811452
26.003104 326.007032
26.003104 326.202612
26.003104 326.398193
26.052256 326.593773
26.052256 326.789353
26.052256 326.984933
26.101408 327.180513
26.101408 327.376093
26.101408 327.571673
26.15056 327.767253
26.15056 327.962834
26.15056 328.158414
26.199712 328.353994
26.199712 328.549574
26.199712 328.745154
26.248864 328.940734
26.248864 329.136314
26.248864 329.331894
26.298016 329.527475
26.298016 329.723055
26.298016 329.918635
26.347168 330.114215
26.347168 330.309795
26.347168 330.505375
26.39632 330.700955
26.39632 330.896535
26.39632 331.092116
26.445472 331.287696
26.445472 331.483276
26.445472 331.678856
26.494624 331.874436
26.494624 332.070016
26.494624 332.265596
26.543776 332.461176
26.543776 332.656756
26.543776 332.852337
26.592928 333.047917
26.592928 333.243497
26.592928 333.439077
26.64208 333.634657
26.64208 333.830237
26.64208 334.025817
26.64208 334.221397
26.691232 334.416978
26.691232 334.612558
26.691232 334.808138
26.740384 335.003718
26.740384 335.199298
26.740384 335.394878
26.789536 335.590458
26.789536 335.786038
26.789536 335.981619
26.838688 336.177199
26.838688 336.372779
26.838688 336.568359
26.88784 336.763939
26.88784 336.959519
26.88784 337.155099
26.936992 337.350679
26.936992 337.546260
26.936992 337.741840
26.986144 337.937420
26.986144 338.133000
26.986144 338.328580
27.035296 338.524160
27.035296 338.719740
27.035296 338.915320
27.084448 339.110901
27.084448 339.306481
27.084448 339.502061
27.1336 339.697641
27.1336 339.893221
27.1336 340.088801
27.182752 340.284381
27.182752 340.479961
27.182752 340.675542
27.231904 340.871122
27.231904 341.066702
27.231904 341.262282
27.281056 341.457862
27.281056 341.653442
27.281056 341.849022
27.330208 342.044602
27.330208 342.240183
27.330208 342.435763
27.330208 342.631343
27.37936 342.826923
27.37936 343.022503
27.37936 343.218083
27.428512 343.413663
27.428512 343.609243
27.428512 343.804824
27.477664 344.000404
27.477664 344.195984
27.477664 344.391564
27.526816 344.587144
27.526816 344.782724
27.526816 344.978304
27.575968 345.173884
27.575968 345.369465
27.575968 345.565045
27.62512 345.760625
27.62512 345.956205
27.62512 346.151785
27.674272 346.347365
27.674272 346.542945
27.674272 346.738525
27.723424 346.934106
27.723424 347.129686
27.723424 347.325266
27.772576 347.520846
27.772576 347.716426
27.772576 347.912006
27.821728 348.107586
27.821728 348.303166
27.821728 348.498747
27.87088 348.694327
27.87088 348.889907
27.87088 349.085487
27.920032 349.281067
27.920032 349.476647
27.920032 349.672227
27.969184 349.867807
27.969184 350.063388
27.969184 350.258968
28.018336 350.454548
28.018336 350.650128
28.018336 350.845708
28.018336 351.041288
28.067488 351.236868
28.067488 351.432448
28.067488 351.628029
28.11664 351.823609
28.11664 352.019189
28.11664 352.214769
28.165792 352.410349
28.165792 352.605929
28.165792 352.801509
28.214944 352.997089
28.214944 353.192670
28.214944 353.388250
28.264096 353.583830
28.264096 353.779410
28.264096 353.974990
28.313248 354.170570
28.313248 354.366150
28.313248 354.561730
28.3624 354.757310
28.3624 354.952891
28.3624 355.148471
28.411552 355.344051
28.411552 355.539631
28.411552 355.735211
28.460704 355.930791
28.460704 356.126371
28.460704 356.321951
28.509856 356.517532
28.509856 356.713112
28.509856 356.908692
28.559008 357.104272
28.559008 357.299852
28.559008 357.495432
28.60816 357.691012
28.60816 357.886592
28.60816 358.082173
28.657312 358.277753
28.657312 358.473333
28.657312 358.668913
28.706464 358.864493
28.706464 359.060073
28.706464 359.255653
28.706464 359.451233
28.755616 359.646814
28.755616 359.842394
28.755616 360.037974
28.804768 360.233554
28.804768 360.429134
28.804768 360.624714
28.85392 360.820294
28.85392 361.015874
28.85392 361.211455
28.903072 361.407035
28.903072 361.602615
28.903072 361.798195
28.952224 361.993775
28.952224 362.189355
28.952224 362.384935
29.001376 362.580515
29.001376 362.776096
29.001376 362.971676
29.050528 363.167256
29.050528 363.362836
29.050528 363.558416
29.09968 363.753996
29.09968 363.949576
29.09968 364.145156
29.148832 364.340737
29.148832 364.536317
29.148832 364.731897
29.197984 364.927477
29.197984 365.123057
29.197984 365.318637
29.247136 365.514217
29.247136 365.709797
29.247136 365.905378
29.296288 366.100958
29.296288 366.296538
29.296288 366.492118
29.34544 366.687698
29.34544 366.883278
29.34544 367.078858
29.394592 367.274438
29.394592 367.470019
29.394592 367.665599
29.394592 367.861179
29.443744 368.056759
29.443744 368.252339
29.443744 368.447919
29.492896 368.643499
29.492896 368.839079
29.492896 369.034660
29.542048 369.230240
29.542048 369.425820
29.542048 369.621400
29.5912 369.816980
29.5912 370.012560
29.5912 370.208140
29.640352 370.403720
29.640352 370.599301
29.640352 370.794881
29.689504 370.990461
29.689504 371.186041
29.689504 371.381621
29.738656 371.577201
29.738656 371.772781
29.738656 371.968361
29.787808 372.163942
29.787808 372.359522
29.787808 372.555102
29.83696 372.750682
29.83696 372.946262
29.83696 373.141842
29.886112 373.337422
29.886112 373.533002
29.886112 373.728583
29.935264 373.924163
29.935264 374.119743
29.935264 374.315323
29.984416 374.510903
29.984416 374.706483
29.984416 374.902063
30.033568 375.097643
30.033568 375.293224
30.033568 375.488804
30.08272 375.684384
30.08272 375.879964
30.08272 376.075544
30.08272 376.271124
30.131872 376.466704
30.131872 376.662284
30.131872 376.857864
30.181024 377.053445
30.181024 377.249025
30.181024 377.444605
30.230176 377.640185
30.230176 377.835765
30.230176 378.031345
30.279328 378.226925
30.279328 378.422505
30.279328 378.618086
30.32848 378.813666
30.32848 379.009246
30.32848 379.204826
30.377632 379.400406
30.377632 379.595986
30.377632 379.791566
30.426784 379.987146
30.426784 380.182727
30.426784 380.378307
30.475936 380.573887
30.475936 380.769467
30.475936 380.965047
30.525088 381.160627
30.525088 381.356207
30.525088 381.551787
30.57424 381.747368
30.57424 381.942948
30.57424 382.138528
30.623392 382.334108
30.623392 382.529688
30.623392 382.725268
30.672544 382.920848
30.672544 383.116428
30.672544 383.312009
30.721696 383.507589
30.721696 383.703169
30.721696 383.898749
30.770848 384.094329
30.770848 384.289909
30.770848 384.485489
30.770848 384.681069
30.82 384.876650
30.82 385.072230
30.82 385.267810
30.869152 385.463390
30.869152 385.658970
30.869152 385.854550
30.918304 386.050130
30.918304 386.245710
30.918304 386.441291
30.967456 386.636871
30.967456 386.832451
30.967456 387.028031
31.016608 387.223611
31.016608 387.419191
31.016608 387.614771
31.06576 387.810351
31.06576 388.005932
31.06576 388.201512
31.114912 388.397092
31.114912 388.592672
31.114912 388.788252
31.164064 388.983832
31.164064 389.179412
31.164064 389.374992
31.213216 389.570573
31.213216 389.766153
31.213216 389.961733
31.262368 390.157313
31.262368 390.352893
31.262368 390.548473
31.31152 390.744053
31.31152 390.939633
31.31152 391.135214
31.360672 391.330794
31.360672 391.526374
31.360672 391.721954
31.409824 391.917534
31.409824 392.113114
31.409824 392.308694
31.458976 392.504274
31.458976 392.699855
31.458976 392.895435
31.458976 393.091015
31.508128 393.286595
31.508128 393.482175
31.508128 393.677755
31.55728 393.873335
31.55728 394.068915
31.55728 394.264496
31.606432 394.460076
31.606432 394.655656
31.606432 394.851236
31.655584 395.046816
31.655584 395.242396
31.655584 395.437976
31.704736 395.633556
31.704736 395.829137
31.704736 396.024717
31.753888 396.220297
31.753888 396.415877
31.753888 396.611457
31.80304 396.807037
31.80304 397.002617
31.80304 397.198197
31.852192 397.393778
31.852192 397.589358
31.852192 397.784938
31.901344 397.980518
31.901344 398.176098
31.901344 398.371678
31.950496 398.567258
31.950496 398.762838
31.950496 398.958418
31.999648 399.153999
31.999648 399.349579
31.999648 399.545159
32.0488 399.740739
32.0488 399.936319
32.0488 400.131899
32.097952 400.327479
32.097952 400.523059
32.097952 400.718640
32.097952 400.914220
32.147104 401.109800
32.147104 401.305380
32.147104 401.500960
32.196256 401.696540
32.196256 401.892120
32.196256 402.087700
32.245408 402.283281
32.245408 402.478861
32.245408 402.674441
32.29456 402.870021
32.29456 403.065601
32.29456 403.261181
32.343712 403.456761
32.343712 403.652341
32.343712 403.847922
32.392864 404.043502
32.392864 404.239082
32.392864 404.434662
32.442016 404.630242
32.442016 404.825822
32.442016 405.021402
32.491168 405.216982
32.491168 405.412563
32.491168 405.608143
32.54032 405.803723
32.54032 405.999303
32.54032 406.194883
32.589472 406.390463
32.589472 406.586043
32.589472 406.781623
32.638624 406.977204
32.638624 407.172784
32.638624 407.368364
32.687776 407.563944
32.687776 407.759524
32.687776 407.955104
32.736928 408.150684
32.736928 408.346264
32.736928 408.541845
32.78608 408.737425
32.78608 408.933005
32.78608 409.128585
32.78608 409.324165
32.835232 409.519745
32.835232 409.715325
32.835232 409.910905
32.884384 410.106486
32.884384 410.302066
32.884384 410.497646
32.933536 410.693226
32.933536 410.888806
32.933536 411.084386
32.982688 411.279966
32.982688 411.475546
32.982688 411.671127
33.03184 411.866707
33.03184 412.062287
33.03184 412.257867
33.080992 412.453447
33.080992 412.649027
33.080992 412.844607
33.130144 413.040187
33.130144 413.235768
33.130144 413.431348
33.179296 413.626928
33.179296 413.822508
33.179296 414.018088
33.228448 414.213668
33.228448 414.409248
33.228448 414.604828
33.2776 414.800409
33.2776 414.995989
33.2776 415.191569
33.326752 415.387149
33.326752 415.582729
33.326752 415.778309
33.375904 415.973889
33.375904 416.169469
33.375904 416.365050
33.425056 416.560630
33.425056 416.756210
33.425056 416.951790
33.474208 417.147370
33.474208 417.342950
33.474208 417.538530
33.474208 417.734110
33.52336 417.929691
33.52336 418.125271
33.52336 418.320851
33.572512 418.516431
33.572512 418.712011
33.572512 418.907591
33.621664 419.103171
33.621664 419.298751
33.621664 419.494332
33.670816 419.689912
33.670816 419.885492
33.670816 420.081072
33.719968 420.276652
33.719968 420.472232
33.719968 420.667812
33.76912 420.863392
33.76912 421.058972
33.76912 421.254553
33.818272 421.450133
33.818272 421.645713
33.818272 421.841293
33.867424 422.036873
33.867424 422.232453
33.867424 422.428033
33.916576 422.623613
33.916576 422.819194
33.916576 423.014774
33.965728 423.210354
33.965728 423.405934
33.965728 423.601514
34.01488 423.797094
34.01488 423.992674
34.01488 424.188254
34.064032 424.383835
34.064032 424.579415
34.064032 424.774995
34.113184 424.970575
34.113184 425.166155
34.113184 425.361735
34.162336 425.557315
34.162336 425.752895
34.162336 425.948476
34.162336 426.144056
34.211488 426.339636
34.211488 426.535216
34.211488 426.730796
34.26064 426.926376
34.26064 427.121956
34.26064 427.317536
34.309792 427.513117
34.309792 427.708697
34.309792 427.904277
34.358944 428.099857
34.358944 428.295437
34.358944 428.491017
34.408096 428.686597
34.408096 428.882177
34.408096 429.077758
34.457248 429.273338
34.457248 429.468918
34.457248 429.664498
34.5064 429.860078
34.5064 430.055658
34.5064 430.251238
34.555552 430.446818
34.555552 430.642399
34.555552 430.837979
34.604704 431.033559
34.604704 431.229139
34.604704 431.424719
34.653856 431.620299
34.653856 431.815879
34.653856 432.011459
34.703008 432.207040
34.703008 432.402620
34.703008 432.598200
34.75216 432.793780
34.75216 432.989360
34.75216 433.184940
34.801312 433.380520
34.801312 433.576100
34.801312 433.771681
34.850464 433.967261
34.850464 434.162841
34.850464 434.358421
34.850464 434.554001
34.899616 434.749581
34.899616 434.945161
34.899616 435.140741
34.948768 435.336322
34.948768 435.531902
34.948768 435.727482
34.99792 435.923062
34.99792 436.118642
34.99792 436.314222
35.047072 436.509802
35.047072 436.705382
35.047072 436.900963
35.096224 437.096543
35.096224 437.292123
35.096224 437.487703
35.145376 437.683283
35.145376 437.878863
35.145376 438.074443
35.194528 438.270023
35.194528 438.465604
35.194528 438.661184
35.24368 438.856764
35.24368 439.052344
35.24368 439.247924
35.292832 439.443504
35.292832 439.639084
35.292832 439.834664
35.341984 440.030245
35.341984 440.225825
35.341984 440.421405
35.391136 440.616985
35.391136 440.812565
35.391136 441.008145
35.440288 441.203725
35.440288 441.399305
35.440288 441.594886
35.48944 441.790466
35.48944 441.986046
35.48944 442.181626
35.538592 442.377206
35.538592 442.572786
35.538592 442.768366
35.538592 442.963946
35.587744 443.159526
35.587744 443.355107
35.587744 443.550687
35.636896 443.746267
35.636896 443.941847
35.636896 444.137427
35.686048 444.333007
35.686048 444.528587
35.686048 444.724167
35.7352 444.919748
35.7352 445.115328
35.7352 445.310908
35.784352 445.506488
35.784352 445.702068
35.784352 445.897648
35.833504 446.093228
35.833504 446.288808
35.833504 446.484389
35.882656 446.679969
35.882656 446.875549
35.882656 447.071129
35.931808 447.266709
35.931808 447.462289
35.931808 447.657869
35.98096 447.853449
35.98096 448.049030
35.98096 448.244610
36.030112 448.440190
36.030112 448.635770
36.030112 448.831350
36.079264 449.026930
36.079264 449.222510
36.079264 449.418090
36.128416 449.613671
36.128416 449.809251
36.128416 450.004831
36.177568 450.200411
36.177568 450.395991
36.177568 450.591571
36.22672 450.787151
36.22672 450.982731
36.22672 451.178312
36.22672 451.373892
36.275872 451.569472
36.275872 451.765052
36.275872 451.960632
36.325024 452.156212
36.325024 452.351792
36.325024 452.547372
36.374176 452.742953
36.374176 452.938533
36.374176 453.134113
36.423328 453.329693
36.423328 453.525273
36.423328 453.720853
36.47248 453.916433
36.47248 454.112013
36.47248 454.307594
36.521632 454.503174
36.521632 454.698754
36.521632 454.894334
36.570784 455.089914
36.570784 455.285494
36.570784 455.481074
36.619936 455.676654
36.619936 455.872235
36.619936 456.067815
36.669088 456.263395
36.669088 456.458975
36.669088 456.654555
36.71824 456.850135
36.71824 457.045715
36.71824 457.241295
36.767392 457.436876
36.767392 457.632456
36.767392 457.828036
36.816544 458.023616
36.816544 458.219196
36.816544 458.414776
36.865696 458.610356
36.865696 458.805936
36.865696 459.001517
36.914848 459.197097
36.914848 459.392677
36.914848 459.588257
36.914848 459.783837
36.964 459.979417
36.964 460.174997
36.964 460.370577
37.013152 460.566158
37.013152 460.761738
37.013152 460.957318
37.062304 461.152898
37.062304 461.348478
37.062304 461.544058
37.111456 461.739638
37.111456 461.935218
37.111456 462.130799
37.160608 462.326379
37.160608 462.521959
37.160608 462.717539
37.20976 462.913119
37.20976 463.108699
37.20976 463.304279
37.258912 463.499859
37.258912 463.695440
37.258912 463.891020
37.308064 464.086600
37.308064 464.282180
37.308064 464.477760
37.357216 464.673340
37.357216 464.868920
37.357216 465.064500
37.406368 465.260080
37.406368 465.455661
37.406368 465.651241
37.45552 465.846821
37.45552 466.042401
37.45552 466.237981
37.504672 466.433561
37.504672 466.629141
37.504672 466.824721
37.553824 467.020302
37.553824 467.215882
37.553824 467.411462
37.602976 467.607042
37.602976 467.802622
37.602976 467.998202
37.602976 468.193782
37.652128 468.389362
37.652128 468.584943
37.652128 468.780523
37.70128 468.976103
37.70128 469.171683
37.70128 469.367263
37.750432 469.562843
37.750432 469.758423
37.750432 469.954003
37.799584 470.149584
37.799584 470.345164
37.799584 470.540744
37.848736 470.736324
37.848736 470.931904
37.848736 471.127484
37.897888 471.323064
37.897888 471.518644
37.897888 471.714225
37.94704 471.909805
37.94704 472.105385
37.94704 472.300965
37.996192 472.496545
37.996192 472.692125
37.996192 472.887705
38.045344 473.083285
38.045344 473.278866
38.045344 473.474446
38.094496 473.670026
38.094496 473.865606
38.094496 474.061186
38.143648 474.256766
38.143648 474.452346
38.143648 474.647926
38.1928 474.843507
38.1928 475.039087
38.1928 475.234667
38.241952 475.430247
38.241952 475.625827
38.241952 475.821407
38.241952 476.016987
38.291104 476.212567
38.291104 476.408148
38.291104 476.603728
38.340256 476.799308
38.340256 476.994888
38.340256 477.190468
38.389408 477.386048
38.389408 477.581628
38.389408 477.777208
38.43856 477.972789
38.43856 478.168369
38.43856 478.363949
38.487712 478.559529
38.487712 478.755109
38.487712 478.950689
38.536864 479.146269
38.536864 479.341849
38.536864 479.537430
38.586016 479.733010
38.586016 479.928590
38.586016 480.124170
38.635168 480.319750
38.635168 480.515330
38.635168 480.710910
38.68432 480.906490
38.68432 481.102071
38.68432 481.297651
38.733472 481.493231
38.733472 481.688811
38.733472 481.884391
38.782624 482.079971
38.782624 482.275551
38.782624 482.471131
38.831776 482.666712
38.831776 482.862292
38.831776 483.057872
38.880928 483.253452
38.880928 483.449032
38.880928 483.644612
38.93008 483.840192
38.93008 484.035772
38.93008 484.231353
38.93008 484.426933
38.979232 484.622513
38.979232 484.818093
38.979232 485.013673
39.028384 485.209253
39.028384 485.404833
39.028384 485.600413
39.077536 485.795994
39.077536 485.991574
39.077536 486.187154
39.126688 486.382734
39.126688 486.578314
39.126688 486.773894
39.17584 486.969474
39.17584 487.165054
39.17584 487.360634
39.224992 487.556215
39.224992 487.751795
39.224992 487.947375
39.274144 488.142955
39.274144 488.338535
39.274144 488.534115
39.323296 488.729695
39.323296 488.925275
39.323296 489.120856
39.372448 489.316436
39.372448 489.512016
39.372448 489.707596
39.4216 489.903176
39.4216 490.098756
39.4216 490.294336
39.470752 490.489916
39.470752 490.685497
39.470752 490.881077
39.519904 491.076657
39.519904 491.272237
39.519904 491.467817
39.569056 491.663397
39.569056 491.858977
39.569056 492.054557
39.618208 492.250138
39.618208 492.445718
39.618208 492.641298
39.618208 492.836878
39.66736 493.032458
39.66736 493.228038
39.66736 493.423618
39.716512 493.619198
39.716512 493.814779
39.716512 494.010359
39.765664 494.205939
39.765664 494.401519
39.765664 494.597099
39.814816 494.792679
39.814816 494.988259
39.814816 495.183839
39.863968 495.379420
39.863968 495.575000
39.863968 495.770580
39.91312 495.966160
39.91312 496.161740
39.91312 496.357320
39.962272 496.552900
39.962272 496.748480
39.962272 496.944061
