0.1 0.195463
0.1 0.302968
0.1124 0.498431
0.1124 0.605936
0.1248 0.801400
0.1248 0.908904
0.1372 1.104368
0.1372 1.211872
0.1496 1.407336
0.1496 1.514841
0.162 1.710304
0.162 1.817809
0.1744 2.013272
0.1744 2.120777
0.1868 2.316240
0.1868 2.423745
0.1992 2.619208
0.1992 2.726713
0.2116 2.922176
0.2116 3.029681
0.224 3.225144
0.224 3.332649
0.2364 3.528113
0.2364 3.635617
0.2488 3.831081
0.2488 3.938585
0.2612 4.134049
0.2612 4.241554
0.2736 4.437017
0.2736 4.544522
0.286 4.739985
0.286 4.847490
0.2984 5.042953
0.2984 5.150458
0.3108 5.345921
0.3108 5.453426
0.3232 5.648889
0.3232 5.756394
0.3356 5.951857
0.3356 6.059362
0.348 6.254826
0.348 6.362330
0.3604 6.557794
0.3604 6.665298
0.3728 6.860762
0.3728 6.968267
0.3852 7.163730
0.3852 7.271235
0.3976 7.466698
0.3976 7.574203
0.41 7.769666
0.41 7.877171
0.4224 8.072634
0.4224 8.180139
0.4348 8.375602
0.4348 8.483107
0.4472 8.678570
0.4472 8.786075
0.4596 8.981538
0.4596 9.089043
0.472 9.284507
0.472 9.392011
0.4844 9.587475
0.4844 9.694980
0.4968 9.890443
0.4968 9.997948
0.5092 10.193411
0.5092 10.300916
0.5216 10.496379
0.5216 10.603884
0.534 10.799347
0.534 10.906852
0.5464 11.102315
0.5464 11.209820
0.5588 11.405283
0.5588 11.512788
0.5712 11.708251
0.5712 11.815756
0.5836 12.011220
0.5836 12.118724
0.596 12.314188
0.596 12.421693
0.6084 12.617156
0.6084 12.724661
0.6208 12.920124
0.6208 13.027629
0.6332 13.223092
0.6332 13.330597
0.6456 13.526060
0.6456 13.633565
0.658 13.829028
0.658 13.936533
0.6704 14.131996
0.6704 14.239501
0.6828 14.434964
0.6828 14.542469
0.6952 14.737933
0.7076 14.933396
0.72 15.128859
0.7324 15.324322
0.7448 15.519786
0.7572 15.715249
0.7696 15.910712
0.782 16.106176
0.7944 16.301639
0.8068 16.497102
0.8192 16.692566
0.8316 16.888029
0.844 17.083492
0.8564 17.278955
0.8688 17.474419
0.8812 17.669882
0.8936 17.865345
0.906 18.060809
0.9184 18.256272
0.9308 18.451735
0.9432 18.647199
0.9556 18.842662
0.968 19.038125
0.9804 19.233588
0.9928 19.429052
1.0052 19.624515
1.0176 19.819978
1.03 20.015442
1.0424 20.210905
1.0548 20.406368
1.0672 20.601831
1.0796 20.797295
1.092 20.992758
1.1044 21.188221
1.1168 21.383685
1.1292 21.579148
1.1416 21.774611
1.154 21.970075
1.1664 22.165538
1.1788 22.361001
1.1912 22.556464
1.2036 22.751928
1.216 22.947391
1.2284 23.142854
1.2408 23.338318
1.2532 23.533781
1.2656 23.729244
1.278 23.924708
1.2904 24.120171
1.3028 24.315634
1.3152 24.511097
1.3276 24.706561
1.34 24.902024
1.3648 25.097487
1.3772 25.292951
1.3896 25.488414
1.4144 25.683877
1.4268 25.879341
1.4392 26.074804
1.4516 26.270267
1.4764 26.465730
1.4888 26.661194
1.5012 26.856657
1.526 27.052120
1.5384 27.247584
1.5508 27.443047
1.5632 27.638510
1.588 27.833973
1.6004 28.029437
1.6128 28.224900
1.6376 28.420363
1.65 28.615827
1.6624 28.811290
1.6748 29.006753
1.6996 29.202217
1.712 29.397680
1.7244 29.593143
1.7492 29.788606
1.7616 29.984070
1.774 30.179533
1.7988 30.374996
1.8112 30.570460
1.8236 30.765923
1.836 30.961386
1.8608 31.156850
1.8732 31.352313
1.8856 31.547776
1.9104 31.743239
1.9228 31.938703
1.9352 32.134166
1.9476 32.329629
1.9724 32.525093
1.9848 32.720556
1.9972 32.916019
2.022 33.111482
2.0344 33.306946
2.0468 33.502409
2.0592 33.697872
2.084 33.893336
2.0964 34.088799
2.1088 34.284262
2.1336 34.479726
2.146 34.675189
2.1584 34.870652
2.1708 35.066115
2.1956 35.261579
2.208 35.457042
2.2204 35.652505
2.2452 35.847969
2.2576 36.043432
2.27 36.238895
2.2948 36.434359
2.3072 36.629822
2.3196 36.825285
2.332 37.020748
2.3568 37.216212
2.3692 37.411675
2.3816 37.607138
2.4064 37.802602
2.4188 37.998065
2.4312 38.193528
2.4436 38.388992
2.4684 38.584455
2.4808 38.779918
2.4932 38.975381
2.518 39.170845
2.5304 39.366308
2.5428 39.561771
2.5552 39.757235
2.58 39.952698
2.5924 40.148161
2.6048 40.343624
2.6296 40.539088
2.642 40.734551
2.6544 40.930014
2.6668 41.125478
2.6916 41.320941
2.704 41.516404
2.7164 41.711868
2.7412 41.907331
2.7536 42.102794
2.766 42.298257
2.7908 42.493721
2.8032 42.689184
2.8156 42.884647
2.828 43.080111
2.8528 43.275574
2.8652 43.471037
2.8776 43.666501
2.9024 43.861964
2.9148 44.057427
2.9272 44.252890
2.9396 44.448354
2.9644 44.643817
2.9768 44.839280
2.9892 45.034744
3.014 45.230207
3.0264 45.425670
3.0388 45.621133
3.0512 45.816597
3.076 46.012060
3.0884 46.207523
3.1008 46.402987
3.1256 46.598450
3.138 46.793913
3.1504 46.989377
3.1628 47.184840
3.1876 47.380303
3.2 47.575766
3.2124 47.771230
3.2372 47.966693
3.2496 48.162156
3.262 48.357620
3.2868 48.553083
3.2992 48.748546
3.3116 48.944010
3.324 49.139473
3.3488 49.334936
3.3612 49.530399
3.3736 49.725863
3.3984 49.921326
3.4108 50.116789
3.4232 50.312253
3.4356 50.507716
3.4604 50.703179
3.4728 50.898643
3.4852 51.094106
3.51 51.289569
3.5224 51.485032
3.5348 51.680496
3.5472 51.875959
3.572 52.071422
3.5844 52.266886
3.5968 52.462349
3.6216 52.657812
3.634 52.853275
3.6464 53.048739
3.6588 53.244202
3.6836 53.439665
3.696 53.635129
3.7084 53.830592
3.7332 54.026055
3.7456 54.221519
3.758 54.416982
3.7828 54.612445
3.7952 54.807908
3.8076 55.003372
3.82 55.198835
3.8448 55.394298
3.8572 55.589762
3.8696 55.785225
3.8944 55.980688
3.9068 56.176152
3.9192 56.371615
3.9316 56.567078
3.9564 56.762541
3.9688 56.958005
3.9812 57.153468
4.006 57.348931
4.0184 57.544395
4.0308 57.739858
4.0432 57.935321
4.068 58.130784
4.0804 58.326248
4.0928 58.521711
4.1176 58.717174
4.13 58.912638
4.1424 59.108101
4.1548 59.303564
4.1796 59.499028
4.192 59.694491
4.2044 59.889954
4.2292 60.085417
4.2416 60.280881
4.254 60.476344
4.2788 60.671807
4.2912 60.867271
4.3036 61.062734
4.316 61.258197
4.3408 61.453661
4.3532 61.649124
4.3656 61.844587
4.3904 62.040050
4.4028 62.235514
4.4152 62.430977
4.4276 62.626440
4.4524 62.821904
4.4648 63.017367
4.4772 63.212830
4.502 63.408294
4.5144 63.603757
4.5268 63.799220
4.5392 63.994683
4.564 64.190147
4.5764 64.385610
4.5888 64.581073
4.6136 64.776537
4.626 64.972000
4.6384 65.167463
4.6508 65.362926
4.6756 65.558390
4.688 65.753853
4.7004 65.949316
4.7252 66.144780
4.7376 66.340243
4.75 66.535706
4.7624 66.731170
4.7872 66.926633
4.7996 67.122096
4.812 67.317559
4.8368 67.513023
4.8492 67.708486
4.8616 67.903949
4.8864 68.099413
4.8988 68.294876
4.9112 68.490339
4.9236 68.685803
4.9484 68.881266
4.9608 69.076729
4.9732 69.272192
4.998 69.467656
5.0104 69.663119
5.0228 69.858582
5.0352 70.054046
5.06 70.249509
5.0724 70.444972
5.0848 70.640435
5.1096 70.835899
5.122 71.031362
5.1344 71.226825
5.1468 71.422289
5.1716 71.617752
5.184 71.813215
5.1964 72.008679
5.2212 72.204142
5.2336 72.399605
5.246 72.595068
5.2584 72.790532
5.2832 72.985995
5.2956 73.181458
5.308 73.376922
5.3328 73.572385
5.3452 73.767848
5.3576 73.963312
5.3824 74.158775
5.3948 74.354238
5.4072 74.549701
5.4196 74.745165
5.4444 74.940628
5.4568 75.136091
5.4692 75.331555
5.494 75.527018
5.5064 75.722481
5.5188 75.917945
5.5312 76.113408
5.556 76.308871
5.5684 76.504334
5.5808 76.699798
5.6056 76.895261
5.618 77.090724
5.6304 77.286188
5.6428 77.481651
5.6676 77.677114
5.68 77.872577
5.6924 78.068041
5.7172 78.263504
5.7296 78.458967
5.742 78.654431
5.7544 78.849894
5.7792 79.045357
5.7916 79.240821
5.804 79.436284
5.8288 79.631747
5.8412 79.827210
5.8536 80.022674
5.8784 80.218137
5.8908 80.413600
5.9032 80.609064
5.9156 80.804527
5.9404 80.999990
5.9528 81.195454
5.9652 81.390917
5.99 81.586380
6.0024 81.781843
6.0148 81.977307
6.0272 82.172770
6.052 82.368233
6.0644 82.563697
6.0768 82.759160
6.1016 82.954623
6.114 83.150086
6.1264 83.345550
6.1388 83.541013
6.1636 83.736476
6.176 83.931940
6.1884 84.127403
6.2132 84.322866
6.2256 84.518330
6.238 84.713793
6.2504 84.909256
6.2752 85.104719
6.2876 85.300183
6.3 85.495646
6.3248 85.691109
6.3372 85.886573
6.3496 86.082036
6.3744 86.277499
6.3868 86.472963
6.3992 86.668426
6.4116 86.863889
6.4364 87.059352
6.4488 87.254816
6.4612 87.450279
6.486 87.645742
6.4984 87.841206
6.5108 88.036669
6.5232 88.232132
6.548 88.427596
6.5604 88.623059
6.5728 88.818522
6.5976 89.013985
6.61 89.209449
6.6224 89.404912
6.6348 89.600375
6.6596 89.795839
6.672 89.991302
6.6844 90.186765
6.7092 90.382228
6.7216 90.577692
6.734 90.773155
6.7464 90.968618
6.7712 91.164082
6.7836 91.359545
6.796 91.555008
6.8208 91.750472
6.8332 91.945935
6.8456 92.141398
6.8704 92.336861
6.8828 92.532325
6.8952 92.727788
6.9076 92.923251
6.9324 93.118715
6.9448 93.314178
6.9572 93.509641
6.982 93.705105
6.9944 93.900568
7.0068 94.096031
7.0192 94.291494
7.044 94.486958
7.0564 94.682421
7.0688 94.877884
7.0936 95.073348
7.106 95.268811
7.1184 95.464274
7.1308 95.659737
7.1556 95.855201
7.168 96.050664
7.1804 96.246127
7.2052 96.441591
7.2176 96.637054
7.23 96.832517
7.2424 97.027981
7.2672 97.223444
7.2796 97.418907
7.292 97.614370
7.3168 97.809834
7.3292 98.005297
7.3416 98.200760
7.3664 98.396224
7.3788 98.591687
7.3912 98.787150
7.4036 98.982614
7.4284 99.178077
7.4408 99.373540
7.4532 99.569003
7.478 99.764467
7.4904 99.959930
7.5028 100.155393
7.5152 100.350857
7.54 100.546320
7.5524 100.741783
7.5648 100.937247
7.5896 101.132710
7.602 101.328173
7.6144 101.523636
7.6268 101.719100
7.6516 101.914563
7.664 102.110026
7.6764 102.305490
7.7012 102.500953
7.7136 102.696416
7.726 102.891879
7.7384 103.087343
7.7632 103.282806
7.7756 103.478269
7.788 103.673733
7.8128 103.869196
7.8252 104.064659
7.8376 104.260123
7.8624 104.455586
7.8748 104.651049
7.8872 104.846512
7.8996 105.041976
7.9244 105.237439
7.9368 105.432902
7.9492 105.628366
7.974 105.823829
7.9864 106.019292
7.9988 106.214756
8.0112 106.410219
8.036 106.605682
8.0484 106.801145
8.0608 106.996609
8.0856 107.192072
8.098 107.387535
8.1104 107.582999
8.1228 107.778462
8.1476 107.973925
8.16 108.169388
8.1724 108.364852
8.1972 108.560315
8.2096 108.755778
8.222 108.951242
8.2344 109.146705
8.2592 109.342168
8.2716 109.537632
8.284 109.733095
8.3088 109.928558
8.3212 110.124021
8.3336 110.319485
8.3584 110.514948
8.3708 110.710411
8.3832 110.905875
8.3956 111.101338
8.4204 111.296801
8.4328 111.492265
8.4452 111.687728
8.47 111.883191
8.4824 112.078654
8.4948 112.274118
8.5072 112.469581
8.532 112.665044
8.5444 112.860508
8.5568 113.055971
8.5816 113.251434
8.594 113.446898
8.6064 113.642361
8.6188 113.837824
8.6436 114.033287
8.656 114.228751
8.6684 114.424214
8.6932 114.619677
8.7056 114.815141
8.718 115.010604
8.7304 115.206067
8.7552 115.401530
8.7676 115.596994
8.78 115.792457
8.8048 115.987920
8.8172 116.183384
8.8296 116.378847
8.8544 116.574310
8.8668 116.769774
8.8792 116.965237
8.8916 117.160700
8.9164 117.356163
8.9288 117.551627
8.9412 117.747090
8.966 117.942553
8.9784 118.138017
8.9908 118.333480
9.0032 118.528943
9.028 118.724407
9.0404 118.919870
9.0528 119.115333
9.0776 119.310796
9.09 119.506260
9.1024 119.701723
9.1148 119.897186
9.1396 120.092650
9.152 120.288113
9.1644 120.483576
9.1892 120.679039
9.2016 120.874503
9.214 121.069966
9.2264 121.265429
9.2512 121.460893
9.2636 121.656356
9.276 121.851819
9.3008 122.047283
9.3132 122.242746
9.3256 122.438209
9.3504 122.633672
9.3628 122.829136
9.3752 123.024599
9.3876 123.220062
9.4124 123.415526
9.4248 123.610989
9.4372 123.806452
9.462 124.001916
9.4744 124.197379
9.4868 124.392842
9.4992 124.588305
9.524 124.783769
9.5364 124.979232
9.5488 125.174695
9.5736 125.370159
9.586 125.565622
9.5984 125.761085
9.6108 125.956549
9.6356 126.152012
9.648 126.347475
9.6604 126.542938
9.6852 126.738402
9.6976 126.933865
9.71 127.129328
9.7224 127.324792
9.7472 127.520255
9.7596 127.715718
9.772 127.911181
9.7968 128.106645
9.8092 128.302108
9.8216 128.497571
9.8464 128.693035
9.8588 128.888498
9.8712 129.083961
9.8836 129.279425
9.9084 129.474888
9.9208 129.670351
9.9332 129.865814
9.958 130.061278
9.9704 130.256741
9.9828 130.452204
9.9952 130.647668
10.02 130.843131
10.0324 131.038594
10.0448 131.234058
10.0696 131.429521
10.082 131.624984
10.0944 131.820447
10.1068 132.015911
10.1316 132.211374
10.144 132.406837
10.1564 132.602301
10.1812 132.797764
10.1936 132.993227
10.206 133.188690
10.2184 133.384154
10.2432 133.579617
10.2556 133.775080
10.268 133.970544
10.2928 134.166007
10.3052 134.361470
10.3176 134.556934
10.3424 134.752397
10.3548 134.947860
10.3672 135.143323
10.3796 135.338787
10.4044 135.534250
10.4168 135.729713
10.4292 135.925177
10.454 136.120640
10.4664 136.316103
10.4788 136.511567
10.4912 136.707030
10.516 136.902493
10.5284 137.097956
10.5408 137.293420
10.5656 137.488883
10.578 137.684346
10.5904 137.879810
10.6028 138.075273
10.6276 138.270736
10.64 138.466200
10.6524 138.661663
10.6772 138.857126
10.6896 139.052589
10.702 139.248053
10.7144 139.443516
10.7392 139.638979
10.7516 139.834443
10.764 140.029906
10.7888 140.225369
10.8012 140.420832
10.8136 140.616296
10.8384 140.811759
10.8508 141.007222
10.8632 141.202686
10.8756 141.398149
10.9004 141.593612
10.9128 141.789076
10.9252 141.984539
10.95 142.180002
10.9624 142.375465
10.9748 142.570929
10.9872 142.766392
11.012 142.961855
11.0244 143.157319
11.0368 143.352782
11.0616 143.548245
11.074 143.743709
11.0864 143.939172
11.0988 144.134635
11.1236 144.330098
11.136 144.525562
11.1484 144.721025
11.1732 144.916488
11.1856 145.111952
11.198 145.307415
11.2228 145.502878
11.2352 145.698341
11.2476 145.893805
11.26 146.089268
11.2848 146.284731
11.2972 146.480195
11.3096 146.675658
11.3344 146.871121
11.3468 147.066585
11.3592 147.262048
11.3716 147.457511
11.3964 147.652974
11.4088 147.848438
11.4212 148.043901
11.446 148.239364
11.4584 148.434828
11.4708 148.630291
11.4832 148.825754
11.508 149.021218
11.5204 149.216681
11.5328 149.412144
11.5576 149.607607
11.57 149.803071
11.5824 149.998534
11.5948 150.193997
11.6196 150.389461
11.632 150.584924
11.6444 150.780387
11.6692 150.975851
11.6816 151.171314
11.694 151.366777
11.7188 151.562240
11.7312 151.757704
11.7436 151.953167
11.756 152.148630
11.7808 152.344094
11.7932 152.539557
11.8056 152.735020
11.8304 152.930483
11.8428 153.125947
11.8552 153.321410
11.8676 153.516873
11.8924 153.712337
11.9048 153.907800
11.9172 154.103263
11.942 154.298727
11.9544 154.494190
11.9668 154.689653
11.9792 154.885116
12.004 155.080580
12.0164 155.276043
12.0288 155.471506
12.0536 155.666970
12.066 155.862433
12.0784 156.057896
12.0908 156.253360
12.1156 156.448823
12.128 156.644286
12.1404 156.839749
12.1652 157.035213
12.1776 157.230676
12.19 157.426139
12.2148 157.621603
12.2272 157.817066
12.2396 158.012529
12.252 158.207992
12.2768 158.403456
12.2892 158.598919
12.3016 158.794382
12.3264 158.989846
12.3388 159.185309
12.3512 159.380772
12.3636 159.576236
12.3884 159.771699
12.4008 159.967162
12.4132 160.162625
12.438 160.358089
12.4504 160.553552
12.4628 160.749015
12.4752 160.944479
12.5 161.139942
12.5124 161.335405
12.5248 161.530869
12.5496 161.726332
12.562 161.921795
12.5744 162.117258
12.5868 162.312722
12.6116 162.508185
12.624 162.703648
12.6364 162.899112
12.6612 163.094575
12.6736 163.290038
12.686 163.485502
12.7108 163.680965
12.7232 163.876428
12.7356 164.071891
12.748 164.267355
12.7728 164.462818
12.7852 164.658281
12.7976 164.853745
12.8224 165.049208
12.8348 165.244671
12.8472 165.440134
12.8596 165.635598
12.8844 165.831061
12.8968 166.026524
12.9092 166.221988
12.934 166.417451
12.9464 166.612914
12.9588 166.808378
12.9712 167.003841
12.996 167.199304
13.0084 167.394767
13.0208 167.590231
13.0456 167.785694
13.058 167.981157
13.0704 168.176621
13.0828 168.372084
13.1076 168.567547
13.12 168.763011
13.1324 168.958474
13.1572 169.153937
13.1696 169.349400
13.182 169.544864
13.2068 169.740327
13.2192 169.935790
13.2316 170.131254
13.244 170.326717
13.2688 170.522180
13.2812 170.717643
13.2936 170.913107
13.3184 171.108570
13.3308 171.304033
13.3432 171.499497
13.3556 171.694960
13.3804 171.890423
13.3928 172.085887
13.4052 172.281350
13.43 172.476813
13.4424 172.672276
13.4548 172.867740
13.4672 173.063203
13.492 173.258666
13.5044 173.454130
13.5168 173.649593
13.5416 173.845056
13.554 174.040520
13.5664 174.235983
13.5788 174.431446
13.6036 174.626909
13.616 174.822373
13.6284 175.017836
13.6532 175.213299
13.6656 175.408763
13.678 175.604226
13.7028 175.799689
13.7152 175.995153
13.7276 176.190616
13.74 176.386079
13.7648 176.581542
13.7772 176.777006
13.7896 176.972469
13.8144 177.167932
13.8268 177.363396
13.8392 177.558859
13.8516 177.754322
13.8764 177.949785
13.8888 178.145249
13.9012 178.340712
13.926 178.536175
13.9384 178.731639
13.9508 178.927102
13.9632 179.122565
13.988 179.318029
14.0004 179.513492
14.0128 179.708955
14.0376 179.904418
14.05 180.099882
14.0624 180.295345
14.0748 180.490808
14.0996 180.686272
14.112 180.881735
14.1244 181.077198
14.1492 181.272662
14.1616 181.468125
14.174 181.663588
14.1988 181.859051
14.2112 182.054515
14.2236 182.249978
14.236 182.445441
14.2608 182.640905
14.2732 182.836368
14.2856 183.031831
14.3104 183.227294
14.3228 183.422758
14.3352 183.618221
14.3476 183.813684
14.3724 184.009148
14.3848 184.204611
14.3972 184.400074
14.422 184.595538
14.4344 184.791001
14.4468 184.986464
14.4592 185.181927
14.484 185.377391
14.4964 185.572854
14.5088 185.768317
14.5336 185.963781
14.546 186.159244
14.5584 186.354707
14.5708 186.550171
14.5956 186.745634
14.608 186.941097
14.6204 187.136560
14.6452 187.332024
14.6576 187.527487
14.67 187.722950
14.6948 187.918414
14.7072 188.113877
14.7196 188.309340
14.732 188.504804
14.7568 188.700267
14.7692 188.895730
14.7816 189.091193
14.8064 189.286657
14.8188 189.482120
14.8312 189.677583
14.8436 189.873047
14.8684 190.068510
14.8808 190.263973
14.8932 190.459436
14.918 190.654900
14.9304 190.850363
14.9428 191.045826
14.9552 191.241290
14.98 191.436753
14.9924 191.632216
15.0048 191.827680
15.0296 192.023143
15.042 192.218606
15.0544 192.414069
15.0668 192.609533
15.0916 192.804996
15.104 193.000459
15.1164 193.195923
15.1412 193.391386
15.1536 193.586849
15.166 193.782313
15.1908 193.977776
15.2032 194.173239
15.2156 194.368702
15.228 194.564166
15.2528 194.759629
15.2652 194.955092
15.2776 195.150556
15.3024 195.346019
15.3148 195.541482
15.3272 195.736945
15.3396 195.932409
15.3644 196.127872
15.3768 196.323335
15.3892 196.518799
15.414 196.714262
15.4264 196.909725
15.4388 197.105189
15.4512 197.300652
15.476 197.496115
15.4884 197.691578
15.5008 197.887042
15.5256 198.082505
15.538 198.277968
15.5504 198.473432
15.5628 198.668895
15.5876 198.864358
15.6 199.059822
15.6124 199.255285
15.6372 199.450748
15.6496 199.646211
15.662 199.841675
15.6868 200.037138
15.6992 200.232601
15.7116 200.428065
15.724 200.623528
15.7488 200.818991
15.7612 201.014455
15.7736 201.209918
15.7984 201.405381
15.8108 201.600844
15.8232 201.796308
15.8356 201.991771
15.8604 202.187234
15.8728 202.382698
15.8852 202.578161
15.91 202.773624
15.9224 202.969087
15.9348 203.164551
15.9472 203.360014
15.972 203.555477
15.9844 203.750941
15.9968 203.946404
16.0216 204.141867
16.034 204.337331
16.0464 204.532794
16.0588 204.728257
16.0836 204.923720
16.096 205.119184
16.1084 205.314647
16.1332 205.510110
16.1456 205.705574
16.158 205.901037
16.1828 206.096500
16.1952 206.291964
16.2076 206.487427
16.22 206.682890
16.2448 206.878353
16.2572 207.073817
16.2696 207.269280
16.2944 207.464743
16.3068 207.660207
16.3192 207.855670
16.3316 208.051133
16.3564 208.246596
16.3688 208.442060
16.3812 208.637523
16.406 208.832986
16.4184 209.028450
16.4308 209.223913
16.4432 209.419376
16.468 209.614840
16.4804 209.810303
16.4928 210.005766
16.5176 210.201229
16.53 210.396693
16.5424 210.592156
16.5548 210.787619
16.5796 210.983083
16.592 211.178546
16.6044 211.374009
16.6292 211.569473
16.6416 211.764936
16.654 211.960399
16.6788 212.155862
16.6912 212.351326
16.7036 212.546789
16.716 212.742252
16.7408 212.937716
16.7532 213.133179
16.7656 213.328642
16.7904 213.524106
16.8028 213.719569
16.8152 213.915032
16.8276 214.110495
16.8524 214.305959
16.8648 214.501422
16.8772 214.696885
16.902 214.892349
16.9144 215.087812
16.9268 215.283275
16.9392 215.478738
16.964 215.674202
16.9764 215.869665
16.9888 216.065128
17.0136 216.260592
17.026 216.456055
17.0384 216.651518
17.0508 216.846982
17.0756 217.042445
17.088 217.237908
17.1004 217.433371
17.1252 217.628835
17.1376 217.824298
17.15 218.019761
17.1748 218.215225
17.1872 218.410688
17.1996 218.606151
17.212 218.801615
17.2368 218.997078
17.2492 219.192541
17.2616 219.388004
17.2864 219.583468
17.2988 219.778931
17.3112 219.974394
17.3236 220.169858
17.3484 220.365321
17.3608 220.560784
17.3732 220.756247
17.398 220.951711
17.4104 221.147174
17.4228 221.342637
17.4352 221.538101
17.46 221.733564
17.4724 221.929027
17.4848 222.124491
17.5096 222.319954
17.522 222.515417
17.5344 222.710880
17.5468 222.906344
17.5716 223.101807
17.584 223.297270
17.5964 223.492734
17.6212 223.688197
17.6336 223.883660
17.646 224.079124
17.6708 224.274587
17.6832 224.470050
17.6956 224.665513
17.708 224.860977
17.7328 225.056440
17.7452 225.251903
17.7576 225.447367
17.7824 225.642830
17.7948 225.838293
17.8072 226.033757
17.8196 226.229220
17.8444 226.424683
17.8568 226.620146
17.8692 226.815610
17.894 227.011073
17.9064 227.206536
17.9188 227.402000
17.9312 227.597463
17.956 227.792926
17.9684 227.988389
17.9808 228.183853
18.0056 228.379316
18.018 228.574779
18.0304 228.770243
18.0428 228.965706
18.0676 229.161169
18.08 229.356633
18.0924 229.552096
18.1172 229.747559
18.1296 229.943022
18.142 230.138486
18.1668 230.333949
18.1792 230.529412
18.1916 230.724876
18.204 230.920339
18.2288 231.115802
18.2412 231.311266
18.2536 231.506729
18.2784 231.702192
18.2908 231.897655
18.3032 232.093119
18.3156 232.288582
18.3404 232.484045
18.3528 232.679509
18.3652 232.874972
18.39 233.070435
18.4024 233.265898
18.4148 233.461362
18.4272 233.656825
18.452 233.852288
18.4644 234.047752
18.4768 234.243215
18.5016 234.438678
18.514 234.634142
18.5264 234.829605
18.5388 235.025068
18.5636 235.220531
18.576 235.415995
18.5884 235.611458
18.6132 235.806921
18.6256 236.002385
18.638 236.197848
18.6628 236.393311
18.6752 236.588775
18.6876 236.784238
18.7 236.979701
18.7248 237.175164
18.7372 237.370628
18.7496 237.566091
18.7744 237.761554
18.7868 237.957018
18.7992 238.152481
18.8116 238.347944
18.8364 238.543408
18.8488 238.738871
18.8612 238.934334
18.886 239.129797
18.8984 239.325261
18.9108 239.520724
18.9232 239.716187
18.948 239.911651
18.9604 240.107114
18.9728 240.302577
18.9976 240.498040
19.01 240.693504
19.0224 240.888967
19.0348 241.084430
19.0596 241.279894
19.072 241.475357
19.0844 241.670820
19.1092 241.866284
19.1216 242.061747
19.134 242.257210
19.1464 242.452673
19.1712 242.648137
19.1836 242.843600
19.196 243.039063
19.2208 243.234527
19.2332 243.429990
19.2456 243.625453
19.2704 243.820917
19.2828 244.016380
19.2952 244.211843
19.3076 244.407306
19.3324 244.602770
19.3448 244.798233
19.3572 244.993696
19.382 245.189160
19.3944 245.384623
19.4068 245.580086
19.4192 245.775549
19.444 245.971013
19.4564 246.166476
19.4688 246.361939
19.4936 246.557403
19.506 246.752866
19.5184 246.948329
19.5308 247.143793
19.5556 247.339256
19.568 247.534719
19.5804 247.730182
19.6052 247.925646
19.6176 248.121109
19.63 248.316572
19.6424 248.512036
19.6672 248.707499
19.6796 248.902962
19.692 249.098426
19.7168 249.293889
19.7292 249.489352
19.7416 249.684815
19.7664 249.880279
19.7788 250.075742
19.7912 250.271205
19.8036 250.466669
19.8284 250.662132
19.8408 250.857595
19.8532 251.053059
19.878 251.248522
19.8904 251.443985
19.9028 251.639448
19.9152 251.834912
19.94 252.030375
19.9524 252.225838
19.9648 252.421302
19.9896 252.616765
20.002 252.812228
20.0144 253.007691
20.0268 253.203155
20.0516 253.398618
20.064 253.594081
20.0764 253.789545
20.1012 253.985008
20.1136 254.180471
20.126 254.375935
20.1384 254.571398
20.1632 254.766861
20.1756 254.962324
20.188 255.157788
20.2128 255.353251
20.2252 255.548714
20.2376 255.744178
20.2624 255.939641
20.2748 256.135104
20.2872 256.330568
20.2996 256.526031
20.3244 256.721494
20.3368 256.916957
20.3492 257.112421
20.374 257.307884
20.3864 257.503347
20.3988 257.698811
20.4112 257.894274
20.436 258.089737
20.4484 258.285200
20.4608 258.480664
20.4856 258.676127
20.498 258.871590
20.5104 259.067054
20.5228 259.262517
20.5476 259.457980
20.56 259.653444
20.5724 259.848907
20.5972 260.044370
20.6096 260.239833
20.622 260.435297
20.6344 260.630760
20.6592 260.826223
20.6716 261.021687
20.684 261.217150
20.7088 261.412613
20.7212 261.608077
20.7336 261.803540
20.7584 261.999003
20.7708 262.194466
20.7832 262.389930
20.7956 262.585393
20.8204 262.780856
20.8328 262.976320
20.8452 263.171783
20.87 263.367246
20.8824 263.562710
20.8948 263.758173
20.9072 263.953636
20.932 264.149099
20.9444 264.344563
20.9568 264.540026
20.9816 264.735489
20.994 264.930953
21.0064 265.126416
21.0188 265.321879
21.0436 265.517342
21.056 265.712806
21.0684 265.908269
21.0932 266.103732
21.1056 266.299196
21.118 266.494659
21.1304 266.690122
21.1552 266.885586
21.1676 267.081049
21.18 267.276512
21.2048 267.471975
21.2172 267.667439
21.2296 267.862902
21.2544 268.058365
21.2668 268.253829
21.2792 268.449292
21.2916 268.644755
21.3164 268.840219
21.3288 269.035682
21.3412 269.231145
21.366 269.426608
21.3784 269.622072
21.3908 269.817535
21.4032 270.012998
21.428 270.208462
21.4404 270.403925
21.4528 270.599388
21.4776 270.794851
21.49 270.990315
21.5024 271.185778
21.5148 271.381241
21.5396 271.576705
21.552 271.772168
21.5644 271.967631
21.5892 272.163095
21.6016 272.358558
21.614 272.554021
21.6264 272.749484
21.6512 272.944948
21.6636 273.140411
21.676 273.335874
21.7008 273.531338
21.7132 273.726801
21.7256 273.922264
21.7504 274.117728
21.7628 274.313191
21.7752 274.508654
21.7876 274.704117
21.8124 274.899581
21.8248 275.095044
21.8372 275.290507
21.862 275.485971
21.8744 275.681434
21.8868 275.876897
21.8992 276.072361
21.924 276.267824
21.9364 276.463287
21.9488 276.658750
21.9736 276.854214
21.986 277.049677
21.9984 277.245140
22.0108 277.440604
22.0356 277.636067
22.048 277.831530
22.0604 278.026993
22.0852 278.222457
22.0976 278.417920
22.11 278.613383
22.1224 278.808847
22.1472 279.004310
22.1596 279.199773
22.172 279.395237
22.1968 279.590700
22.2092 279.786163
22.2216 279.981626
22.2464 280.177090
22.2588 280.372553
22.2712 280.568016
22.2836 280.763480
22.3084 280.958943
22.3208 281.154406
22.3332 281.349870
22.358 281.545333
22.3704 281.740796
22.3828 281.936259
22.3952 282.131723
22.42 282.327186
22.4324 282.522649
22.4448 282.718113
22.4696 282.913576
22.482 283.109039
22.4944 283.304502
22.5068 283.499966
22.5316 283.695429
22.544 283.890892
22.5564 284.086356
22.5812 284.281819
22.5936 284.477282
22.606 284.672746
22.6184 284.868209
22.6432 285.063672
22.6556 285.259135
22.668 285.454599
22.6928 285.650062
22.7052 285.845525
22.7176 286.040989
22.7424 286.236452
22.7548 286.431915
22.7672 286.627379
22.7796 286.822842
22.8044 287.018305
22.8168 287.213768
22.8292 287.409232
22.854 287.604695
22.8664 287.800158
22.8788 287.995622
22.8912 288.191085
22.916 288.386548
22.9284 288.582012
22.9408 288.777475
22.9656 288.972938
22.978 289.168401
22.9904 289.363865
23.0028 289.559328
23.0276 289.754791
23.04 289.950255
23.0524 290.145718
23.0772 290.341181
23.0896 290.536644
23.102 290.732108
23.1144 290.927571
23.1392 291.123034
23.1516 291.318498
23.164 291.513961
23.1888 291.709424
23.2012 291.904888
23.2136 292.100351
23.2384 292.295814
23.2508 292.491277
23.2632 292.686741
23.2756 292.882204
23.3004 293.077667
23.3128 293.273131
23.3252 293.468594
23.35 293.664057
23.3624 293.859521
23.3748 294.054984
23.3872 294.250447
23.412 294.445910
23.4244 294.641374
23.4368 294.836837
23.4616 295.032300
23.474 295.227764
23.4864 295.423227
23.4988 295.618690
23.5236 295.814153
23.536 296.009617
23.5484 296.205080
23.5732 296.400543
23.5856 296.596007
23.598 296.791470
23.6104 296.986933
23.6352 297.182397
23.6476 297.377860
23.66 297.573323
23.6848 297.768786
23.6972 297.964250
23.7096 298.159713
23.7344 298.355176
23.7468 298.550640
23.7592 298.746103
23.7716 298.941566
23.7964 299.137030
23.8088 299.332493
23.8212 299.527956
23.846 299.723419
23.8584 299.918883
23.8708 300.114346
23.8832 300.309809
23.908 300.505273
23.9204 300.700736
23.9328 300.896199
23.9576 301.091663
23.97 301.287126
23.9824 301.482589
23.9948 301.678052
24.0196 301.873516
24.032 302.068979
24.0444 302.264442
24.0692 302.459906
24.0816 302.655369
24.094 302.850832
24.1064 303.046295
24.1312 303.241759
24.1436 303.437222
24.156 303.632685
24.1808 303.828149
24.1932 304.023612
24.2056 304.219075
24.2304 304.414539
24.2428 304.610002
24.2552 304.805465
24.2676 305.000928
24.2924 305.196392
24.3048 305.391855
24.3172 305.587318
24.342 305.782782
24.3544 305.978245
24.3668 306.173708
24.3792 306.369172
24.404 306.564635
24.4164 306.760098
24.4288 306.955561
24.4536 307.151025
24.466 307.346488
24.4784 307.541951
24.4908 307.737415
24.5156 307.932878
24.528 308.128341
24.5404 308.323804
24.5652 308.519268
24.5776 308.714731
24.59 308.910194
24.6024 309.105658
24.6272 309.301121
24.6396 309.496584
24.652 309.692048
24.6768 309.887511
24.6892 310.082974
24.7016 310.278437
24.7264 310.473901
24.7388 310.669364
24.7512 310.864827
24.7636 311.060291
24.7884 311.255754
24.8008 311.451217
24.8132 311.646681
24.838 311.842144
24.8504 312.037607
24.8628 312.233070
24.8752 312.428534
24.9 312.623997
24.9124 312.819460
24.9248 313.014924
24.9496 313.210387
24.962 313.405850
24.9744 313.601314
24.9868 313.796777
25.0116 313.992240
25.024 314.187703
25.0364 314.383167
25.0612 314.578630
25.0736 314.774093
25.086 314.969557
25.0984 315.165020
25.1232 315.360483
25.1356 315.555946
25.148 315.751410
25.1728 315.946873
25.1852 316.142336
25.1976 316.337800
25.2224 316.533263
25.2348 316.728726
25.2472 316.924190
25.2596 317.119653
25.2844 317.315116
25.2968 317.510579
25.3092 317.706043
25.334 317.901506
25.3464 318.096969
25.3588 318.292433
25.3712 318.487896
25.396 318.683359
25.4084 318.878823
25.4208 319.074286
25.4456 319.269749
25.458 319.465212
25.4704 319.660676
25.4828 319.856139
25.5076 320.051602
25.52 320.247066
25.5324 320.442529
25.5572 320.637992
25.5696 320.833455
25.582 321.028919
25.5944 321.224382
25.6192 321.419845
25.6316 321.615309
25.644 321.810772
25.6688 322.006235
25.6812 322.201699
25.6936 322.397162
25.7184 322.592625
25.7308 322.788088
25.7432 322.983552
25.7556 323.179015
25.7804 323.374478
25.7928 323.569942
25.8052 323.765405
25.83 323.960868
25.8424 324.156332
25.8548 324.351795
25.8672 324.547258
25.892 324.742721
25.9044 324.938185
25.9168 325.133648
25.9416 325.329111
25.954 325.524575
25.9664 325.720038
25.9788 325.915501
26.0036 326.110965
26.016 326.306428
26.0284 326.501891
26.0532 326.697354
26.0656 326.892818
26.078 327.088281
26.0904 327.283744
26.1152 327.479208
26.1276 327.674671
26.14 327.870134
26.1648 328.065597
26.1772 328.261061
26.1896 328.456524
26.2144 328.651987
26.2268 328.847451
26.2392 329.042914
26.2516 329.238377
26.2764 329.433841
26.2888 329.629304
26.3012 329.824767
26.326 330.020230
26.3384 330.215694
26.3508 330.411157
26.3632 330.606620
26.388 330.802084
26.4004 330.997547
26.4128 331.193010
26.4376 331.388474
26.45 331.583937
26.4624 331.779400
26.4748 331.974863
26.4996 332.170327
26.512 332.365790
26.5244 332.561253
26.5492 332.756717
26.5616 332.952180
26.574 333.147643
26.5864 333.343106
26.6112 333.538570
26.6236 333.734033
26.636 333.929496
26.6608 334.124960
26.6732 334.320423
26.6856 334.515886
26.7104 334.711350
26.7228 334.906813
26.7352 335.102276
26.7476 335.297739
26.7724 335.493203
26.7848 335.688666
26.7972 335.884129
26.822 336.079593
26.8344 336.275056
26.8468 336.470519
26.8592 336.665983
26.884 336.861446
26.8964 337.056909
26.9088 337.252372
26.9336 337.447836
26.946 337.643299
26.9584 337.838762
26.9708 338.034226
26.9956 338.229689
27.008 338.425152
27.0204 338.620616
27.0452 338.816079
27.0576 339.011542
27.07 339.207005
27.0824 339.402469
27.1072 339.597932
27.1196 339.793395
27.132 339.988859
27.1568 340.184322
27.1692 340.379785
27.1816 340.575248
27.2064 340.770712
27.2188 340.966175
27.2312 341.161638
27.2436 341.357102
27.2684 341.552565
27.2808 341.748028
27.2932 341.943492
27.318 342.138955
27.3304 342.334418
27.3428 342.529881
27.3552 342.725345
27.38 342.920808
27.3924 343.116271
27.4048 343.311735
27.4296 343.507198
27.442 343.702661
27.4544 343.898125
27.4668 344.093588
27.4916 344.289051
27.504 344.484514
27.5164 344.679978
27.5412 344.875441
27.5536 345.070904
27.566 345.266368
27.5784 345.461831
27.6032 345.657294
27.6156 345.852757
27.628 346.048221
27.6528 346.243684
27.6652 346.439147
27.6776 346.634611
27.7024 346.830074
27.7148 347.025537
27.7272 347.221001
27.7396 347.416464
27.7644 347.611927
27.7768 347.807390
27.7892 348.002854
27.814 348.198317
27.8264 348.393780
27.8388 348.589244
27.8512 348.784707
27.876 348.980170
27.8884 349.175634
27.9008 349.371097
27.9256 349.566560
27.938 349.762023
27.9504 349.957487
27.9628 350.152950
27.9876 350.348413
28 350.543877
28.0124 350.739340
28.0372 350.934803
28.0496 351.130267
28.062 351.325730
28.0744 351.521193
28.0992 351.716656
28.1116 351.912120
28.124 352.107583
28.1488 352.303046
28.1612 352.498510
28.1736 352.693973
28.1984 352.889436
28.2108 353.084899
28.2232 353.280363
28.2356 353.475826
28.2604 353.671289
28.2728 353.866753
28.2852 354.062216
28.31 354.257679
28.3224 354.453143
28.3348 354.648606
28.3472 354.844069
28.372 355.039532
28.3844 355.234996
28.3968 355.430459
28.4216 355.625922
28.434 355.821386
28.4464 356.016849
28.4588 356.212312
28.4836 356.407776
28.496 356.603239
28.5084 356.798702
28.5332 356.994165
28.5456 357.189629
28.558 357.385092
28.5704 357.580555
28.5952 357.776019
28.6076 357.971482
28.62 358.166945
28.6448 358.362408
28.6572 358.557872
28.6696 358.753335
28.6944 358.948798
28.7068 359.144262
28.7192 359.339725
28.7316 359.535188
28.7564 359.730652
28.7688 359.926115
28.7812 360.121578
28.806 360.317041
28.8184 360.512505
28.8308 360.707968
28.8432 360.903431
28.868 361.098895
28.8804 361.294358
28.8928 361.489821
28.9176 361.685285
28.93 361.880748
28.9424 362.076211
28.9548 362.271674
28.9796 362.467138
28.992 362.662601
29.0044 362.858064
29.0292 363.053528
29.0416 363.248991
29.054 363.444454
29.0664 363.639918
29.0912 363.835381
29.1036 364.030844
29.116 364.226307
29.1408 364.421771
29.1532 364.617234
29.1656 364.812697
29.1904 365.008161
29.2028 365.203624
29.2152 365.399087
29.2276 365.594550
29.2524 365.790014
29.2648 365.985477
29.2772 366.180940
29.302 366.376404
29.3144 366.571867
29.3268 366.767330
29.3392 366.962794
29.364 367.158257
29.3764 367.353720
29.3888 367.549183
29.4136 367.744647
29.426 367.940110
29.4384 368.135573
29.4508 368.331037
29.4756 368.526500
29.488 368.721963
29.5004 368.917427
29.5252 369.112890
29.5376 369.308353
29.55 369.503816
29.5624 369.699280
29.5872 369.894743
29.5996 370.090206
29.612 370.285670
29.6368 370.481133
29.6492 370.676596
29.6616 370.872059
29.6864 371.067523
29.6988 371.262986
29.7112 371.458449
29.7236 371.653913
29.7484 371.849376
29.7608 372.044839
29.7732 372.240303
29.798 372.435766
29.8104 372.631229
29.8228 372.826692
29.8352 373.022156
29.86 373.217619
29.8724 373.413082
29.8848 373.608546
29.9096 373.804009
29.922 373.999472
29.9344 374.194936
29.9468 374.390399
29.9716 374.585862
29.984 374.781325
29.9964 374.976789
30.0212 375.172252
30.0336 375.367715
30.046 375.563179
30.0584 375.758642
30.0832 375.954105
30.0956 376.149569
30.108 376.345032
30.1328 376.540495
30.1452 376.735958
30.1576 376.931422
30.1824 377.126885
30.1948 377.322348
30.2072 377.517812
30.2196 377.713275
30.2444 377.908738
30.2568 378.104201
30.2692 378.299665
30.294 378.495128
30.3064 378.690591
30.3188 378.886055
30.3312 379.081518
30.356 379.276981
30.3684 379.472445
30.3808 379.667908
30.4056 379.863371
30.418 380.058834
30.4304 380.254298
30.4428 380.449761
30.4676 380.645224
30.48 380.840688
30.4924 381.036151
30.5172 381.231614
30.5296 381.427078
30.542 381.622541
30.5544 381.818004
30.5792 382.013467
30.5916 382.208931
30.604 382.404394
30.6288 382.599857
30.6412 382.795321
30.6536 382.990784
30.6784 383.186247
30.6908 383.381710
30.7032 383.577174
30.7156 383.772637
30.7404 383.968100
30.7528 384.163564
30.7652 384.359027
30.79 384.554490
30.8024 384.749954
30.8148 384.945417
30.8272 385.140880
30.852 385.336343
30.8644 385.531807
30.8768 385.727270
30.9016 385.922733
30.914 386.118197
30.9264 386.313660
30.9388 386.509123
30.9636 386.704587
30.976 386.900050
30.9884 387.095513
31.0132 387.290976
31.0256 387.486440
31.038 387.681903
31.0504 387.877366
31.0752 388.072830
31.0876 388.268293
31.1 388.463756
31.1248 388.659220
31.1372 388.854683
31.1496 389.050146
31.1744 389.245609
31.1868 389.441073
31.1992 389.636536
31.2116 389.831999
31.2364 390.027463
31.2488 390.222926
31.2612 390.418389
31.286 390.613852
31.2984 390.809316
31.3108 391.004779
31.3232 391.200242
31.348 391.395706
31.3604 391.591169
31.3728 391.786632
31.3976 391.982096
31.41 392.177559
31.4224 392.373022
31.4348 392.568485
31.4596 392.763949
31.472 392.959412
31.4844 393.154875
31.5092 393.350339
31.5216 393.545802
31.534 393.741265
31.5464 393.936729
31.5712 394.132192
31.5836 394.327655
31.596 394.523118
31.6208 394.718582
31.6332 394.914045
31.6456 395.109508
31.6704 395.304972
31.6828 395.500435
31.6952 395.695898
31.7076 395.891361
31.7324 396.086825
31.7448 396.282288
31.7572 396.477751
31.782 396.673215
31.7944 396.868678
31.8068 397.064141
31.8192 397.259605
31.844 397.455068
31.8564 397.650531
31.8688 397.845994
31.8936 398.041458
31.906 398.236921
31.9184 398.432384
31.9308 398.627848
31.9556 398.823311
31.968 399.018774
31.9804 399.214238
32.0052 399.409701
32.0176 399.605164
32.03 399.800627
32.0424 399.996091
32.0672 400.191554
32.0796 400.387017
32.092 400.582481
32.1168 400.777944
32.1292 400.973407
32.1416 401.168871
32.1664 401.364334
32.1788 401.559797
32.1912 401.755260
32.2036 401.950724
32.2284 402.146187
32.2408 402.341650
32.2532 402.537114
32.278 402.732577
32.2904 402.928040
32.3028 403.123503
32.3152 403.318967
32.34 403.514430
32.3524 403.709893
32.3648 403.905357
32.3896 404.100820
32.402 404.296283
32.4144 404.491747
32.4268 404.687210
32.4516 404.882673
32.464 405.078136
32.4764 405.273600
32.5012 405.469063
32.5136 405.664526
32.526 405.859990
32.5384 406.055453
32.5632 406.250916
32.5756 406.446380
32.588 406.641843
32.6128 406.837306
32.6252 407.032769
32.6376 407.228233
32.6624 407.423696
32.6748 407.619159
32.6872 407.814623
32.6996 408.010086
32.7244 408.205549
32.7368 408.401012
32.7492 408.596476
32.774 408.791939
32.7864 408.987402
32.7988 409.182866
32.8112 409.378329
32.836 409.573792
32.8484 409.769256
32.8608 409.964719
32.8856 410.160182
32.898 410.355645
32.9104 410.551109
32.9228 410.746572
32.9476 410.942035
32.96 411.137499
32.9724 411.332962
32.9972 411.528425
33.0096 411.723889
33.022 411.919352
33.0344 412.114815
33.0592 412.310278
33.0716 412.505742
33.084 412.701205
33.1088 412.896668
33.1212 413.092132
33.1336 413.287595
33.1584 413.483058
33.1708 413.678522
33.1832 413.873985
33.1956 414.069448
33.2204 414.264911
33.2328 414.460375
33.2452 414.655838
33.27 414.851301
33.2824 415.046765
33.2948 415.242228
33.3072 415.437691
33.332 415.633154
33.3444 415.828618
33.3568 416.024081
33.3816 416.219544
33.394 416.415008
33.4064 416.610471
33.4188 416.805934
33.4436 417.001398
33.456 417.196861
33.4684 417.392324
33.4932 417.587787
33.5056 417.783251
33.518 417.978714
33.5304 418.174177
33.5552 418.369641
33.5676 418.565104
33.58 418.760567
33.6048 418.956031
33.6172 419.151494
33.6296 419.346957
33.6544 419.542420
33.6668 419.737884
33.6792 419.933347
33.6916 420.128810
33.7164 420.324274
33.7288 420.519737
33.7412 420.715200
33.766 420.910664
33.7784 421.106127
33.7908 421.301590
33.8032 421.497053
33.828 421.692517
33.8404 421.887980
33.8528 422.083443
33.8776 422.278907
33.89 422.474370
33.9024 422.669833
33.9148 422.865296
33.9396 423.060760
33.952 423.256223
33.9644 423.451686
33.9892 423.647150
34.0016 423.842613
34.014 424.038076
34.0264 424.233540
34.0512 424.429003
34.0636 424.624466
34.076 424.819929
34.1008 425.015393
34.1132 425.210856
34.1256 425.406319
34.1504 425.601783
34.1628 425.797246
34.1752 425.992709
34.1876 426.188173
34.2124 426.383636
34.2248 426.579099
34.2372 426.774562
34.262 426.970026
34.2744 427.165489
34.2868 427.360952
34.2992 427.556416
34.324 427.751879
34.3364 427.947342
34.3488 428.142805
34.3736 428.338269
34.386 428.533732
34.3984 428.729195
34.4108 428.924659
34.4356 429.120122
34.448 429.315585
34.4604 429.511049
34.4852 429.706512
34.4976 429.901975
34.51 430.097438
34.5224 430.292902
34.5472 430.488365
34.5596 430.683828
34.572 430.879292
34.5968 431.074755
34.6092 431.270218
34.6216 431.465682
34.6464 431.661145
34.6588 431.856608
34.6712 432.052071
34.6836 432.247535
34.7084 432.442998
34.7208 432.638461
34.7332 432.833925
34.758 433.029388
34.7704 433.224851
34.7828 433.420315
34.7952 433.615778
34.82 433.811241
34.8324 434.006704
34.8448 434.202168
34.8696 434.397631
34.882 434.593094
34.8944 434.788558
34.9068 434.984021
34.9316 435.179484
34.944 435.374947
34.9564 435.570411
34.9812 435.765874
34.9936 435.961337
35.006 436.156801
35.0184 436.352264
35.0432 436.547727
35.0556 436.743191
35.068 436.938654
35.0928 437.134117
35.1052 437.329580
35.1176 437.525044
35.1424 437.720507
35.1548 437.915970
35.1672 438.111434
35.1796 438.306897
35.2044 438.502360
35.2168 438.697824
35.2292 438.893287
35.254 439.088750
35.2664 439.284213
35.2788 439.479677
35.2912 439.675140
35.316 439.870603
35.3284 440.066067
35.3408 440.261530
35.3656 440.456993
35.378 440.652456
35.3904 440.847920
35.4028 441.043383
35.4276 441.238846
35.44 441.434310
35.4524 441.629773
35.4772 441.825236
35.4896 442.020700
35.502 442.216163
35.5144 442.411626
35.5392 442.607089
35.5516 442.802553
35.564 442.998016
35.5888 443.193479
35.6012 443.388943
35.6136 443.584406
35.6384 443.779869
35.6508 443.975333
35.6632 444.170796
35.6756 444.366259
35.7004 444.561722
35.7128 444.757186
35.7252 444.952649
35.75 445.148112
35.7624 445.343576
35.7748 445.539039
35.7872 445.734502
35.812 445.929966
35.8244 446.125429
35.8368 446.320892
35.8616 446.516355
35.874 446.711819
35.8864 446.907282
35.8988 447.102745
35.9236 447.298209
35.936 447.493672
35.9484 447.689135
35.9732 447.884598
35.9856 448.080062
35.998 448.275525
36.0104 448.470988
36.0352 448.666452
36.0476 448.861915
36.06 449.057378
36.0848 449.252842
36.0972 449.448305
36.1096 449.643768
36.1344 449.839231
36.1468 450.034695
36.1592 450.230158
36.1716 450.425621
36.1964 450.621085
36.2088 450.816548
36.2212 451.012011
36.246 451.207475
36.2584 451.402938
36.2708 451.598401
36.2832 451.793864
36.308 451.989328
36.3204 452.184791
36.3328 452.380254
36.3576 452.575718
36.37 452.771181
36.3824 452.966644
36.3948 453.162107
36.4196 453.357571
36.432 453.553034
36.4444 453.748497
36.4692 453.943961
36.4816 454.139424
36.494 454.334887
36.5064 454.530351
36.5312 454.725814
36.5436 454.921277
36.556 455.116740
36.5808 455.312204
36.5932 455.507667
36.6056 455.703130
36.6304 455.898594
36.6428 456.094057
36.6552 456.289520
36.6676 456.484984
36.6924 456.680447
36.7048 456.875910
36.7172 457.071373
36.742 457.266837
36.7544 457.462300
36.7668 457.657763
36.7792 457.853227
36.804 458.048690
36.8164 458.244153
36.8288 458.439617
36.8536 458.635080
36.866 458.830543
36.8784 459.026006
36.8908 459.221470
36.9156 459.416933
36.928 459.612396
36.9404 459.807860
36.9652 460.003323
36.9776 460.198786
36.99 460.394249
37.0024 460.589713
37.0272 460.785176
37.0396 460.980639
37.052 461.176103
37.0768 461.371566
37.0892 461.567029
37.1016 461.762493
37.1264 461.957956
37.1388 462.153419
37.1512 462.348882
37.1636 462.544346
37.1884 462.739809
37.2008 462.935272
37.2132 463.130736
37.238 463.326199
37.2504 463.521662
37.2628 463.717126
37.2752 463.912589
37.3 464.108052
37.3124 464.303515
37.3248 464.498979
37.3496 464.694442
37.362 464.889905
37.3744 465.085369
37.3868 465.280832
37.4116 465.476295
37.424 465.671758
37.4364 465.867222
37.4612 466.062685
37.4736 466.258148
37.486 466.453612
37.4984 466.649075
37.5232 466.844538
37.5356 467.040002
37.548 467.235465
37.5728 467.430928
37.5852 467.626391
37.5976 467.821855
37.6224 468.017318
37.6348 468.212781
37.6472 468.408245
37.6596 468.603708
37.6844 468.799171
37.6968 468.994635
37.7092 469.190098
37.734 469.385561
37.7464 469.581024
37.7588 469.776488
37.7712 469.971951
37.796 470.167414
37.8084 470.362878
37.8208 470.558341
37.8456 470.753804
37.858 470.949268
37.8704 471.144731
37.8828 471.340194
37.9076 471.535657
37.92 471.731121
37.9324 471.926584
37.9572 472.122047
37.9696 472.317511
37.982 472.512974
37.9944 472.708437
38.0192 472.903900
38.0316 473.099364
38.044 473.294827
38.0688 473.490290
38.0812 473.685754
38.0936 473.881217
38.1184 474.076680
38.1308 474.272144
38.1432 474.467607
38.1556 474.663070
38.1804 474.858533
38.1928 475.053997
38.2052 475.249460
38.23 475.444923
38.2424 475.640387
38.2548 475.835850
38.2672 476.031313
38.292 476.226777
38.3044 476.422240
38.3168 476.617703
38.3416 476.813166
38.354 477.008630
38.3664 477.204093
38.3788 477.399556
38.4036 477.595020
38.416 477.790483
38.4284 477.985946
38.4532 478.181409
38.4656 478.376873
38.478 478.572336
38.4904 478.767799
38.5152 478.963263
38.5276 479.158726
38.54 479.354189
38.5648 479.549653
38.5772 479.745116
38.5896 479.940579
38.6144 480.136042
38.6268 480.331506
38.6392 480.526969
38.6516 480.722432
38.6764 480.917896
38.6888 481.113359
38.7012 481.308822
38.726 481.504286
38.7384 481.699749
38.7508 481.895212
38.7632 482.090675
38.788 482.286139
38.8004 482.481602
38.8128 482.677065
38.8376 482.872529
38.85 483.067992
38.8624 483.263455
38.8748 483.458919
38.8996 483.654382
38.912 483.849845
38.9244 484.045308
38.9492 484.240772
38.9616 484.436235
38.974 484.631698
38.9864 484.827162
39.0112 485.022625
39.0236 485.218088
39.036 485.413551
39.0608 485.609015
39.0732 485.804478
39.0856 485.999941
39.1104 486.195405
39.1228 486.390868
39.1352 486.586331
39.1476 486.781795
39.1724 486.977258
39.1848 487.172721
39.1972 487.368184
39.222 487.563648
39.2344 487.759111
39.2468 487.954574
39.2592 488.150038
39.284 488.345501
39.2964 488.540964
39.3088 488.736428
39.3336 488.931891
39.346 489.127354
39.3584 489.322817
39.3708 489.518281
39.3956 489.713744
39.408 489.909207
39.4204 490.104671
39.4452 490.300134
39.4576 490.495597
39.47 490.691060
39.4824 490.886524
39.5072 491.081987
39.5196 491.277450
39.532 491.472914
39.5568 491.668377
39.5692 491.863840
39.5816 492.059304
39.6064 492.254767
39.6188 492.450230
39.6312 492.645693
39.6436 492.841157
39.6684 493.036620
39.6808 493.232083
39.6932 493.427547
39.718 493.623010
39.7304 493.818473
39.7428 494.013937
39.7552 494.209400
39.78 494.404863
39.7924 494.600326
39.8048 494.795790
39.8296 494.991253
39.842 495.186716
39.8544 495.382180
39.8668 495.577643
39.8916 495.773106
39.904 495.968570
39.9164 496.164033
39.9412 496.359496
39.9536 496.554959
39.966 496.750423
39.9784 496.945886
