0.1 0.006669
0.2032 0.013338
0.3064 0.873668
0.3064 1.740667
0.8192 0.880337
0.9224 2.607666
0.9224 3.474665
1.232 1.747336
1.3352 4.341664
1.3352 5.208663
1.6448 2.614335
1.748 6.075662
1.748 6.942661
2.0576 3.481335
2.1608 7.809660
2.1608 8.676659
2.4704 4.348334
2.5736 9.543658
2.5736 10.410657
2.8832 5.215333
2.9864 11.277656
2.9864 12.144655
3.296 6.082332
3.3992 13.011654
3.3992 13.878653
3.7088 6.949331
3.812 14.745653
3.812 15.612652
4.1216 7.816330
4.2248 16.479651
4.2248 17.346650
4.5344 8.683329
4.6376 18.213649
4.6376 19.080648
4.9472 9.550328
5.0504 19.947647
5.0504 20.814646
5.36 10.417327
5.4632 21.681645
5.4632 22.548644
5.7728 11.284326
5.876 23.415643
5.876 24.282642
6.1856 12.151325
6.2888 25.149641
6.2888 26.016640
6.5984 13.018324
6.7016 26.883639
6.7016 27.750638
7.0112 13.885323
7.1144 28.617637
7.1144 29.484636
7.424 14.752322
7.5272 30.351635
7.5272 31.218634
7.8368 15.619321
7.94 32.085633
7.94 32.952632
8.2496 16.486320
8.3528 33.819631
8.6624 17.353319
8.7656 34.686630
9.0752 18.220318
9.1784 35.553629
9.488 19.087317
9.5912 36.420628
9.9008 19.954316
10.004 37.287627
10.3136 20.821315
10.4168 38.154626
10.7264 21.688314
10.8296 39.021625
11.1392 22.555313
11.2424 39.888624
11.552 23.422312
11.6552 40.755623
11.9648 24.289311
12.068 41.622622
12.3776 25.156310
12.4808 42.489621
12.7904 26.023309
12.8936 43.356620
13.2032 26.890308
13.3064 44.223619
13.616 27.757307
13.7192 45.090618
14.0288 28.624306
14.132 45.957617
14.4416 29.491305
14.5448 46.824616
14.8544 30.358304
14.9576 47.691615
15.2672 31.225303
15.3704 48.558614
15.68 32.092302
15.7832 49.425613
16.0928 32.959301
16.196 50.292612
16.5056 33.826300
16.6088 51.159611
16.9184 34.693299
17.0216 52.026610
17.3312 35.560298
17.4344 52.893609
17.744 36.427297
17.8472 53.760608
18.1568 37.294296
18.26 54.627607
18.5696 38.161295
18.6728 55.494606
18.9824 39.028294
19.0856 56.361605
19.3952 39.895293
19.4984 57.228604
19.808 40.762292
19.9112 58.095603
20.2208 41.629291
20.324 58.962602
20.6336 42.496290
20.7368 59.829601
21.0464 43.363289
21.1496 60.696600
21.4592 44.230288
21.5624 61.563599
21.872 45.097287
21.9752 62.430598
22.2848 45.964286
22.388 63.297597
22.6976 46.831285
22.8008 64.164596
23.1104 47.698284
23.2136 65.031595
23.5232 48.565283
23.6264 65.898594
23.936 49.432282
24.0392 66.765593
24.3488 50.299281
24.452 67.632592
24.7616 51.166280
24.8648 68.499592
25.1744 52.033279
25.2776 69.366591
25.5872 52.900278
25.6904 70.233590
26 53.767277
26.1032 71.100589
26.4128 54.634276
26.516 71.967588
26.8256 55.501275
26.9288 72.834587
27.2384 56.368275
27.3416 73.701586
27.6512 57.235274
27.7544 74.568585
28.064 58.102273
28.1672 75.435584
28.4768 58.969272
28.58 76.302583
28.8896 59.836271
28.9928 77.169582
29.3024 60.703270
29.4056 78.036581
29.7152 61.570269
29.8184 78.903580
30.128 62.437268
30.2312 79.770579
30.5408 63.304267
30.644 80.637578
30.9536 64.171266
31.0568 81.504577
31.3664 65.038265
31.4696 82.371576
31.7792 65.905264
31.8824 83.238575
32.192 66.772263
32.2952 84.105574
32.6048 67.639262
32.708 84.972573
33.0176 68.506261
33.1208 85.839572
33.4304 69.373260
33.5336 86.706571
33.8432 70.240259
33.9464 87.573570
34.256 71.107258
34.3592 88.440569
34.6688 71.974257
34.772 89.307568
35.0816 72.841256
35.1848 90.174567
35.4944 73.708255
35.5976 91.041566
35.9072 74.575254
36.0104 91.908565
36.32 75.442253
36.4232 92.775564
36.7328 76.309252
36.836 93.642563
37.1456 77.176251
37.2488 94.509562
37.5584 78.043250
37.6616 95.376561
37.9712 78.910249
38.0744 96.243560
38.384 79.777248
38.4872 97.110559
38.7968 80.644247
38.9 97.977558
39.2096 81.511246
39.3128 98.844557
39.6224 82.378245
39.7256 99.711556
40.0352 83.245244
40.448 84.112243
40.8608 84.979242
41.2736 85.846241
41.6864 86.713240
42.0992 87.580239
42.512 88.447238
42.9248 89.314237
43.3376 90.181236
43.7504 91.048235
44.1632 91.915234
44.576 92.782233
44.9888 93.649232
45.4016 94.516231
45.8144 95.383230
46.2272 96.250229
46.64 97.117228
47.0528 97.984227
47.4656 98.851226
47.8784 99.718225
