0.1 0.195492
0.1 0.390984
0.1 0.586476
0.1 0.781968
0.1 0.977460
0.1 1.172952
0.1 1.368444
0.1 1.404415
0.157472 1.599907
0.157472 1.795399
0.157472 1.990891
0.157472 2.186383
0.157472 2.381875
0.157472 2.577367
0.157472 2.772859
0.157472 2.808830
0.214944 3.004322
0.214944 3.199814
0.214944 3.395306
0.214944 3.590798
0.214944 3.786290
0.214944 3.981782
0.214944 4.177274
0.214944 4.213244
0.272416 4.408736
0.272416 4.604228
0.272416 4.799720
0.272416 4.995212
0.272416 5.190704
0.272416 5.386196
0.272416 5.581688
0.272416 5.617659
0.329888 5.813151
0.329888 6.008643
0.329888 6.204135
0.329888 6.399627
0.329888 6.595119
0.329888 6.790611
0.329888 6.986103
0.329888 7.022074
0.38736 7.217566
0.38736 7.413058
0.38736 7.608550
0.38736 7.804042
0.38736 7.999534
0.38736 8.195026
0.38736 8.390518
0.38736 8.426489
0.444832 8.621981
0.444832 8.817473
0.444832 9.012965
0.444832 9.208457
0.444832 9.403949
0.444832 9.599441
0.444832 9.794933
0.444832 9.830903
0.502304 10.026395
0.502304 10.221887
0.502304 10.417379
0.502304 10.612871
0.502304 10.808363
0.502304 11.003855
0.502304 11.199348
0.502304 11.235318
0.559776 11.430810
0.559776 11.626302
0.559776 11.821794
0.559776 12.017286
0.559776 12.212778
0.559776 12.408270
0.559776 12.603762
0.559776 12.639733
0.617248 12.835225
0.617248 13.030717
0.617248 13.226209
0.617248 13.421701
0.617248 13.617193
0.617248 13.812685
0.617248 14.008177
0.617248 14.044148
0.67472 14.239640
0.67472 14.435132
0.67472 14.630624
0.67472 14.826116
0.67472 15.021608
0.67472 15.217100
0.67472 15.412592
0.67472 15.448562
0.732192 15.644054
0.732192 15.839546
0.732192 16.035038
0.732192 16.230530
0.732192 16.426022
0.789664 16.621515
0.789664 16.817007
0.789664 17.012499
0.789664 17.207991
0.847136 17.403483
0.847136 17.598975
0.847136 17.794467
0.847136 17.989959
0.904608 18.185451
0.904608 18.380943
0.904608 18.576435
0.904608 18.771927
0.96208 18.967419
0.96208 19.162911
0.96208 19.358403
0.96208 19.553895
1.019552 19.749387
1.019552 19.944879
1.019552 20.140371
1.019552 20.335863
1.077024 20.531355
1.077024 20.726847
1.077024 20.922339
1.077024 21.117831
1.134496 21.313323
1.134496 21.508815
1.134496 21.704307
1.134496 21.899799
1.191968 22.095291
1.191968 22.290783
1.191968 22.486275
1.191968 22.681768
1.24944 22.877260
1.24944 23.072752
1.24944 23.268244
1.24944 23.463736
1.306912 23.659228
1.306912 23.854720
1.306912 24.050212
1.306912 24.245704
1.364384 24.441196
1.364384 24.636688
1.364384 24.832180
1.364384 25.027672
1.421856 25.223164
1.421856 25.418656
1.421856 25.614148
1.421856 25.809640
1.479328 26.005132
1.479328 26.200624
1.479328 26.396116
1.479328 26.591608
1.5368 26.787100
1.5368 26.982592
1.5368 27.178084
1.594272 27.373576
1.594272 27.569068
1.594272 27.764560
1.594272 27.960052
1.651744 28.155544
1.651744 28.351036
1.651744 28.546528
1.709216 28.742021
1.709216 28.937513
1.709216 29.133005
1.709216 29.328497
1.766688 29.523989
1.766688 29.719481
1.766688 29.914973
1.766688 30.110465
1.82416 30.305957
1.82416 30.501449
1.82416 30.696941
1.881632 30.892433
1.881632 31.087925
1.881632 31.283417
1.881632 31.478909
1.939104 31.674401
1.939104 31.869893
1.939104 32.065385
1.996576 32.260877
1.996576 32.456369
1.996576 32.651861
1.996576 32.847353
2.054048 33.042845
2.054048 33.238337
2.054048 33.433829
2.054048 33.629321
2.11152 33.824813
2.11152 34.020305
2.11152 34.215797
2.168992 34.411289
2.168992 34.606781
2.168992 34.802273
2.168992 34.997766
2.226464 35.193258
2.226464 35.388750
2.226464 35.584242
2.283936 35.779734
2.283936 35.975226
2.283936 36.170718
2.283936 36.366210
2.341408 36.561702
2.341408 36.757194
2.341408 36.952686
2.341408 37.148178
2.39888 37.343670
2.39888 37.539162
2.39888 37.734654
2.456352 37.930146
2.456352 38.125638
2.456352 38.321130
2.456352 38.516622
2.513824 38.712114
2.513824 38.907606
2.513824 39.103098
2.571296 39.298590
2.571296 39.494082
2.571296 39.689574
2.571296 39.885066
2.628768 40.080558
2.628768 40.276050
2.628768 40.471542
2.628768 40.667034
2.68624 40.862526
2.68624 41.058019
2.68624 41.253511
2.743712 41.449003
2.743712 41.644495
2.743712 41.839987
2.743712 42.035479
2.801184 42.230971
2.801184 42.426463
2.801184 42.621955
2.858656 42.817447
2.858656 43.012939
2.858656 43.208431
2.858656 43.403923
2.916128 43.599415
2.916128 43.794907
2.916128 43.990399
2.9736 44.185891
2.9736 44.381383
2.9736 44.576875
2.9736 44.772367
3.031072 44.967859
3.031072 45.163351
3.031072 45.358843
3.031072 45.554335
3.088544 45.749827
3.088544 45.945319
3.088544 46.140811
3.146016 46.336303
3.146016 46.531795
3.146016 46.727287
3.146016 46.922779
3.203488 47.118272
3.203488 47.313764
3.203488 47.509256
3.26096 47.704748
3.26096 47.900240
3.26096 48.095732
3.26096 48.291224
3.318432 48.486716
3.318432 48.682208
3.318432 48.877700
3.318432 49.073192
3.375904 49.268684
3.375904 49.464176
3.375904 49.659668
3.433376 49.855160
3.433376 50.050652
3.433376 50.246144
3.433376 50.441636
3.490848 50.637128
3.490848 50.832620
3.490848 51.028112
3.54832 51.223604
3.54832 51.419096
3.54832 51.614588
3.54832 51.810080
3.605792 52.005572
3.605792 52.201064
3.605792 52.396556
3.605792 52.592048
3.663264 52.787540
3.663264 52.983032
3.663264 53.178524
3.720736 53.374017
3.720736 53.569509
3.720736 53.765001
3.720736 53.960493
3.778208 54.155985
3.778208 54.351477
3.778208 54.546969
3.83568 54.742461
3.83568 54.937953
3.83568 55.133445
3.83568 55.328937
3.893152 55.524429
3.893152 55.719921
3.893152 55.915413
3.893152 56.110905
3.950624 56.306397
3.950624 56.501889
3.950624 56.697381
4.008096 56.892873
4.008096 57.088365
4.008096 57.283857
4.008096 57.479349
4.065568 57.674841
4.065568 57.870333
4.065568 58.065825
4.12304 58.261317
4.12304 58.456809
4.12304 58.652301
4.12304 58.847793
4.180512 59.043285
4.180512 59.238777
4.180512 59.434270
4.180512 59.629762
4.237984 59.825254
4.237984 60.020746
4.237984 60.216238
4.295456 60.411730
4.295456 60.607222
4.295456 60.802714
4.295456 60.998206
4.352928 61.193698
4.352928 61.389190
4.352928 61.584682
4.4104 61.780174
4.4104 61.975666
4.4104 62.171158
4.4104 62.366650
4.467872 62.562142
4.467872 62.757634
4.467872 62.953126
4.525344 63.148618
4.525344 63.344110
4.525344 63.539602
4.525344 63.735094
4.582816 63.930586
4.582816 64.126078
4.582816 64.321570
4.582816 64.517062
4.640288 64.712554
4.640288 64.908046
4.640288 65.103538
4.69776 65.299030
4.69776 65.494523
4.69776 65.690015
4.69776 65.885507
4.755232 66.080999
4.755232 66.276491
4.755232 66.471983
4.812704 66.667475
4.812704 66.862967
4.812704 67.058459
4.812704 67.253951
4.870176 67.449443
4.870176 67.644935
4.870176 67.840427
4.870176 68.035919
4.927648 68.231411
4.927648 68.426903
4.927648 68.622395
4.98512 68.817887
4.98512 69.013379
4.98512 69.208871
4.98512 69.404363
5.042592 69.599855
5.042592 69.795347
5.042592 69.990839
5.100064 70.186331
5.100064 70.381823
5.100064 70.577315
5.100064 70.772807
5.157536 70.968299
5.157536 71.163791
5.157536 71.359283
5.157536 71.554775
5.215008 71.750268
5.215008 71.945760
5.215008 72.141252
5.27248 72.336744
5.27248 72.532236
5.27248 72.727728
5.27248 72.923220
5.329952 73.118712
5.329952 73.314204
5.329952 73.509696
5.387424 73.705188
5.387424 73.900680
5.387424 74.096172
5.387424 74.291664
5.444896 74.487156
5.444896 74.682648
5.444896 74.878140
5.444896 75.073632
5.502368 75.269124
5.502368 75.464616
5.502368 75.660108
5.55984 75.855600
5.55984 76.051092
5.55984 76.246584
5.55984 76.442076
5.617312 76.637568
5.617312 76.833060
5.617312 77.028552
5.674784 77.224044
5.674784 77.419536
5.674784 77.615028
5.674784 77.810521
5.732256 78.006013
5.732256 78.201505
5.732256 78.396997
5.789728 78.592489
5.789728 78.787981
5.789728 78.983473
5.789728 79.178965
5.8472 79.374457
5.8472 79.569949
5.8472 79.765441
5.8472 79.960933
5.904672 80.156425
5.904672 80.351917
5.904672 80.547409
5.962144 80.742901
5.962144 80.938393
5.962144 81.133885
5.962144 81.329377
6.019616 81.524869
6.019616 81.720361
6.019616 81.915853
6.077088 82.111345
6.077088 82.306837
6.077088 82.502329
6.077088 82.697821
6.13456 82.893313
6.13456 83.088805
6.13456 83.284297
6.13456 83.479789
6.192032 83.675281
6.192032 83.870774
6.192032 84.066266
6.249504 84.261758
6.249504 84.457250
6.249504 84.652742
6.249504 84.848234
6.306976 85.043726
6.306976 85.239218
6.306976 85.434710
6.364448 85.630202
6.364448 85.825694
6.364448 86.021186
6.364448 86.216678
6.42192 86.412170
6.42192 86.607662
6.42192 86.803154
6.42192 86.998646
6.479392 87.194138
6.479392 87.389630
6.479392 87.585122
6.536864 87.780614
6.536864 87.976106
6.536864 88.171598
6.536864 88.367090
6.594336 88.562582
6.594336 88.758074
6.594336 88.953566
6.651808 89.149058
6.651808 89.344550
6.651808 89.540042
6.651808 89.735534
6.70928 89.931027
6.70928 90.126519
6.70928 90.322011
6.70928 90.517503
6.766752 90.712995
6.766752 90.908487
6.766752 91.103979
6.824224 91.299471
6.824224 91.494963
6.824224 91.690455
6.824224 91.885947
6.881696 92.081439
6.881696 92.276931
6.881696 92.472423
6.939168 92.667915
6.939168 92.863407
6.939168 93.058899
6.939168 93.254391
6.99664 93.449883
6.99664 93.645375
6.99664 93.840867
6.99664 94.036359
7.054112 94.231851
7.054112 94.427343
7.054112 94.622835
7.111584 94.818327
7.111584 95.013819
7.111584 95.209311
7.111584 95.404803
7.169056 95.600295
7.169056 95.795787
7.169056 95.991279
7.226528 96.186772
7.226528 96.382264
7.226528 96.577756
7.226528 96.773248
7.284 96.968740
7.284 97.164232
7.284 97.359724
7.341472 97.555216
7.341472 97.750708
7.341472 97.946200
7.341472 98.141692
7.398944 98.337184
7.398944 98.532676
7.398944 98.728168
7.398944 98.923660
7.456416 99.119152
7.456416 99.314644
7.456416 99.510136
7.513888 99.705628
7.513888 99.901120
7.513888 100.096612
7.513888 100.292104
7.57136 100.487596
7.57136 100.683088
7.57136 100.878580
7.628832 101.074072
7.628832 101.269564
7.628832 101.465056
7.628832 101.660548
7.686304 101.856040
7.686304 102.051532
7.686304 102.247025
7.686304 102.442517
7.743776 102.638009
7.743776 102.833501
7.743776 103.028993
7.801248 103.224485
7.801248 103.419977
7.801248 103.615469
7.801248 103.810961
7.85872 104.006453
7.85872 104.201945
7.85872 104.397437
7.916192 104.592929
7.916192 104.788421
7.916192 104.983913
7.916192 105.179405
7.973664 105.374897
7.973664 105.570389
7.973664 105.765881
7.973664 105.961373
8.031136 106.156865
8.031136 106.352357
8.031136 106.547849
8.088608 106.743341
8.088608 106.938833
8.088608 107.134325
8.088608 107.329817
8.14608 107.525309
8.14608 107.720801
8.14608 107.916293
8.203552 108.111785
8.203552 108.307278
8.203552 108.502770
8.203552 108.698262
8.261024 108.893754
8.261024 109.089246
8.261024 109.284738
8.261024 109.480230
8.318496 109.675722
8.318496 109.871214
8.318496 110.066706
8.375968 110.262198
8.375968 110.457690
8.375968 110.653182
8.375968 110.848674
8.43344 111.044166
8.43344 111.239658
8.43344 111.435150
8.490912 111.630642
8.490912 111.826134
8.490912 112.021626
8.490912 112.217118
8.548384 112.412610
8.548384 112.608102
8.548384 112.803594
8.605856 112.999086
8.605856 113.194578
8.605856 113.390070
8.605856 113.585562
8.663328 113.781054
8.663328 113.976546
8.663328 114.172038
8.663328 114.367530
8.7208 114.563023
8.7208 114.758515
8.7208 114.954007
8.778272 115.149499
8.778272 115.344991
8.778272 115.540483
8.778272 115.735975
8.835744 115.931467
8.835744 116.126959
8.835744 116.322451
8.893216 116.517943
8.893216 116.713435
8.893216 116.908927
8.893216 117.104419
8.950688 117.299911
8.950688 117.495403
8.950688 117.690895
8.950688 117.886387
9.00816 118.081879
9.00816 118.277371
9.00816 118.472863
9.065632 118.668355
9.065632 118.863847
9.065632 119.059339
9.065632 119.254831
9.123104 119.450323
9.123104 119.645815
9.123104 119.841307
9.180576 120.036799
9.180576 120.232291
9.180576 120.427783
9.180576 120.623276
9.238048 120.818768
9.238048 121.014260
9.238048 121.209752
9.238048 121.405244
9.29552 121.600736
9.29552 121.796228
9.29552 121.991720
9.352992 122.187212
9.352992 122.382704
9.352992 122.578196
9.352992 122.773688
9.410464 122.969180
9.410464 123.164672
9.410464 123.360164
9.467936 123.555656
9.467936 123.751148
9.467936 123.946640
9.467936 124.142132
9.525408 124.337624
9.525408 124.533116
9.525408 124.728608
9.525408 124.924100
9.58288 125.119592
9.58288 125.315084
9.58288 125.510576
9.640352 125.706068
9.640352 125.901560
9.640352 126.097052
9.640352 126.292544
9.697824 126.488036
9.697824 126.683529
9.697824 126.879021
9.755296 127.074513
9.755296 127.270005
9.755296 127.465497
9.755296 127.660989
9.812768 127.856481
9.812768 128.051973
9.812768 128.247465
9.812768 128.442957
9.87024 128.638449
9.87024 128.833941
9.87024 129.029433
9.927712 129.224925
9.927712 129.420417
9.927712 129.615909
9.927712 129.811401
9.985184 130.006893
9.985184 130.202385
9.985184 130.397877
10.042656 130.593369
10.042656 130.788861
10.042656 130.984353
10.042656 131.179845
10.100128 131.375337
10.100128 131.570829
10.100128 131.766321
10.1576 131.961813
10.1576 132.157305
10.1576 132.352797
10.1576 132.548289
10.215072 132.743781
10.215072 132.939274
10.215072 133.134766
10.215072 133.330258
10.272544 133.525750
10.272544 133.721242
10.272544 133.916734
10.330016 134.112226
10.330016 134.307718
10.330016 134.503210
10.330016 134.698702
10.387488 134.894194
10.387488 135.089686
10.387488 135.285178
10.44496 135.480670
10.44496 135.676162
10.44496 135.871654
10.44496 136.067146
10.502432 136.262638
10.502432 136.458130
10.502432 136.653622
10.502432 136.849114
10.559904 137.044606
10.559904 137.240098
10.559904 137.435590
10.617376 137.631082
10.617376 137.826574
10.617376 138.022066
10.617376 138.217558
10.674848 138.413050
10.674848 138.608542
10.674848 138.804034
10.73232 138.999527
10.73232 139.195019
10.73232 139.390511
10.73232 139.586003
10.789792 139.781495
10.789792 139.976987
10.789792 140.172479
10.789792 140.367971
10.847264 140.563463
10.847264 140.758955
10.847264 140.954447
10.904736 141.149939
10.904736 141.345431
10.904736 141.540923
10.904736 141.736415
10.962208 141.931907
10.962208 142.127399
10.962208 142.322891
11.01968 142.518383
11.01968 142.713875
11.01968 142.909367
11.01968 143.104859
11.077152 143.300351
11.077152 143.495843
11.077152 143.691335
11.077152 143.886827
11.134624 144.082319
11.134624 144.277811
11.134624 144.473303
11.192096 144.668795
11.192096 144.864287
11.192096 145.059780
11.192096 145.255272
11.249568 145.450764
11.249568 145.646256
11.249568 145.841748
11.30704 146.037240
11.30704 146.232732
11.30704 146.428224
11.30704 146.623716
11.364512 146.819208
11.364512 147.014700
11.364512 147.210192
11.364512 147.405684
11.421984 147.601176
11.421984 147.796668
11.421984 147.992160
11.479456 148.187652
11.479456 148.383144
11.479456 148.578636
11.479456 148.774128
11.536928 148.969620
11.536928 149.165112
11.536928 149.360604
11.5944 149.556096
11.5944 149.751588
11.5944 149.947080
11.5944 150.142572
11.651872 150.338064
11.651872 150.533556
11.651872 150.729048
11.709344 150.924540
11.709344 151.120032
11.709344 151.315525
11.709344 151.511017
11.766816 151.706509
11.766816 151.902001
11.766816 152.097493
11.766816 152.292985
11.824288 152.488477
11.824288 152.683969
11.824288 152.879461
11.88176 153.074953
11.88176 153.270445
11.88176 153.465937
11.88176 153.661429
11.939232 153.856921
11.939232 154.052413
11.939232 154.247905
11.996704 154.443397
11.996704 154.638889
11.996704 154.834381
11.996704 155.029873
12.054176 155.225365
12.054176 155.420857
12.054176 155.616349
12.054176 155.811841
12.111648 156.007333
12.111648 156.202825
12.111648 156.398317
12.16912 156.593809
12.16912 156.789301
12.16912 156.984793
12.16912 157.180285
12.226592 157.375778
12.226592 157.571270
12.226592 157.766762
12.284064 157.962254
12.284064 158.157746
12.284064 158.353238
12.284064 158.548730
12.341536 158.744222
12.341536 158.939714
12.341536 159.135206
12.341536 159.330698
12.399008 159.526190
12.399008 159.721682
12.399008 159.917174
12.45648 160.112666
12.45648 160.308158
12.45648 160.503650
12.45648 160.699142
12.513952 160.894634
12.513952 161.090126
12.513952 161.285618
12.571424 161.481110
12.571424 161.676602
12.571424 161.872094
12.571424 162.067586
12.628896 162.263078
12.628896 162.458570
12.628896 162.654062
12.628896 162.849554
12.686368 163.045046
12.686368 163.240538
12.686368 163.436031
12.74384 163.631523
12.74384 163.827015
12.74384 164.022507
12.74384 164.217999
12.801312 164.413491
12.801312 164.608983
12.801312 164.804475
12.858784 164.999967
12.858784 165.195459
12.858784 165.390951
12.858784 165.586443
12.916256 165.781935
12.916256 165.977427
12.916256 166.172919
12.973728 166.368411
12.973728 166.563903
12.973728 166.759395
12.973728 166.954887
13.0312 167.150379
13.0312 167.345871
13.0312 167.541363
13.0312 167.736855
13.088672 167.932347
13.088672 168.127839
13.088672 168.323331
13.146144 168.518823
13.146144 168.714315
13.146144 168.909807
13.146144 169.105299
13.203616 169.300791
13.203616 169.496284
13.203616 169.691776
13.261088 169.887268
13.261088 170.082760
13.261088 170.278252
13.261088 170.473744
13.31856 170.669236
13.31856 170.864728
13.31856 171.060220
13.31856 171.255712
13.376032 171.451204
13.376032 171.646696
13.376032 171.842188
13.433504 172.037680
13.433504 172.233172
13.433504 172.428664
13.433504 172.624156
13.490976 172.819648
13.490976 173.015140
13.490976 173.210632
13.548448 173.406124
13.548448 173.601616
13.548448 173.797108
13.548448 173.992600
13.60592 174.188092
13.60592 174.383584
13.60592 174.579076
13.60592 174.774568
13.663392 174.970060
13.663392 175.165552
13.663392 175.361044
13.720864 175.556536
13.720864 175.752029
13.720864 175.947521
13.720864 176.143013
13.778336 176.338505
13.778336 176.533997
13.778336 176.729489
13.835808 176.924981
13.835808 177.120473
13.835808 177.315965
13.835808 177.511457
13.89328 177.706949
13.89328 177.902441
13.89328 178.097933
13.89328 178.293425
13.950752 178.488917
13.950752 178.684409
13.950752 178.879901
14.008224 179.075393
14.008224 179.270885
14.008224 179.466377
14.008224 179.661869
14.065696 179.857361
14.065696 180.052853
14.065696 180.248345
14.123168 180.443837
14.123168 180.639329
14.123168 180.834821
14.123168 181.030313
14.18064 181.225805
14.18064 181.421297
14.18064 181.616789
14.18064 181.812282
14.238112 182.007774
14.238112 182.203266
14.238112 182.398758
14.295584 182.594250
14.295584 182.789742
14.295584 182.985234
14.295584 183.180726
14.353056 183.376218
14.353056 183.571710
14.353056 183.767202
14.410528 183.962694
14.410528 184.158186
14.410528 184.353678
14.410528 184.549170
14.468 184.744662
14.468 184.940154
14.468 185.135646
14.525472 185.331138
14.525472 185.526630
14.525472 185.722122
14.525472 185.917614
14.582944 186.113106
14.582944 186.308598
14.582944 186.504090
14.582944 186.699582
14.640416 186.895074
14.640416 187.090566
14.640416 187.286058
14.697888 187.481550
14.697888 187.677042
14.697888 187.872535
14.697888 188.068027
14.75536 188.263519
14.75536 188.459011
14.75536 188.654503
14.812832 188.849995
14.812832 189.045487
14.812832 189.240979
14.812832 189.436471
14.870304 189.631963
14.870304 189.827455
14.870304 190.022947
14.870304 190.218439
14.927776 190.413931
14.927776 190.609423
14.927776 190.804915
14.985248 191.000407
14.985248 191.195899
14.985248 191.391391
14.985248 191.586883
15.04272 191.782375
15.04272 191.977867
15.04272 192.173359
15.100192 192.368851
15.100192 192.564343
15.100192 192.759835
15.100192 192.955327
15.157664 193.150819
15.157664 193.346311
15.157664 193.541803
15.157664 193.737295
15.215136 193.932787
15.215136 194.128280
15.215136 194.323772
15.272608 194.519264
15.272608 194.714756
15.272608 194.910248
15.272608 195.105740
15.33008 195.301232
15.33008 195.496724
15.33008 195.692216
15.387552 195.887708
15.387552 196.083200
15.387552 196.278692
15.387552 196.474184
15.445024 196.669676
15.445024 196.865168
15.445024 197.060660
15.445024 197.256152
15.502496 197.451644
15.502496 197.647136
15.502496 197.842628
15.559968 198.038120
15.559968 198.233612
15.559968 198.429104
15.559968 198.624596
15.61744 198.820088
15.61744 199.015580
15.61744 199.211072
15.674912 199.406564
15.674912 199.602056
15.674912 199.797548
15.674912 199.993040
15.732384 200.188533
15.732384 200.384025
15.732384 200.579517
15.732384 200.775009
15.789856 200.970501
15.789856 201.165993
15.789856 201.361485
15.847328 201.556977
15.847328 201.752469
15.847328 201.947961
15.847328 202.143453
15.9048 202.338945
15.9048 202.534437
15.9048 202.729929
15.962272 202.925421
15.962272 203.120913
15.962272 203.316405
15.962272 203.511897
16.019744 203.707389
16.019744 203.902881
16.019744 204.098373
16.077216 204.293865
16.077216 204.489357
16.077216 204.684849
16.077216 204.880341
16.134688 205.075833
16.134688 205.271325
16.134688 205.466817
16.134688 205.662309
16.19216 205.857801
16.19216 206.053293
16.19216 206.248786
16.249632 206.444278
16.249632 206.639770
16.249632 206.835262
16.249632 207.030754
16.307104 207.226246
16.307104 207.421738
16.307104 207.617230
16.364576 207.812722
16.364576 208.008214
16.364576 208.203706
16.364576 208.399198
16.422048 208.594690
16.422048 208.790182
16.422048 208.985674
16.422048 209.181166
16.47952 209.376658
16.47952 209.572150
16.47952 209.767642
16.536992 209.963134
16.536992 210.158626
16.536992 210.354118
16.536992 210.549610
16.594464 210.745102
16.594464 210.940594
16.594464 211.136086
16.651936 211.331578
16.651936 211.527070
16.651936 211.722562
16.651936 211.918054
16.709408 212.113546
16.709408 212.309038
16.709408 212.504531
16.709408 212.700023
16.76688 212.895515
16.76688 213.091007
16.76688 213.286499
16.824352 213.481991
16.824352 213.677483
16.824352 213.872975
16.824352 214.068467
16.881824 214.263959
16.881824 214.459451
16.881824 214.654943
16.939296 214.850435
16.939296 215.045927
16.939296 215.241419
16.939296 215.436911
16.996768 215.632403
16.996768 215.827895
16.996768 216.023387
16.996768 216.218879
17.05424 216.414371
17.05424 216.609863
17.05424 216.805355
17.111712 217.000847
17.111712 217.196339
17.111712 217.391831
17.111712 217.587323
17.169184 217.782815
17.169184 217.978307
17.169184 218.173799
17.226656 218.369291
17.226656 218.564784
17.226656 218.760276
17.226656 218.955768
17.284128 219.151260
17.284128 219.346752
17.284128 219.542244
17.3416 219.737736
17.3416 219.933228
17.3416 220.128720
17.3416 220.324212
17.399072 220.519704
17.399072 220.715196
17.399072 220.910688
17.399072 221.106180
17.456544 221.301672
17.456544 221.497164
17.456544 221.692656
17.514016 221.888148
17.514016 222.083640
17.514016 222.279132
17.514016 222.474624
17.571488 222.670116
17.571488 222.865608
17.571488 223.061100
17.62896 223.256592
17.62896 223.452084
17.62896 223.647576
17.62896 223.843068
17.686432 224.038560
17.686432 224.234052
17.686432 224.429544
17.686432 224.625037
17.743904 224.820529
17.743904 225.016021
17.743904 225.211513
17.801376 225.407005
17.801376 225.602497
17.801376 225.797989
17.801376 225.993481
17.858848 226.188973
17.858848 226.384465
17.858848 226.579957
17.91632 226.775449
17.91632 226.970941
17.91632 227.166433
17.91632 227.361925
17.973792 227.557417
17.973792 227.752909
17.973792 227.948401
17.973792 228.143893
18.031264 228.339385
18.031264 228.534877
18.031264 228.730369
18.088736 228.925861
18.088736 229.121353
18.088736 229.316845
18.088736 229.512337
18.146208 229.707829
18.146208 229.903321
18.146208 230.098813
18.20368 230.294305
18.20368 230.489797
18.20368 230.685289
18.20368 230.880782
18.261152 231.076274
18.261152 231.271766
18.261152 231.467258
18.261152 231.662750
18.318624 231.858242
18.318624 232.053734
18.318624 232.249226
18.376096 232.444718
18.376096 232.640210
18.376096 232.835702
18.376096 233.031194
18.433568 233.226686
18.433568 233.422178
18.433568 233.617670
18.49104 233.813162
18.49104 234.008654
18.49104 234.204146
18.49104 234.399638
18.548512 234.595130
18.548512 234.790622
18.548512 234.986114
18.548512 235.181606
18.605984 235.377098
18.605984 235.572590
18.605984 235.768082
18.663456 235.963574
18.663456 236.159066
18.663456 236.354558
18.663456 236.550050
18.720928 236.745542
18.720928 236.941035
18.720928 237.136527
18.7784 237.332019
18.7784 237.527511
18.7784 237.723003
18.7784 237.918495
18.835872 238.113987
18.835872 238.309479
18.835872 238.504971
18.893344 238.700463
18.893344 238.895955
18.893344 239.091447
18.893344 239.286939
18.950816 239.482431
18.950816 239.677923
18.950816 239.873415
18.950816 240.068907
19.008288 240.264399
19.008288 240.459891
19.008288 240.655383
19.06576 240.850875
19.06576 241.046367
19.06576 241.241859
19.06576 241.437351
19.123232 241.632843
19.123232 241.828335
19.123232 242.023827
19.180704 242.219319
19.180704 242.414811
19.180704 242.610303
19.180704 242.805795
19.238176 243.001288
19.238176 243.196780
19.238176 243.392272
19.238176 243.587764
19.295648 243.783256
19.295648 243.978748
19.295648 244.174240
19.35312 244.369732
19.35312 244.565224
19.35312 244.760716
19.35312 244.956208
19.410592 245.151700
19.410592 245.347192
19.410592 245.542684
19.468064 245.738176
19.468064 245.933668
19.468064 246.129160
19.468064 246.324652
19.525536 246.520144
19.525536 246.715636
19.525536 246.911128
19.525536 247.106620
19.583008 247.302112
19.583008 247.497604
19.583008 247.693096
19.64048 247.888588
19.64048 248.084080
19.64048 248.279572
19.64048 248.475064
19.697952 248.670556
19.697952 248.866048
19.697952 249.061541
19.755424 249.257033
19.755424 249.452525
19.755424 249.648017
19.755424 249.843509
19.812896 250.039001
19.812896 250.234493
19.812896 250.429985
19.812896 250.625477
19.870368 250.820969
19.870368 251.016461
19.870368 251.211953
19.92784 251.407445
19.92784 251.602937
19.92784 251.798429
19.92784 251.993921
19.985312 252.189413
19.985312 252.384905
19.985312 252.580397
20.042784 252.775889
20.042784 252.971381
20.042784 253.166873
20.042784 253.362365
20.100256 253.557857
20.100256 253.753349
20.100256 253.948841
20.157728 254.144333
20.157728 254.339825
20.157728 254.535317
20.157728 254.730809
20.2152 254.926301
20.2152 255.121793
20.2152 255.317286
20.2152 255.512778
20.272672 255.708270
20.272672 255.903762
20.272672 256.099254
20.330144 256.294746
20.330144 256.490238
20.330144 256.685730
20.330144 256.881222
20.387616 257.076714
20.387616 257.272206
20.387616 257.467698
20.445088 257.663190
20.445088 257.858682
20.445088 258.054174
20.445088 258.249666
20.50256 258.445158
20.50256 258.640650
20.50256 258.836142
20.50256 259.031634
20.560032 259.227126
20.560032 259.422618
20.560032 259.618110
20.617504 259.813602
20.617504 260.009094
20.617504 260.204586
20.617504 260.400078
20.674976 260.595570
20.674976 260.791062
20.674976 260.986554
20.732448 261.182046
20.732448 261.377539
20.732448 261.573031
20.732448 261.768523
20.78992 261.964015
20.78992 262.159507
20.78992 262.354999
20.78992 262.550491
20.847392 262.745983
20.847392 262.941475
20.847392 263.136967
20.904864 263.332459
20.904864 263.527951
20.904864 263.723443
20.904864 263.918935
20.962336 264.114427
20.962336 264.309919
20.962336 264.505411
21.019808 264.700903
21.019808 264.896395
21.019808 265.091887
21.019808 265.287379
21.07728 265.482871
21.07728 265.678363
21.07728 265.873855
21.07728 266.069347
21.134752 266.264839
21.134752 266.460331
21.134752 266.655823
21.192224 266.851315
21.192224 267.046807
21.192224 267.242299
21.192224 267.437792
21.249696 267.633284
21.249696 267.828776
21.249696 268.024268
21.307168 268.219760
21.307168 268.415252
21.307168 268.610744
21.307168 268.806236
21.36464 269.001728
21.36464 269.197220
21.36464 269.392712
21.36464 269.588204
21.422112 269.783696
21.422112 269.979188
21.422112 270.174680
21.479584 270.370172
21.479584 270.565664
21.479584 270.761156
21.479584 270.956648
21.537056 271.152140
21.537056 271.347632
21.537056 271.543124
21.594528 271.738616
21.594528 271.934108
21.594528 272.129600
21.594528 272.325092
21.652 272.520584
21.652 272.716076
21.652 272.911568
21.709472 273.107060
21.709472 273.302552
21.709472 273.498044
21.709472 273.693537
21.766944 273.889029
21.766944 274.084521
21.766944 274.280013
21.766944 274.475505
21.824416 274.670997
21.824416 274.866489
21.824416 275.061981
21.881888 275.257473
21.881888 275.452965
21.881888 275.648457
21.881888 275.843949
21.93936 276.039441
21.93936 276.234933
21.93936 276.430425
21.996832 276.625917
21.996832 276.821409
21.996832 277.016901
21.996832 277.212393
22.054304 277.407885
22.054304 277.603377
22.054304 277.798869
22.054304 277.994361
22.111776 278.189853
22.111776 278.385345
22.111776 278.580837
22.169248 278.776329
22.169248 278.971821
22.169248 279.167313
22.169248 279.362805
22.22672 279.558297
22.22672 279.753790
22.22672 279.949282
22.284192 280.144774
22.284192 280.340266
22.284192 280.535758
22.284192 280.731250
22.341664 280.926742
22.341664 281.122234
22.341664 281.317726
22.341664 281.513218
22.399136 281.708710
22.399136 281.904202
22.399136 282.099694
22.456608 282.295186
22.456608 282.490678
22.456608 282.686170
22.456608 282.881662
22.51408 283.077154
22.51408 283.272646
22.51408 283.468138
22.571552 283.663630
22.571552 283.859122
22.571552 284.054614
22.571552 284.250106
22.629024 284.445598
22.629024 284.641090
22.629024 284.836582
22.629024 285.032074
22.686496 285.227566
22.686496 285.423058
22.686496 285.618550
22.743968 285.814043
22.743968 286.009535
22.743968 286.205027
22.743968 286.400519
22.80144 286.596011
22.80144 286.791503
22.80144 286.986995
22.858912 287.182487
22.858912 287.377979
22.858912 287.573471
22.858912 287.768963
22.916384 287.964455
22.916384 288.159947
22.916384 288.355439
22.916384 288.550931
22.973856 288.746423
22.973856 288.941915
22.973856 289.137407
23.031328 289.332899
23.031328 289.528391
23.031328 289.723883
23.031328 289.919375
23.0888 290.114867
23.0888 290.310359
23.0888 290.505851
23.146272 290.701343
23.146272 290.896835
23.146272 291.092327
23.146272 291.287819
23.203744 291.483311
23.203744 291.678803
23.203744 291.874295
23.261216 292.069788
23.261216 292.265280
23.261216 292.460772
23.261216 292.656264
23.318688 292.851756
23.318688 293.047248
23.318688 293.242740
23.318688 293.438232
23.37616 293.633724
23.37616 293.829216
23.37616 294.024708
23.433632 294.220200
23.433632 294.415692
23.433632 294.611184
23.433632 294.806676
23.491104 295.002168
23.491104 295.197660
23.491104 295.393152
23.548576 295.588644
23.548576 295.784136
23.548576 295.979628
23.548576 296.175120
23.606048 296.370612
23.606048 296.566104
23.606048 296.761596
23.606048 296.957088
23.66352 297.152580
23.66352 297.348072
23.66352 297.543564
23.720992 297.739056
23.720992 297.934548
23.720992 298.130041
23.720992 298.325533
23.778464 298.521025
23.778464 298.716517
23.778464 298.912009
23.835936 299.107501
23.835936 299.302993
23.835936 299.498485
23.835936 299.693977
23.893408 299.889469
23.893408 300.084961
23.893408 300.280453
23.893408 300.475945
23.95088 300.671437
23.95088 300.866929
23.95088 301.062421
24.008352 301.257913
24.008352 301.453405
24.008352 301.648897
24.008352 301.844389
24.065824 302.039881
24.065824 302.235373
24.065824 302.430865
24.123296 302.626357
24.123296 302.821849
24.123296 303.017341
24.123296 303.212833
24.180768 303.408325
24.180768 303.603817
24.180768 303.799309
24.180768 303.994801
24.23824 304.190294
24.23824 304.385786
24.23824 304.581278
24.295712 304.776770
24.295712 304.972262
24.295712 305.167754
24.295712 305.363246
24.353184 305.558738
24.353184 305.754230
24.353184 305.949722
24.410656 306.145214
24.410656 306.340706
24.410656 306.536198
24.410656 306.731690
24.468128 306.927182
24.468128 307.122674
24.468128 307.318166
24.5256 307.513658
24.5256 307.709150
24.5256 307.904642
24.5256 308.100134
24.583072 308.295626
24.583072 308.491118
24.583072 308.686610
24.583072 308.882102
24.640544 309.077594
24.640544 309.273086
24.640544 309.468578
24.698016 309.664070
24.698016 309.859562
24.698016 310.055054
24.698016 310.250546
24.755488 310.446039
24.755488 310.641531
24.755488 310.837023
24.81296 311.032515
24.81296 311.228007
24.81296 311.423499
24.81296 311.618991
24.870432 311.814483
24.870432 312.009975
24.870432 312.205467
24.870432 312.400959
24.927904 312.596451
24.927904 312.791943
24.927904 312.987435
24.985376 313.182927
24.985376 313.378419
24.985376 313.573911
24.985376 313.769403
25.042848 313.964895
25.042848 314.160387
25.042848 314.355879
25.10032 314.551371
25.10032 314.746863
25.10032 314.942355
25.10032 315.137847
25.157792 315.333339
25.157792 315.528831
25.157792 315.724323
25.157792 315.919815
25.215264 316.115307
25.215264 316.310799
25.215264 316.506292
25.272736 316.701784
25.272736 316.897276
25.272736 317.092768
25.272736 317.288260
25.330208 317.483752
25.330208 317.679244
25.330208 317.874736
25.38768 318.070228
25.38768 318.265720
25.38768 318.461212
25.38768 318.656704
25.445152 318.852196
25.445152 319.047688
25.445152 319.243180
25.445152 319.438672
25.502624 319.634164
25.502624 319.829656
25.502624 320.025148
25.560096 320.220640
25.560096 320.416132
25.560096 320.611624
25.560096 320.807116
25.617568 321.002608
25.617568 321.198100
25.617568 321.393592
25.67504 321.589084
25.67504 321.784576
25.67504 321.980068
25.67504 322.175560
25.732512 322.371052
25.732512 322.566545
25.732512 322.762037
25.732512 322.957529
25.789984 323.153021
25.789984 323.348513
25.789984 323.544005
25.847456 323.739497
25.847456 323.934989
25.847456 324.130481
25.847456 324.325973
25.904928 324.521465
25.904928 324.716957
25.904928 324.912449
25.9624 325.107941
25.9624 325.303433
25.9624 325.498925
25.9624 325.694417
26.019872 325.889909
26.019872 326.085401
26.019872 326.280893
26.077344 326.476385
26.077344 326.671877
26.077344 326.867369
26.077344 327.062861
26.134816 327.258353
26.134816 327.453845
26.134816 327.649337
26.134816 327.844829
26.192288 328.040321
26.192288 328.235813
26.192288 328.431305
26.24976 328.626798
26.24976 328.822290
26.24976 329.017782
26.24976 329.213274
26.307232 329.408766
26.307232 329.604258
26.307232 329.799750
26.364704 329.995242
26.364704 330.190734
26.364704 330.386226
26.364704 330.581718
26.422176 330.777210
26.422176 330.972702
26.422176 331.168194
26.422176 331.363686
26.479648 331.559178
26.479648 331.754670
26.479648 331.950162
26.53712 332.145654
26.53712 332.341146
26.53712 332.536638
26.53712 332.732130
26.594592 332.927622
26.594592 333.123114
26.594592 333.318606
26.652064 333.514098
26.652064 333.709590
26.652064 333.905082
26.652064 334.100574
26.709536 334.296066
26.709536 334.491558
26.709536 334.687050
26.709536 334.882543
26.767008 335.078035
26.767008 335.273527
26.767008 335.469019
26.82448 335.664511
26.82448 335.860003
26.82448 336.055495
26.82448 336.250987
26.881952 336.446479
26.881952 336.641971
26.881952 336.837463
26.939424 337.032955
26.939424 337.228447
26.939424 337.423939
26.939424 337.619431
26.996896 337.814923
26.996896 338.010415
26.996896 338.205907
26.996896 338.401399
27.054368 338.596891
27.054368 338.792383
27.054368 338.987875
27.11184 339.183367
27.11184 339.378859
27.11184 339.574351
27.11184 339.769843
27.169312 339.965335
27.169312 340.160827
27.169312 340.356319
27.226784 340.551811
27.226784 340.747303
27.226784 340.942796
27.226784 341.138288
27.284256 341.333780
27.284256 341.529272
27.284256 341.724764
27.341728 341.920256
27.341728 342.115748
27.341728 342.311240
27.341728 342.506732
27.3992 342.702224
27.3992 342.897716
27.3992 343.093208
27.3992 343.288700
27.456672 343.484192
27.456672 343.679684
27.456672 343.875176
27.514144 344.070668
27.514144 344.266160
27.514144 344.461652
27.514144 344.657144
27.571616 344.852636
27.571616 345.048128
27.571616 345.243620
27.629088 345.439112
27.629088 345.634604
27.629088 345.830096
27.629088 346.025588
27.68656 346.221080
27.68656 346.416572
27.68656 346.612064
27.68656 346.807556
27.744032 347.003049
27.744032 347.198541
27.744032 347.394033
27.801504 347.589525
27.801504 347.785017
27.801504 347.980509
27.801504 348.176001
27.858976 348.371493
27.858976 348.566985
27.858976 348.762477
27.916448 348.957969
27.916448 349.153461
27.916448 349.348953
27.916448 349.544445
27.97392 349.739937
27.97392 349.935429
27.97392 350.130921
27.97392 350.326413
28.031392 350.521905
28.031392 350.717397
28.031392 350.912889
28.088864 351.108381
28.088864 351.303873
28.088864 351.499365
28.088864 351.694857
28.146336 351.890349
28.146336 352.085841
28.146336 352.281333
28.203808 352.476825
28.203808 352.672317
28.203808 352.867809
28.203808 353.063301
28.26128 353.258794
28.26128 353.454286
28.26128 353.649778
28.26128 353.845270
28.318752 354.040762
28.318752 354.236254
28.318752 354.431746
28.376224 354.627238
28.376224 354.822730
28.376224 355.018222
28.376224 355.213714
28.433696 355.409206
28.433696 355.604698
28.433696 355.800190
28.491168 355.995682
28.491168 356.191174
28.491168 356.386666
28.491168 356.582158
28.54864 356.777650
28.54864 356.973142
28.54864 357.168634
28.54864 357.364126
28.606112 357.559618
28.606112 357.755110
28.606112 357.950602
28.663584 358.146094
28.663584 358.341586
28.663584 358.537078
28.663584 358.732570
28.721056 358.928062
28.721056 359.123554
28.721056 359.319047
28.778528 359.514539
28.778528 359.710031
28.778528 359.905523
28.778528 360.101015
28.836 360.296507
28.836 360.491999
28.836 360.687491
28.893472 360.882983
28.893472 361.078475
28.893472 361.273967
28.893472 361.469459
28.950944 361.664951
28.950944 361.860443
28.950944 362.055935
28.950944 362.251427
29.008416 362.446919
29.008416 362.642411
29.008416 362.837903
29.065888 363.033395
29.065888 363.228887
29.065888 363.424379
29.065888 363.619871
29.12336 363.815363
29.12336 364.010855
29.12336 364.206347
29.180832 364.401839
29.180832 364.597331
29.180832 364.792823
29.180832 364.988315
29.238304 365.183807
29.238304 365.379300
29.238304 365.574792
29.238304 365.770284
29.295776 365.965776
29.295776 366.161268
29.295776 366.356760
29.353248 366.552252
29.353248 366.747744
29.353248 366.943236
29.353248 367.138728
29.41072 367.334220
29.41072 367.529712
29.41072 367.725204
29.468192 367.920696
29.468192 368.116188
29.468192 368.311680
29.468192 368.507172
29.525664 368.702664
29.525664 368.898156
29.525664 369.093648
29.525664 369.289140
29.583136 369.484632
29.583136 369.680124
29.583136 369.875616
29.640608 370.071108
29.640608 370.266600
29.640608 370.462092
29.640608 370.657584
29.69808 370.853076
29.69808 371.048568
29.69808 371.244060
29.755552 371.439552
29.755552 371.635045
29.755552 371.830537
29.755552 372.026029
29.813024 372.221521
29.813024 372.417013
29.813024 372.612505
29.813024 372.807997
29.870496 373.003489
29.870496 373.198981
29.870496 373.394473
29.927968 373.589965
29.927968 373.785457
29.927968 373.980949
29.927968 374.176441
29.98544 374.371933
29.98544 374.567425
29.98544 374.762917
30.042912 374.958409
30.042912 375.153901
30.042912 375.349393
30.042912 375.544885
30.100384 375.740377
30.100384 375.935869
30.100384 376.131361
30.100384 376.326853
30.157856 376.522345
30.157856 376.717837
30.157856 376.913329
30.215328 377.108821
30.215328 377.304313
30.215328 377.499805
30.215328 377.695298
30.2728 377.890790
30.2728 378.086282
30.2728 378.281774
30.330272 378.477266
30.330272 378.672758
30.330272 378.868250
30.330272 379.063742
30.387744 379.259234
30.387744 379.454726
30.387744 379.650218
30.445216 379.845710
30.445216 380.041202
30.445216 380.236694
30.445216 380.432186
30.502688 380.627678
30.502688 380.823170
30.502688 381.018662
30.502688 381.214154
30.56016 381.409646
30.56016 381.605138
30.56016 381.800630
30.617632 381.996122
30.617632 382.191614
30.617632 382.387106
30.617632 382.582598
30.675104 382.778090
30.675104 382.973582
30.675104 383.169074
30.732576 383.364566
30.732576 383.560058
30.732576 383.755551
30.732576 383.951043
30.790048 384.146535
30.790048 384.342027
30.790048 384.537519
30.790048 384.733011
30.84752 384.928503
30.84752 385.123995
30.84752 385.319487
30.904992 385.514979
30.904992 385.710471
30.904992 385.905963
30.904992 386.101455
30.962464 386.296947
30.962464 386.492439
30.962464 386.687931
31.019936 386.883423
31.019936 387.078915
31.019936 387.274407
31.019936 387.469899
31.077408 387.665391
31.077408 387.860883
31.077408 388.056375
31.077408 388.251867
31.13488 388.447359
31.13488 388.642851
31.13488 388.838343
31.192352 389.033835
31.192352 389.229327
31.192352 389.424819
31.192352 389.620311
31.249824 389.815803
31.249824 390.011296
31.249824 390.206788
31.307296 390.402280
31.307296 390.597772
31.307296 390.793264
31.307296 390.988756
31.364768 391.184248
31.364768 391.379740
31.364768 391.575232
31.364768 391.770724
31.42224 391.966216
31.42224 392.161708
31.42224 392.357200
31.479712 392.552692
31.479712 392.748184
31.479712 392.943676
31.479712 393.139168
31.537184 393.334660
31.537184 393.530152
31.537184 393.725644
31.594656 393.921136
31.594656 394.116628
31.594656 394.312120
31.594656 394.507612
31.652128 394.703104
31.652128 394.898596
31.652128 395.094088
31.7096 395.289580
31.7096 395.485072
31.7096 395.680564
31.7096 395.876056
31.767072 396.071549
31.767072 396.267041
31.767072 396.462533
31.767072 396.658025
31.824544 396.853517
31.824544 397.049009
31.824544 397.244501
31.882016 397.439993
31.882016 397.635485
31.882016 397.830977
31.882016 398.026469
31.939488 398.221961
31.939488 398.417453
31.939488 398.612945
31.99696 398.808437
31.99696 399.003929
31.99696 399.199421
31.99696 399.394913
32.054432 399.590405
32.054432 399.785897
32.054432 399.981389
32.054432 400.176881
32.111904 400.372373
32.111904 400.567865
32.111904 400.763357
32.169376 400.958849
32.169376 401.154341
32.169376 401.349833
32.169376 401.545325
32.226848 401.740817
32.226848 401.936309
32.226848 402.131802
32.28432 402.327294
32.28432 402.522786
32.28432 402.718278
32.28432 402.913770
32.341792 403.109262
32.341792 403.304754
32.341792 403.500246
32.341792 403.695738
32.399264 403.891230
32.399264 404.086722
32.399264 404.282214
32.456736 404.477706
32.456736 404.673198
32.456736 404.868690
32.456736 405.064182
32.514208 405.259674
32.514208 405.455166
32.514208 405.650658
32.57168 405.846150
32.57168 406.041642
32.57168 406.237134
32.57168 406.432626
32.629152 406.628118
32.629152 406.823610
32.629152 407.019102
32.629152 407.214594
32.686624 407.410086
32.686624 407.605578
32.686624 407.801070
32.744096 407.996562
32.744096 408.192055
32.744096 408.387547
32.744096 408.583039
32.801568 408.778531
32.801568 408.974023
32.801568 409.169515
32.85904 409.365007
32.85904 409.560499
32.85904 409.755991
32.85904 409.951483
32.916512 410.146975
32.916512 410.342467
32.916512 410.537959
32.916512 410.733451
32.973984 410.928943
32.973984 411.124435
32.973984 411.319927
33.031456 411.515419
33.031456 411.710911
33.031456 411.906403
33.031456 412.101895
33.088928 412.297387
33.088928 412.492879
33.088928 412.688371
33.1464 412.883863
33.1464 413.079355
33.1464 413.274847
33.1464 413.470339
33.203872 413.665831
33.203872 413.861323
33.203872 414.056815
33.261344 414.252307
33.261344 414.447800
33.261344 414.643292
33.261344 414.838784
33.318816 415.034276
33.318816 415.229768
33.318816 415.425260
33.318816 415.620752
33.376288 415.816244
33.376288 416.011736
33.376288 416.207228
33.43376 416.402720
33.43376 416.598212
33.43376 416.793704
33.43376 416.989196
33.491232 417.184688
33.491232 417.380180
33.491232 417.575672
33.548704 417.771164
33.548704 417.966656
33.548704 418.162148
33.548704 418.357640
33.606176 418.553132
33.606176 418.748624
33.606176 418.944116
33.606176 419.139608
33.663648 419.335100
33.663648 419.530592
33.663648 419.726084
33.72112 419.921576
33.72112 420.117068
33.72112 420.312560
33.72112 420.508053
33.778592 420.703545
33.778592 420.899037
33.778592 421.094529
33.836064 421.290021
33.836064 421.485513
33.836064 421.681005
33.836064 421.876497
33.893536 422.071989
33.893536 422.267481
33.893536 422.462973
33.893536 422.658465
33.951008 422.853957
33.951008 423.049449
33.951008 423.244941
34.00848 423.440433
34.00848 423.635925
34.00848 423.831417
34.00848 424.026909
34.065952 424.222401
34.065952 424.417893
34.065952 424.613385
34.123424 424.808877
34.123424 425.004369
34.123424 425.199861
34.123424 425.395353
34.180896 425.590845
34.180896 425.786337
34.180896 425.981829
34.180896 426.177321
34.238368 426.372813
34.238368 426.568306
34.238368 426.763798
34.29584 426.959290
34.29584 427.154782
34.29584 427.350274
34.29584 427.545766
34.353312 427.741258
34.353312 427.936750
34.353312 428.132242
34.410784 428.327734
34.410784 428.523226
34.410784 428.718718
34.410784 428.914210
34.468256 429.109702
34.468256 429.305194
34.468256 429.500686
34.525728 429.696178
34.525728 429.891670
34.525728 430.087162
34.525728 430.282654
34.5832 430.478146
34.5832 430.673638
34.5832 430.869130
34.5832 431.064622
34.640672 431.260114
34.640672 431.455606
34.640672 431.651098
34.698144 431.846590
34.698144 432.042082
34.698144 432.237574
34.698144 432.433066
34.755616 432.628558
34.755616 432.824051
34.755616 433.019543
34.813088 433.215035
34.813088 433.410527
34.813088 433.606019
34.813088 433.801511
34.87056 433.997003
34.87056 434.192495
34.87056 434.387987
34.87056 434.583479
34.928032 434.778971
34.928032 434.974463
34.928032 435.169955
34.985504 435.365447
34.985504 435.560939
34.985504 435.756431
34.985504 435.951923
35.042976 436.147415
35.042976 436.342907
35.042976 436.538399
35.100448 436.733891
35.100448 436.929383
35.100448 437.124875
35.100448 437.320367
35.15792 437.515859
35.15792 437.711351
35.15792 437.906843
35.15792 438.102335
35.215392 438.297827
35.215392 438.493319
35.215392 438.688811
35.272864 438.884304
35.272864 439.079796
35.272864 439.275288
35.272864 439.470780
35.330336 439.666272
35.330336 439.861764
35.330336 440.057256
35.387808 440.252748
35.387808 440.448240
35.387808 440.643732
35.387808 440.839224
35.44528 441.034716
35.44528 441.230208
35.44528 441.425700
35.44528 441.621192
35.502752 441.816684
35.502752 442.012176
35.502752 442.207668
35.560224 442.403160
35.560224 442.598652
35.560224 442.794144
35.560224 442.989636
35.617696 443.185128
35.617696 443.380620
35.617696 443.576112
35.675168 443.771604
35.675168 443.967096
35.675168 444.162588
35.675168 444.358080
35.73264 444.553572
35.73264 444.749064
35.73264 444.944557
35.73264 445.140049
35.790112 445.335541
35.790112 445.531033
35.790112 445.726525
35.847584 445.922017
35.847584 446.117509
35.847584 446.313001
35.847584 446.508493
35.905056 446.703985
35.905056 446.899477
35.905056 447.094969
35.962528 447.290461
35.962528 447.485953
35.962528 447.681445
35.962528 447.876937
36.02 448.072429
36.02 448.267921
36.02 448.463413
36.077472 448.658905
36.077472 448.854397
36.077472 449.049889
36.077472 449.245381
36.134944 449.440873
36.134944 449.636365
36.134944 449.831857
36.134944 450.027349
36.192416 450.222841
36.192416 450.418333
36.192416 450.613825
36.249888 450.809317
36.249888 451.004809
36.249888 451.200302
36.249888 451.395794
36.30736 451.591286
36.30736 451.786778
36.30736 451.982270
36.364832 452.177762
36.364832 452.373254
36.364832 452.568746
36.364832 452.764238
36.422304 452.959730
36.422304 453.155222
36.422304 453.350714
36.422304 453.546206
36.479776 453.741698
36.479776 453.937190
36.479776 454.132682
36.537248 454.328174
36.537248 454.523666
36.537248 454.719158
36.537248 454.914650
36.59472 455.110142
36.59472 455.305634
36.59472 455.501126
36.652192 455.696618
36.652192 455.892110
36.652192 456.087602
36.652192 456.283094
36.709664 456.478586
36.709664 456.674078
36.709664 456.869570
36.709664 457.065062
36.767136 457.260555
36.767136 457.456047
36.767136 457.651539
36.824608 457.847031
36.824608 458.042523
36.824608 458.238015
36.824608 458.433507
36.88208 458.628999
36.88208 458.824491
36.88208 459.019983
36.939552 459.215475
36.939552 459.410967
36.939552 459.606459
36.939552 459.801951
36.997024 459.997443
36.997024 460.192935
36.997024 460.388427
36.997024 460.583919
37.054496 460.779411
37.054496 460.974903
37.054496 461.170395
37.111968 461.365887
37.111968 461.561379
37.111968 461.756871
37.111968 461.952363
37.16944 462.147855
37.16944 462.343347
37.16944 462.538839
37.226912 462.734331
37.226912 462.929823
37.226912 463.125315
37.226912 463.320808
37.284384 463.516300
37.284384 463.711792
37.284384 463.907284
37.284384 464.102776
37.341856 464.298268
37.341856 464.493760
37.341856 464.689252
37.399328 464.884744
37.399328 465.080236
37.399328 465.275728
37.399328 465.471220
37.4568 465.666712
37.4568 465.862204
37.4568 466.057696
37.514272 466.253188
37.514272 466.448680
37.514272 466.644172
37.514272 466.839664
37.571744 467.035156
37.571744 467.230648
37.571744 467.426140
37.629216 467.621632
37.629216 467.817124
37.629216 468.012616
37.629216 468.208108
37.686688 468.403600
37.686688 468.599092
37.686688 468.794584
37.686688 468.990076
37.74416 469.185568
37.74416 469.381060
37.74416 469.576553
37.801632 469.772045
37.801632 469.967537
37.801632 470.163029
37.801632 470.358521
37.859104 470.554013
37.859104 470.749505
37.859104 470.944997
37.916576 471.140489
37.916576 471.335981
37.916576 471.531473
37.916576 471.726965
37.974048 471.922457
37.974048 472.117949
37.974048 472.313441
37.974048 472.508933
38.03152 472.704425
38.03152 472.899917
38.03152 473.095409
38.088992 473.290901
38.088992 473.486393
38.088992 473.681885
38.088992 473.877377
38.146464 474.072869
38.146464 474.268361
38.146464 474.463853
38.203936 474.659345
38.203936 474.854837
38.203936 475.050329
38.203936 475.245821
38.261408 475.441313
38.261408 475.636806
38.261408 475.832298
38.261408 476.027790
38.31888 476.223282
38.31888 476.418774
38.31888 476.614266
38.376352 476.809758
38.376352 477.005250
38.376352 477.200742
38.376352 477.396234
38.433824 477.591726
38.433824 477.787218
38.433824 477.982710
38.491296 478.178202
38.491296 478.373694
38.491296 478.569186
38.491296 478.764678
38.548768 478.960170
38.548768 479.155662
38.548768 479.351154
38.548768 479.546646
38.60624 479.742138
38.60624 479.937630
38.60624 480.133122
38.663712 480.328614
38.663712 480.524106
38.663712 480.719598
38.663712 480.915090
38.721184 481.110582
38.721184 481.306074
38.721184 481.501566
38.778656 481.697059
38.778656 481.892551
38.778656 482.088043
38.778656 482.283535
38.836128 482.479027
38.836128 482.674519
38.836128 482.870011
38.8936 483.065503
38.8936 483.260995
38.8936 483.456487
38.8936 483.651979
38.951072 483.847471
38.951072 484.042963
38.951072 484.238455
38.951072 484.433947
39.008544 484.629439
39.008544 484.824931
39.008544 485.020423
39.066016 485.215915
39.066016 485.411407
39.066016 485.606899
39.066016 485.802391
39.123488 485.997883
39.123488 486.193375
39.123488 486.388867
39.18096 486.584359
39.18096 486.779851
39.18096 486.975343
39.18096 487.170835
39.238432 487.366327
39.238432 487.561819
39.238432 487.757311
39.238432 487.952804
39.295904 488.148296
39.295904 488.343788
39.295904 488.539280
39.353376 488.734772
39.353376 488.930264
39.353376 489.125756
39.353376 489.321248
39.410848 489.516740
39.410848 489.712232
39.410848 489.907724
39.46832 490.103216
39.46832 490.298708
39.46832 490.494200
39.46832 490.689692
39.525792 490.885184
39.525792 491.080676
39.525792 491.276168
39.525792 491.471660
39.583264 491.667152
39.583264 491.862644
39.583264 492.058136
39.640736 492.253628
39.640736 492.449120
39.640736 492.644612
39.640736 492.840104
39.698208 493.035596
39.698208 493.231088
39.698208 493.426580
39.75568 493.622072
39.75568 493.817564
39.75568 494.013057
39.75568 494.208549
39.813152 494.404041
39.813152 494.599533
39.813152 494.795025
39.813152 494.990517
39.870624 495.186009
39.870624 495.381501
39.870624 495.576993
39.928096 495.772485
39.928096 495.967977
39.928096 496.163469
39.928096 496.358961
39.985568 496.554453
39.985568 496.749945
39.985568 496.945437
