0.1 0.195406
0.1 0.200096
0.108192 0.395501
0.108192 0.400191
0.116384 0.595597
0.116384 0.600287
0.124576 0.795693
0.124576 0.800382
0.132768 0.995788
0.132768 1.000478
0.14096 1.195884
0.14096 1.200574
0.149152 1.395979
0.149152 1.400669
0.157344 1.596075
0.157344 1.600765
0.165536 1.796171
0.165536 1.800860
0.173728 1.996266
0.173728 2.000956
0.18192 2.196362
0.18192 2.201052
0.190112 2.396457
0.190112 2.401147
0.198304 2.596553
0.198304 2.601243
0.206496 2.796649
0.206496 2.801338
0.214688 2.996744
0.214688 3.001434
0.22288 3.196840
0.22288 3.201529
0.231072 3.396935
0.231072 3.401625
0.239264 3.597031
0.239264 3.601721
0.247456 3.797127
0.247456 3.801816
0.255648 3.997222
0.255648 4.001912
0.26384 4.197318
0.26384 4.202007
0.272032 4.397413
0.272032 4.402103
0.280224 4.597509
0.280224 4.602199
0.288416 4.797604
0.288416 4.802294
0.296608 4.997700
0.296608 5.002390
0.3048 5.197796
0.3048 5.202485
0.312992 5.397891
0.312992 5.402581
0.321184 5.597987
0.321184 5.602677
0.329376 5.798082
0.329376 5.802772
0.337568 5.998178
0.337568 6.002868
0.34576 6.198274
0.34576 6.202963
0.353952 6.398369
0.353952 6.403059
0.362144 6.598465
0.362144 6.603155
0.370336 6.798560
0.370336 6.803250
0.378528 6.998656
0.378528 7.003346
0.38672 7.198752
0.38672 7.203441
0.394912 7.398847
0.394912 7.403537
0.403104 7.598943
0.403104 7.603633
0.411296 7.799038
0.411296 7.803728
0.419488 7.999134
0.419488 8.003824
0.42768 8.199230
0.42768 8.203919
0.435872 8.399325
0.435872 8.404015
0.444064 8.599421
0.444064 8.604110
0.452256 8.799516
0.452256 8.804206
0.460448 8.999612
0.460448 9.004302
0.46864 9.199708
0.46864 9.204397
0.476832 9.399803
0.476832 9.404493
0.485024 9.599899
0.485024 9.604588
0.493216 9.799994
0.501408 9.995400
0.5096 10.190806
0.517792 10.386212
0.525984 10.581618
0.534176 10.777024
0.542368 10.972429
0.55056 11.167835
0.558752 11.363241
0.566944 11.558647
0.575136 11.754053
0.583328 11.949459
0.59152 12.144865
0.599712 12.340270
0.607904 12.535676
0.616096 12.731082
0.624288 12.926488
0.63248 13.121894
0.640672 13.317300
0.648864 13.512705
0.657056 13.708111
0.665248 13.903517
0.67344 14.098923
0.681632 14.294329
0.689824 14.489735
0.698016 14.685141
0.706208 14.880546
0.7144 15.075952
0.722592 15.271358
0.730784 15.466764
0.738976 15.662170
0.747168 15.857576
0.75536 16.052982
0.763552 16.248387
0.771744 16.443793
0.779936 16.639199
0.788128 16.834605
0.79632 17.030011
0.804512 17.225417
0.812704 17.420823
0.820896 17.616228
0.829088 17.811634
0.83728 18.007040
0.845472 18.202446
0.853664 18.397852
0.861856 18.593258
0.870048 18.788663
0.87824 18.984069
0.886432 19.179475
0.894624 19.374881
0.902816 19.570287
0.9192 19.765693
0.935584 19.961099
0.951968 20.156504
0.968352 20.351910
0.984736 20.547316
1.00112 20.742722
1.017504 20.938128
1.033888 21.133534
1.050272 21.328940
1.066656 21.524345
1.08304 21.719751
1.099424 21.915157
1.115808 22.110563
1.132192 22.305969
1.148576 22.501375
1.16496 22.696781
1.181344 22.892186
1.197728 23.087592
1.214112 23.282998
1.230496 23.478404
1.238688 23.673810
1.255072 23.869216
1.271456 24.064621
1.28784 24.260027
1.304224 24.455433
1.320608 24.650839
1.336992 24.846245
1.353376 25.041651
1.36976 25.237057
1.386144 25.432462
1.402528 25.627868
1.418912 25.823274
1.435296 26.018680
1.45168 26.214086
1.468064 26.409492
1.484448 26.604898
1.500832 26.800303
1.517216 26.995709
1.5336 27.191115
1.549984 27.386521
1.566368 27.581927
1.57456 27.777333
1.590944 27.972739
1.607328 28.168144
1.623712 28.363550
1.640096 28.558956
1.65648 28.754362
1.672864 28.949768
1.689248 29.145174
1.705632 29.340580
1.722016 29.535985
1.7384 29.731391
1.754784 29.926797
1.771168 30.122203
1.787552 30.317609
1.803936 30.513015
1.82032 30.708420
1.836704 30.903826
1.853088 31.099232
1.869472 31.294638
1.885856 31.490044
1.90224 31.685450
1.918624 31.880856
1.926816 32.076261
1.9432 32.271667
1.959584 32.467073
1.975968 32.662479
1.992352 32.857885
2.008736 33.053291
2.02512 33.248697
2.041504 33.444102
2.057888 33.639508
2.074272 33.834914
2.090656 34.030320
2.10704 34.225726
2.123424 34.421132
2.139808 34.616538
2.156192 34.811943
2.172576 35.007349
2.18896 35.202755
2.205344 35.398161
2.221728 35.593567
2.238112 35.788973
2.254496 35.984378
2.262688 36.179784
2.279072 36.375190
2.295456 36.570596
2.31184 36.766002
2.328224 36.961408
2.344608 37.156814
2.360992 37.352219
2.377376 37.547625
2.39376 37.743031
2.410144 37.938437
2.426528 38.133843
2.442912 38.329249
2.459296 38.524655
2.47568 38.720060
2.492064 38.915466
2.508448 39.110872
2.524832 39.306278
2.541216 39.501684
2.5576 39.697090
2.573984 39.892496
2.590368 40.087901
2.59856 40.283307
2.614944 40.478713
2.631328 40.674119
2.647712 40.869525
2.664096 41.064931
2.68048 41.260336
2.696864 41.455742
2.713248 41.651148
2.729632 41.846554
2.746016 42.041960
2.7624 42.237366
2.778784 42.432772
2.795168 42.628177
2.811552 42.823583
2.827936 43.018989
2.84432 43.214395
2.860704 43.409801
2.877088 43.605207
2.893472 43.800613
2.909856 43.996018
2.92624 44.191424
2.934432 44.386830
2.950816 44.582236
2.9672 44.777642
2.983584 44.973048
2.999968 45.168454
3.016352 45.363859
3.032736 45.559265
3.04912 45.754671
3.065504 45.950077
3.081888 46.145483
3.098272 46.340889
3.114656 46.536294
3.13104 46.731700
3.147424 46.927106
3.163808 47.122512
3.180192 47.317918
3.196576 47.513324
3.21296 47.708730
3.229344 47.904135
3.245728 48.099541
3.262112 48.294947
3.278496 48.490353
3.286688 48.685759
3.303072 48.881165
3.319456 49.076571
3.33584 49.271976
3.352224 49.467382
3.368608 49.662788
3.384992 49.858194
3.401376 50.053600
3.41776 50.249006
3.434144 50.444412
3.450528 50.639817
3.466912 50.835223
3.483296 51.030629
3.49968 51.226035
3.516064 51.421441
3.532448 51.616847
3.548832 51.812252
3.565216 52.007658
3.5816 52.203064
3.597984 52.398470
3.614368 52.593876
3.62256 52.789282
3.638944 52.984688
3.655328 53.180093
3.671712 53.375499
3.688096 53.570905
3.70448 53.766311
3.720864 53.961717
3.737248 54.157123
3.753632 54.352529
3.770016 54.547934
3.7864 54.743340
3.802784 54.938746
3.819168 55.134152
3.835552 55.329558
3.851936 55.524964
3.86832 55.720370
3.884704 55.915775
3.901088 56.111181
3.917472 56.306587
3.933856 56.501993
3.95024 56.697399
3.958432 56.892805
3.974816 57.088211
3.9912 57.283616
4.007584 57.479022
4.023968 57.674428
4.040352 57.869834
4.056736 58.065240
4.07312 58.260646
4.089504 58.456051
4.105888 58.651457
4.122272 58.846863
4.138656 59.042269
4.15504 59.237675
4.171424 59.433081
4.187808 59.628487
4.204192 59.823892
4.220576 60.019298
4.23696 60.214704
4.253344 60.410110
4.269728 60.605516
4.286112 60.800922
4.302496 60.996328
4.310688 61.191733
4.327072 61.387139
4.343456 61.582545
4.35984 61.777951
4.376224 61.973357
4.392608 62.168763
4.408992 62.364169
4.425376 62.559574
4.44176 62.754980
4.458144 62.950386
4.474528 63.145792
4.490912 63.341198
4.507296 63.536604
4.52368 63.732009
4.540064 63.927415
4.556448 64.122821
4.572832 64.318227
4.589216 64.513633
4.6056 64.709039
4.621984 64.904445
4.638368 65.099850
4.64656 65.295256
4.662944 65.490662
4.679328 65.686068
4.695712 65.881474
4.712096 66.076880
4.72848 66.272286
4.744864 66.467691
4.761248 66.663097
4.777632 66.858503
4.794016 67.053909
4.8104 67.249315
4.826784 67.444721
4.843168 67.640127
4.859552 67.835532
4.875936 68.030938
4.89232 68.226344
4.908704 68.421750
4.925088 68.617156
4.941472 68.812562
4.957856 69.007967
4.97424 69.203373
4.982432 69.398779
4.998816 69.594185
5.0152 69.789591
5.031584 69.984997
5.047968 70.180403
5.064352 70.375808
5.080736 70.571214
5.09712 70.766620
5.113504 70.962026
5.129888 71.157432
5.146272 71.352838
5.162656 71.548244
5.17904 71.743649
5.195424 71.939055
5.211808 72.134461
5.228192 72.329867
5.244576 72.525273
5.26096 72.720679
5.277344 72.916085
5.293728 73.111490
5.310112 73.306896
5.326496 73.502302
5.334688 73.697708
5.351072 73.893114
5.367456 74.088520
5.38384 74.283925
5.400224 74.479331
5.416608 74.674737
5.432992 74.870143
5.449376 75.065549
5.46576 75.260955
5.482144 75.456361
5.498528 75.651766
5.514912 75.847172
5.531296 76.042578
5.54768 76.237984
5.564064 76.433390
5.580448 76.628796
5.596832 76.824202
5.613216 77.019607
5.6296 77.215013
5.645984 77.410419
5.662368 77.605825
5.67056 77.801231
5.686944 77.996637
5.703328 78.192043
5.719712 78.387448
5.736096 78.582854
5.75248 78.778260
5.768864 78.973666
5.785248 79.169072
5.801632 79.364478
5.818016 79.559883
5.8344 79.755289
5.850784 79.950695
5.867168 80.146101
5.883552 80.341507
5.899936 80.536913
5.91632 80.732319
5.932704 80.927724
5.949088 81.123130
5.965472 81.318536
5.981856 81.513942
5.99824 81.709348
6.006432 81.904754
6.022816 82.100160
6.0392 82.295565
6.055584 82.490971
6.071968 82.686377
6.088352 82.881783
6.104736 83.077189
6.12112 83.272595
6.137504 83.468001
6.153888 83.663406
6.170272 83.858812
6.186656 84.054218
6.20304 84.249624
6.219424 84.445030
6.235808 84.640436
6.252192 84.835841
6.268576 85.031247
6.28496 85.226653
6.301344 85.422059
6.317728 85.617465
6.334112 85.812871
6.350496 86.008277
6.358688 86.203682
6.375072 86.399088
6.391456 86.594494
6.40784 86.789900
6.424224 86.985306
6.440608 87.180712
6.456992 87.376118
6.473376 87.571523
6.48976 87.766929
6.506144 87.962335
6.522528 88.157741
6.538912 88.353147
6.555296 88.548553
6.57168 88.743959
6.588064 88.939364
6.604448 89.134770
6.620832 89.330176
6.637216 89.525582
6.6536 89.720988
6.669984 89.916394
6.686368 90.111800
6.69456 90.307205
6.710944 90.502611
6.727328 90.698017
6.743712 90.893423
6.760096 91.088829
6.77648 91.284235
6.792864 91.479640
6.809248 91.675046
6.825632 91.870452
6.842016 92.065858
6.8584 92.261264
6.874784 92.456670
6.891168 92.652076
6.907552 92.847481
6.923936 93.042887
6.94032 93.238293
6.956704 93.433699
6.973088 93.629105
6.989472 93.824511
7.005856 94.019917
7.02224 94.215322
7.030432 94.410728
7.046816 94.606134
7.0632 94.801540
7.079584 94.996946
7.095968 95.192352
7.112352 95.387758
7.128736 95.583163
7.14512 95.778569
7.161504 95.973975
7.177888 96.169381
7.194272 96.364787
7.210656 96.560193
7.22704 96.755598
7.243424 96.951004
7.259808 97.146410
7.276192 97.341816
7.292576 97.537222
7.30896 97.732628
7.325344 97.928034
7.341728 98.123439
7.358112 98.318845
7.374496 98.514251
7.382688 98.709657
7.399072 98.905063
7.415456 99.100469
7.43184 99.295875
7.448224 99.491280
7.464608 99.686686
7.480992 99.882092
7.497376 100.077498
7.51376 100.272904
7.530144 100.468310
7.546528 100.663716
7.562912 100.859121
7.579296 101.054527
7.59568 101.249933
7.612064 101.445339
7.628448 101.640745
7.644832 101.836151
7.661216 102.031556
7.6776 102.226962
7.693984 102.422368
7.710368 102.617774
7.71856 102.813180
7.734944 103.008586
7.751328 103.203992
7.767712 103.399397
7.784096 103.594803
7.80048 103.790209
7.816864 103.985615
7.833248 104.181021
7.849632 104.376427
7.866016 104.571833
7.8824 104.767238
7.898784 104.962644
7.915168 105.158050
7.931552 105.353456
7.947936 105.548862
7.96432 105.744268
7.980704 105.939674
7.997088 106.135079
8.013472 106.330485
8.029856 106.525891
8.04624 106.721297
8.054432 106.916703
8.070816 107.112109
8.0872 107.307514
8.103584 107.502920
8.119968 107.698326
8.136352 107.893732
8.152736 108.089138
8.16912 108.284544
8.185504 108.479950
8.201888 108.675355
8.218272 108.870761
8.234656 109.066167
8.25104 109.261573
8.267424 109.456979
8.283808 109.652385
8.300192 109.847791
8.316576 110.043196
8.33296 110.238602
8.349344 110.434008
8.365728 110.629414
8.382112 110.824820
8.398496 111.020226
8.406688 111.215632
8.423072 111.411037
8.439456 111.606443
8.45584 111.801849
8.472224 111.997255
8.488608 112.192661
8.504992 112.388067
8.521376 112.583472
8.53776 112.778878
8.554144 112.974284
8.570528 113.169690
8.586912 113.365096
8.603296 113.560502
8.61968 113.755908
8.636064 113.951313
8.652448 114.146719
8.668832 114.342125
8.685216 114.537531
8.7016 114.732937
8.717984 114.928343
8.734368 115.123749
8.74256 115.319154
8.758944 115.514560
8.775328 115.709966
8.791712 115.905372
8.808096 116.100778
8.82448 116.296184
8.840864 116.491590
8.857248 116.686995
8.873632 116.882401
8.890016 117.077807
8.9064 117.273213
8.922784 117.468619
8.939168 117.664025
8.955552 117.859431
8.971936 118.054836
8.98832 118.250242
9.004704 118.445648
9.021088 118.641054
9.037472 118.836460
9.053856 119.031866
9.07024 119.227271
9.078432 119.422677
9.094816 119.618083
9.1112 119.813489
9.127584 120.008895
9.143968 120.204301
9.160352 120.399707
9.176736 120.595112
9.19312 120.790518
9.209504 120.985924
9.225888 121.181330
9.242272 121.376736
9.258656 121.572142
9.27504 121.767548
9.291424 121.962953
9.307808 122.158359
9.324192 122.353765
9.340576 122.549171
9.35696 122.744577
9.373344 122.939983
9.389728 123.135389
9.406112 123.330794
9.422496 123.526200
9.430688 123.721606
9.447072 123.917012
9.463456 124.112418
9.47984 124.307824
9.496224 124.503229
9.512608 124.698635
9.528992 124.894041
9.545376 125.089447
9.56176 125.284853
9.578144 125.480259
9.594528 125.675665
9.610912 125.871070
9.627296 126.066476
9.64368 126.261882
9.660064 126.457288
9.676448 126.652694
9.692832 126.848100
9.709216 127.043506
9.7256 127.238911
9.741984 127.434317
9.758368 127.629723
9.76656 127.825129
9.782944 128.020535
9.799328 128.215941
9.815712 128.411347
9.832096 128.606752
9.84848 128.802158
9.864864 128.997564
9.881248 129.192970
9.897632 129.388376
9.914016 129.583782
9.9304 129.779187
9.946784 129.974593
9.963168 130.169999
9.979552 130.365405
9.995936 130.560811
10.01232 130.756217
10.028704 130.951623
10.045088 131.147028
10.061472 131.342434
10.077856 131.537840
10.09424 131.733246
10.110624 131.928652
10.118816 132.124058
10.1352 132.319464
10.151584 132.514869
10.167968 132.710275
10.184352 132.905681
10.200736 133.101087
10.21712 133.296493
10.233504 133.491899
10.249888 133.687305
10.266272 133.882710
10.282656 134.078116
10.29904 134.273522
10.315424 134.468928
10.331808 134.664334
10.348192 134.859740
10.364576 135.055145
10.38096 135.250551
10.397344 135.445957
10.413728 135.641363
10.430112 135.836769
10.446496 136.032175
10.454688 136.227581
10.471072 136.422986
10.487456 136.618392
10.50384 136.813798
10.520224 137.009204
10.536608 137.204610
10.552992 137.400016
10.569376 137.595422
10.58576 137.790827
10.602144 137.986233
10.618528 138.181639
10.634912 138.377045
10.651296 138.572451
10.66768 138.767857
10.684064 138.963263
10.700448 139.158668
10.716832 139.354074
10.733216 139.549480
10.7496 139.744886
10.765984 139.940292
10.782368 140.135698
10.79056 140.331103
10.806944 140.526509
10.823328 140.721915
10.839712 140.917321
10.856096 141.112727
10.87248 141.308133
10.888864 141.503539
10.905248 141.698944
10.921632 141.894350
10.938016 142.089756
10.9544 142.285162
10.970784 142.480568
10.987168 142.675974
11.003552 142.871380
11.019936 143.066785
11.03632 143.262191
11.052704 143.457597
11.069088 143.653003
11.085472 143.848409
11.101856 144.043815
11.11824 144.239221
11.134624 144.434626
11.142816 144.630032
11.1592 144.825438
11.175584 145.020844
11.191968 145.216250
11.208352 145.411656
11.224736 145.607061
11.24112 145.802467
11.257504 145.997873
11.273888 146.193279
11.290272 146.388685
11.306656 146.584091
11.32304 146.779497
11.339424 146.974902
11.355808 147.170308
11.372192 147.365714
11.388576 147.561120
11.40496 147.756526
11.421344 147.951932
11.437728 148.147338
11.454112 148.342743
11.470496 148.538149
11.478688 148.733555
11.495072 148.928961
11.511456 149.124367
11.52784 149.319773
11.544224 149.515179
11.560608 149.710584
11.576992 149.905990
11.593376 150.101396
11.60976 150.296802
11.626144 150.492208
11.642528 150.687614
11.658912 150.883020
11.675296 151.078425
11.69168 151.273831
11.708064 151.469237
11.724448 151.664643
11.740832 151.860049
11.757216 152.055455
11.7736 152.250860
11.789984 152.446266
11.806368 152.641672
11.81456 152.837078
11.830944 153.032484
11.847328 153.227890
11.863712 153.423296
11.880096 153.618701
11.89648 153.814107
11.912864 154.009513
11.929248 154.204919
11.945632 154.400325
11.962016 154.595731
11.9784 154.791137
11.994784 154.986542
12.011168 155.181948
12.027552 155.377354
12.043936 155.572760
12.06032 155.768166
12.076704 155.963572
12.093088 156.158978
12.109472 156.354383
12.125856 156.549789
12.14224 156.745195
12.158624 156.940601
12.166816 157.136007
12.1832 157.331413
12.199584 157.526818
12.215968 157.722224
12.232352 157.917630
12.248736 158.113036
12.26512 158.308442
12.281504 158.503848
12.297888 158.699254
12.314272 158.894659
12.330656 159.090065
12.34704 159.285471
12.363424 159.480877
12.379808 159.676283
12.396192 159.871689
12.412576 160.067095
12.42896 160.262500
12.445344 160.457906
12.461728 160.653312
12.478112 160.848718
12.494496 161.044124
12.502688 161.239530
12.519072 161.434936
12.535456 161.630341
12.55184 161.825747
12.568224 162.021153
12.584608 162.216559
12.600992 162.411965
12.617376 162.607371
12.63376 162.802776
12.650144 162.998182
12.666528 163.193588
12.682912 163.388994
12.699296 163.584400
12.71568 163.779806
12.732064 163.975212
12.748448 164.170617
12.764832 164.366023
12.781216 164.561429
12.7976 164.756835
12.813984 164.952241
12.830368 165.147647
12.83856 165.343053
12.854944 165.538458
12.871328 165.733864
12.887712 165.929270
12.904096 166.124676
12.92048 166.320082
12.936864 166.515488
12.953248 166.710894
12.969632 166.906299
12.986016 167.101705
13.0024 167.297111
13.018784 167.492517
13.035168 167.687923
13.051552 167.883329
13.067936 168.078734
13.08432 168.274140
13.100704 168.469546
13.117088 168.664952
13.133472 168.860358
13.149856 169.055764
13.16624 169.251170
13.182624 169.446575
13.190816 169.641981
13.2072 169.837387
13.223584 170.032793
13.239968 170.228199
13.256352 170.423605
13.272736 170.619011
13.28912 170.814416
13.305504 171.009822
13.321888 171.205228
13.338272 171.400634
13.354656 171.596040
13.37104 171.791446
13.387424 171.986852
13.403808 172.182257
13.420192 172.377663
13.436576 172.573069
13.45296 172.768475
13.469344 172.963881
13.485728 173.159287
13.502112 173.354692
13.518496 173.550098
13.526688 173.745504
13.543072 173.940910
13.559456 174.136316
13.57584 174.331722
13.592224 174.527128
13.608608 174.722533
13.624992 174.917939
13.641376 175.113345
13.65776 175.308751
13.674144 175.504157
13.690528 175.699563
13.706912 175.894969
13.723296 176.090374
13.73968 176.285780
13.756064 176.481186
13.772448 176.676592
13.788832 176.871998
13.805216 177.067404
13.8216 177.262810
13.837984 177.458215
13.854368 177.653621
13.86256 177.849027
13.878944 178.044433
13.895328 178.239839
13.911712 178.435245
13.928096 178.630651
13.94448 178.826056
13.960864 179.021462
13.977248 179.216868
13.993632 179.412274
14.010016 179.607680
14.0264 179.803086
14.042784 179.998491
14.059168 180.193897
14.075552 180.389303
14.091936 180.584709
14.10832 180.780115
14.124704 180.975521
14.141088 181.170927
14.157472 181.366332
14.173856 181.561738
14.19024 181.757144
14.206624 181.952550
14.214816 182.147956
14.2312 182.343362
14.247584 182.538768
14.263968 182.734173
14.280352 182.929579
14.296736 183.124985
14.31312 183.320391
14.329504 183.515797
14.345888 183.711203
14.362272 183.906609
14.378656 184.102014
14.39504 184.297420
14.411424 184.492826
14.427808 184.688232
14.444192 184.883638
14.460576 185.079044
14.47696 185.274449
14.493344 185.469855
14.509728 185.665261
14.526112 185.860667
14.542496 186.056073
14.550688 186.251479
14.567072 186.446885
14.583456 186.642290
14.59984 186.837696
14.616224 187.033102
14.632608 187.228508
14.648992 187.423914
14.665376 187.619320
14.68176 187.814726
14.698144 188.010131
14.714528 188.205537
14.730912 188.400943
14.747296 188.596349
14.76368 188.791755
14.780064 188.987161
14.796448 189.182567
14.812832 189.377972
14.829216 189.573378
14.8456 189.768784
14.861984 189.964190
14.878368 190.159596
14.88656 190.355002
14.902944 190.550407
14.919328 190.745813
14.935712 190.941219
14.952096 191.136625
14.96848 191.332031
14.984864 191.527437
15.001248 191.722843
15.017632 191.918248
15.034016 192.113654
15.0504 192.309060
15.066784 192.504466
15.083168 192.699872
15.099552 192.895278
15.115936 193.090684
15.13232 193.286089
15.148704 193.481495
15.165088 193.676901
15.181472 193.872307
15.197856 194.067713
15.21424 194.263119
15.230624 194.458525
15.238816 194.653930
15.2552 194.849336
15.271584 195.044742
15.287968 195.240148
15.304352 195.435554
15.320736 195.630960
15.33712 195.826365
15.353504 196.021771
15.369888 196.217177
15.386272 196.412583
15.402656 196.607989
15.41904 196.803395
15.435424 196.998801
15.451808 197.194206
15.468192 197.389612
15.484576 197.585018
15.50096 197.780424
15.517344 197.975830
15.533728 198.171236
15.550112 198.366642
15.566496 198.562047
15.574688 198.757453
15.591072 198.952859
15.607456 199.148265
15.62384 199.343671
15.640224 199.539077
15.656608 199.734483
15.672992 199.929888
15.689376 200.125294
15.70576 200.320700
15.722144 200.516106
15.738528 200.711512
15.754912 200.906918
15.771296 201.102323
15.78768 201.297729
15.804064 201.493135
15.820448 201.688541
15.836832 201.883947
15.853216 202.079353
15.8696 202.274759
15.885984 202.470164
15.902368 202.665570
15.91056 202.860976
15.926944 203.056382
15.943328 203.251788
15.959712 203.447194
15.976096 203.642600
15.99248 203.838005
16.008864 204.033411
16.025248 204.228817
16.041632 204.424223
16.058016 204.619629
16.0744 204.815035
16.090784 205.010441
16.107168 205.205846
16.123552 205.401252
16.139936 205.596658
16.15632 205.792064
16.172704 205.987470
16.189088 206.182876
16.205472 206.378281
16.221856 206.573687
16.23824 206.769093
16.254624 206.964499
16.262816 207.159905
16.2792 207.355311
16.295584 207.550717
16.311968 207.746122
16.328352 207.941528
16.344736 208.136934
16.36112 208.332340
16.377504 208.527746
16.393888 208.723152
16.410272 208.918558
16.426656 209.113963
16.44304 209.309369
16.459424 209.504775
16.475808 209.700181
16.492192 209.895587
16.508576 210.090993
16.52496 210.286399
16.541344 210.481804
16.557728 210.677210
16.574112 210.872616
16.590496 211.068022
16.598688 211.263428
16.615072 211.458834
16.631456 211.654240
16.64784 211.849645
16.664224 212.045051
16.680608 212.240457
16.696992 212.435863
16.713376 212.631269
16.72976 212.826675
16.746144 213.022080
16.762528 213.217486
16.778912 213.412892
16.795296 213.608298
16.81168 213.803704
16.828064 213.999110
16.844448 214.194516
16.860832 214.389921
16.877216 214.585327
16.8936 214.780733
16.909984 214.976139
16.926368 215.171545
16.93456 215.366951
16.950944 215.562357
16.967328 215.757762
16.983712 215.953168
17.000096 216.148574
17.01648 216.343980
17.032864 216.539386
17.049248 216.734792
17.065632 216.930198
17.082016 217.125603
17.0984 217.321009
17.114784 217.516415
17.131168 217.711821
17.147552 217.907227
17.163936 218.102633
17.18032 218.298038
17.196704 218.493444
17.213088 218.688850
17.229472 218.884256
17.245856 219.079662
17.26224 219.275068
17.278624 219.470474
17.286816 219.665879
17.3032 219.861285
17.319584 220.056691
17.335968 220.252097
17.352352 220.447503
17.368736 220.642909
17.38512 220.838315
17.401504 221.033720
17.417888 221.229126
17.434272 221.424532
17.450656 221.619938
17.46704 221.815344
17.483424 222.010750
17.499808 222.206156
17.516192 222.401561
17.532576 222.596967
17.54896 222.792373
17.565344 222.987779
17.581728 223.183185
17.598112 223.378591
17.614496 223.573996
17.622688 223.769402
17.639072 223.964808
17.655456 224.160214
17.67184 224.355620
17.688224 224.551026
17.704608 224.746432
17.720992 224.941837
17.737376 225.137243
17.75376 225.332649
17.770144 225.528055
17.786528 225.723461
17.802912 225.918867
17.819296 226.114273
17.83568 226.309678
17.852064 226.505084
17.868448 226.700490
17.884832 226.895896
17.901216 227.091302
17.9176 227.286708
17.933984 227.482114
17.950368 227.677519
17.95856 227.872925
17.974944 228.068331
17.991328 228.263737
18.007712 228.459143
18.024096 228.654549
18.04048 228.849954
18.056864 229.045360
18.073248 229.240766
18.089632 229.436172
18.106016 229.631578
18.1224 229.826984
18.138784 230.022390
18.155168 230.217795
18.171552 230.413201
18.187936 230.608607
18.20432 230.804013
18.220704 230.999419
18.237088 231.194825
18.253472 231.390231
18.269856 231.585636
18.28624 231.781042
18.294432 231.976448
18.310816 232.171854
18.3272 232.367260
18.343584 232.562666
18.359968 232.758072
18.376352 232.953477
18.392736 233.148883
18.40912 233.344289
18.425504 233.539695
18.441888 233.735101
18.458272 233.930507
18.474656 234.125912
18.49104 234.321318
18.507424 234.516724
18.523808 234.712130
18.540192 234.907536
18.556576 235.102942
18.57296 235.298348
18.589344 235.493753
18.605728 235.689159
18.622112 235.884565
18.638496 236.079971
18.646688 236.275377
18.663072 236.470783
18.679456 236.666189
18.69584 236.861594
18.712224 237.057000
18.728608 237.252406
18.744992 237.447812
18.761376 237.643218
18.77776 237.838624
18.794144 238.034030
18.810528 238.229435
18.826912 238.424841
18.843296 238.620247
18.85968 238.815653
18.876064 239.011059
18.892448 239.206465
18.908832 239.401871
18.925216 239.597276
18.9416 239.792682
18.957984 239.988088
18.974368 240.183494
18.98256 240.378900
18.998944 240.574306
19.015328 240.769711
19.031712 240.965117
19.048096 241.160523
19.06448 241.355929
19.080864 241.551335
19.097248 241.746741
19.113632 241.942147
19.130016 242.137552
19.1464 242.332958
19.162784 242.528364
19.179168 242.723770
19.195552 242.919176
19.211936 243.114582
19.22832 243.309988
19.244704 243.505393
19.261088 243.700799
19.277472 243.896205
19.293856 244.091611
19.31024 244.287017
19.318432 244.482423
19.334816 244.677829
19.3512 244.873234
19.367584 245.068640
19.383968 245.264046
19.400352 245.459452
19.416736 245.654858
19.43312 245.850264
19.449504 246.045669
19.465888 246.241075
19.482272 246.436481
19.498656 246.631887
19.51504 246.827293
19.531424 247.022699
19.547808 247.218105
19.564192 247.413510
19.580576 247.608916
19.59696 247.804322
19.613344 247.999728
19.629728 248.195134
19.646112 248.390540
19.662496 248.585946
19.670688 248.781351
19.687072 248.976757
19.703456 249.172163
19.71984 249.367569
19.736224 249.562975
19.752608 249.758381
19.768992 249.953787
19.785376 250.149192
19.80176 250.344598
19.818144 250.540004
19.834528 250.735410
19.850912 250.930816
19.867296 251.126222
19.88368 251.321627
19.900064 251.517033
19.916448 251.712439
19.932832 251.907845
19.949216 252.103251
19.9656 252.298657
19.981984 252.494063
19.998368 252.689468
20.00656 252.884874
20.022944 253.080280
20.039328 253.275686
20.055712 253.471092
20.072096 253.666498
20.08848 253.861904
20.104864 254.057309
20.121248 254.252715
20.137632 254.448121
20.154016 254.643527
20.1704 254.838933
20.186784 255.034339
20.203168 255.229745
20.219552 255.425150
20.235936 255.620556
20.25232 255.815962
20.268704 256.011368
20.285088 256.206774
20.301472 256.402180
20.317856 256.597585
20.33424 256.792991
20.342432 256.988397
20.358816 257.183803
20.3752 257.379209
20.391584 257.574615
20.407968 257.770021
20.424352 257.965426
20.440736 258.160832
20.45712 258.356238
20.473504 258.551644
20.489888 258.747050
20.506272 258.942456
20.522656 259.137862
20.53904 259.333267
20.555424 259.528673
20.571808 259.724079
20.588192 259.919485
20.604576 260.114891
20.62096 260.310297
20.637344 260.505703
20.653728 260.701108
20.670112 260.896514
20.686496 261.091920
20.694688 261.287326
20.711072 261.482732
20.727456 261.678138
20.74384 261.873543
20.760224 262.068949
20.776608 262.264355
20.792992 262.459761
20.809376 262.655167
20.82576 262.850573
20.842144 263.045979
20.858528 263.241384
20.874912 263.436790
20.891296 263.632196
20.90768 263.827602
20.924064 264.023008
20.940448 264.218414
20.956832 264.413820
20.973216 264.609225
20.9896 264.804631
21.005984 265.000037
21.022368 265.195443
21.03056 265.390849
21.046944 265.586255
21.063328 265.781661
21.079712 265.977066
21.096096 266.172472
21.11248 266.367878
21.128864 266.563284
21.145248 266.758690
21.161632 266.954096
21.178016 267.149502
21.1944 267.344907
21.210784 267.540313
21.227168 267.735719
21.243552 267.931125
21.259936 268.126531
21.27632 268.321937
21.292704 268.517342
21.309088 268.712748
21.325472 268.908154
21.341856 269.103560
21.35824 269.298966
21.366432 269.494372
21.382816 269.689778
21.3992 269.885183
21.415584 270.080589
21.431968 270.275995
21.448352 270.471401
21.464736 270.666807
21.48112 270.862213
21.497504 271.057619
21.513888 271.253024
21.530272 271.448430
21.546656 271.643836
21.56304 271.839242
21.579424 272.034648
21.595808 272.230054
21.612192 272.425460
21.628576 272.620865
21.64496 272.816271
21.661344 273.011677
21.677728 273.207083
21.694112 273.402489
21.710496 273.597895
21.718688 273.793300
21.735072 273.988706
21.751456 274.184112
21.76784 274.379518
21.784224 274.574924
21.800608 274.770330
21.816992 274.965736
21.833376 275.161141
21.84976 275.356547
21.866144 275.551953
21.882528 275.747359
21.898912 275.942765
21.915296 276.138171
21.93168 276.333577
21.948064 276.528982
21.964448 276.724388
21.980832 276.919794
21.997216 277.115200
22.0136 277.310606
22.029984 277.506012
22.046368 277.701418
22.05456 277.896823
22.070944 278.092229
22.087328 278.287635
22.103712 278.483041
22.120096 278.678447
22.13648 278.873853
22.152864 279.069258
22.169248 279.264664
22.185632 279.460070
22.202016 279.655476
22.2184 279.850882
22.234784 280.046288
22.251168 280.241694
22.267552 280.437099
22.283936 280.632505
22.30032 280.827911
22.316704 281.023317
22.333088 281.218723
22.349472 281.414129
22.365856 281.609535
22.38224 281.804940
22.390432 282.000346
22.406816 282.195752
22.4232 282.391158
22.439584 282.586564
22.455968 282.781970
22.472352 282.977376
22.488736 283.172781
22.50512 283.368187
22.521504 283.563593
22.537888 283.758999
22.554272 283.954405
22.570656 284.149811
22.58704 284.345216
22.603424 284.540622
22.619808 284.736028
22.636192 284.931434
22.652576 285.126840
22.66896 285.322246
22.685344 285.517652
22.701728 285.713057
22.718112 285.908463
22.734496 286.103869
22.742688 286.299275
22.759072 286.494681
22.775456 286.690087
22.79184 286.885493
22.808224 287.080898
22.824608 287.276304
22.840992 287.471710
22.857376 287.667116
22.87376 287.862522
22.890144 288.057928
22.906528 288.253334
22.922912 288.448739
22.939296 288.644145
22.95568 288.839551
22.972064 289.034957
22.988448 289.230363
23.004832 289.425769
23.021216 289.621174
23.0376 289.816580
23.053984 290.011986
23.070368 290.207392
23.07856 290.402798
23.094944 290.598204
23.111328 290.793610
23.127712 290.989015
23.144096 291.184421
23.16048 291.379827
23.176864 291.575233
23.193248 291.770639
23.209632 291.966045
23.226016 292.161451
23.2424 292.356856
23.258784 292.552262
23.275168 292.747668
23.291552 292.943074
23.307936 293.138480
23.32432 293.333886
23.340704 293.529292
23.357088 293.724697
23.373472 293.920103
23.389856 294.115509
23.40624 294.310915
23.414432 294.506321
23.430816 294.701727
23.4472 294.897132
23.463584 295.092538
23.479968 295.287944
23.496352 295.483350
23.512736 295.678756
23.52912 295.874162
23.545504 296.069568
23.561888 296.264973
23.578272 296.460379
23.594656 296.655785
23.61104 296.851191
23.627424 297.046597
23.643808 297.242003
23.660192 297.437409
23.676576 297.632814
23.69296 297.828220
23.709344 298.023626
23.725728 298.219032
23.742112 298.414438
23.758496 298.609844
23.766688 298.805250
23.783072 299.000655
23.799456 299.196061
23.81584 299.391467
23.832224 299.586873
23.848608 299.782279
23.864992 299.977685
23.881376 300.173091
23.89776 300.368496
23.914144 300.563902
23.930528 300.759308
23.946912 300.954714
23.963296 301.150120
23.97968 301.345526
23.996064 301.540931
24.012448 301.736337
24.028832 301.931743
24.045216 302.127149
24.0616 302.322555
24.077984 302.517961
24.094368 302.713367
24.10256 302.908772
24.118944 303.104178
24.135328 303.299584
24.151712 303.494990
24.168096 303.690396
24.18448 303.885802
24.200864 304.081208
24.217248 304.276613
24.233632 304.472019
24.250016 304.667425
24.2664 304.862831
24.282784 305.058237
24.299168 305.253643
24.315552 305.449049
24.331936 305.644454
24.34832 305.839860
24.364704 306.035266
24.381088 306.230672
24.397472 306.426078
24.413856 306.621484
24.43024 306.816889
24.438432 307.012295
24.454816 307.207701
24.4712 307.403107
24.487584 307.598513
24.503968 307.793919
24.520352 307.989325
24.536736 308.184730
24.55312 308.380136
24.569504 308.575542
24.585888 308.770948
24.602272 308.966354
24.618656 309.161760
24.63504 309.357166
24.651424 309.552571
24.667808 309.747977
24.684192 309.943383
24.700576 310.138789
24.71696 310.334195
24.733344 310.529601
24.749728 310.725007
24.766112 310.920412
24.782496 311.115818
24.790688 311.311224
24.807072 311.506630
24.823456 311.702036
24.83984 311.897442
24.856224 312.092847
24.872608 312.288253
24.888992 312.483659
24.905376 312.679065
24.92176 312.874471
24.938144 313.069877
24.954528 313.265283
24.970912 313.460688
24.987296 313.656094
25.00368 313.851500
25.020064 314.046906
25.036448 314.242312
25.052832 314.437718
25.069216 314.633124
25.0856 314.828529
25.101984 315.023935
25.118368 315.219341
25.12656 315.414747
25.142944 315.610153
25.159328 315.805559
25.175712 316.000965
25.192096 316.196370
25.20848 316.391776
25.224864 316.587182
25.241248 316.782588
25.257632 316.977994
25.274016 317.173400
25.2904 317.368805
25.306784 317.564211
25.323168 317.759617
25.339552 317.955023
25.355936 318.150429
25.37232 318.345835
25.388704 318.541241
25.405088 318.736646
25.421472 318.932052
25.437856 319.127458
25.45424 319.322864
25.462432 319.518270
25.478816 319.713676
25.4952 319.909082
25.511584 320.104487
25.527968 320.299893
25.544352 320.495299
25.560736 320.690705
25.57712 320.886111
25.593504 321.081517
25.609888 321.276923
25.626272 321.472328
25.642656 321.667734
25.65904 321.863140
25.675424 322.058546
25.691808 322.253952
25.708192 322.449358
25.724576 322.644763
25.74096 322.840169
25.757344 323.035575
25.773728 323.230981
25.790112 323.426387
25.806496 323.621793
25.814688 323.817199
25.831072 324.012604
25.847456 324.208010
25.86384 324.403416
25.880224 324.598822
25.896608 324.794228
25.912992 324.989634
25.929376 325.185040
25.94576 325.380445
25.962144 325.575851
25.978528 325.771257
25.994912 325.966663
26.011296 326.162069
26.02768 326.357475
26.044064 326.552881
26.060448 326.748286
26.076832 326.943692
26.093216 327.139098
26.1096 327.334504
26.125984 327.529910
26.142368 327.725316
26.15056 327.920722
26.166944 328.116127
26.183328 328.311533
26.199712 328.506939
26.216096 328.702345
26.23248 328.897751
26.248864 329.093157
26.265248 329.288562
26.281632 329.483968
26.298016 329.679374
26.3144 329.874780
26.330784 330.070186
26.347168 330.265592
26.363552 330.460998
26.379936 330.656403
26.39632 330.851809
26.412704 331.047215
26.429088 331.242621
26.445472 331.438027
26.461856 331.633433
26.47824 331.828839
26.486432 332.024244
26.502816 332.219650
26.5192 332.415056
26.535584 332.610462
26.551968 332.805868
26.568352 333.001274
26.584736 333.196680
26.60112 333.392085
26.617504 333.587491
26.633888 333.782897
26.650272 333.978303
26.666656 334.173709
26.68304 334.369115
26.699424 334.564520
26.715808 334.759926
26.732192 334.955332
26.748576 335.150738
26.76496 335.346144
26.781344 335.541550
26.797728 335.736956
26.814112 335.932361
26.830496 336.127767
26.838688 336.323173
26.855072 336.518579
26.871456 336.713985
26.88784 336.909391
26.904224 337.104797
26.920608 337.300202
26.936992 337.495608
26.953376 337.691014
26.96976 337.886420
26.986144 338.081826
27.002528 338.277232
27.018912 338.472638
27.035296 338.668043
27.05168 338.863449
27.068064 339.058855
27.084448 339.254261
27.100832 339.449667
27.117216 339.645073
27.1336 339.840478
27.149984 340.035884
27.166368 340.231290
27.17456 340.426696
27.190944 340.622102
27.207328 340.817508
27.223712 341.012914
27.240096 341.208319
27.25648 341.403725
27.272864 341.599131
27.289248 341.794537
27.305632 341.989943
27.322016 342.185349
27.3384 342.380755
27.354784 342.576160
27.371168 342.771566
27.387552 342.966972
27.403936 343.162378
27.42032 343.357784
27.436704 343.553190
27.453088 343.748596
27.469472 343.944001
27.485856 344.139407
27.50224 344.334813
27.510432 344.530219
27.526816 344.725625
27.5432 344.921031
27.559584 345.116436
27.575968 345.311842
27.592352 345.507248
27.608736 345.702654
27.62512 345.898060
27.641504 346.093466
27.657888 346.288872
27.674272 346.484277
27.690656 346.679683
27.70704 346.875089
27.723424 347.070495
27.739808 347.265901
27.756192 347.461307
27.772576 347.656713
27.78896 347.852118
27.805344 348.047524
27.821728 348.242930
27.838112 348.438336
27.854496 348.633742
27.862688 348.829148
27.879072 349.024554
27.895456 349.219959
27.91184 349.415365
27.928224 349.610771
27.944608 349.806177
27.960992 350.001583
27.977376 350.196989
27.99376 350.392394
28.010144 350.587800
28.026528 350.783206
28.042912 350.978612
28.059296 351.174018
28.07568 351.369424
28.092064 351.564830
28.108448 351.760235
28.124832 351.955641
28.141216 352.151047
28.1576 352.346453
28.173984 352.541859
28.190368 352.737265
28.19856 352.932671
28.214944 353.128076
28.231328 353.323482
28.247712 353.518888
28.264096 353.714294
28.28048 353.909700
28.296864 354.105106
28.313248 354.300512
28.329632 354.495917
28.346016 354.691323
28.3624 354.886729
28.378784 355.082135
28.395168 355.277541
28.411552 355.472947
28.427936 355.668352
28.44432 355.863758
28.460704 356.059164
28.477088 356.254570
28.493472 356.449976
28.509856 356.645382
28.52624 356.840788
28.534432 357.036193
28.550816 357.231599
28.5672 357.427005
28.583584 357.622411
28.599968 357.817817
28.616352 358.013223
28.632736 358.208629
28.64912 358.404034
28.665504 358.599440
28.681888 358.794846
28.698272 358.990252
28.714656 359.185658
28.73104 359.381064
28.747424 359.576470
28.763808 359.771875
28.780192 359.967281
28.796576 360.162687
28.81296 360.358093
28.829344 360.553499
28.845728 360.748905
28.862112 360.944311
28.878496 361.139716
28.886688 361.335122
28.903072 361.530528
28.919456 361.725934
28.93584 361.921340
28.952224 362.116746
28.968608 362.312151
28.984992 362.507557
29.001376 362.702963
29.01776 362.898369
29.034144 363.093775
29.050528 363.289181
29.066912 363.484587
29.083296 363.679992
29.09968 363.875398
29.116064 364.070804
29.132448 364.266210
29.148832 364.461616
29.165216 364.657022
29.1816 364.852428
29.197984 365.047833
29.214368 365.243239
29.22256 365.438645
29.238944 365.634051
29.255328 365.829457
29.271712 366.024863
29.288096 366.220269
29.30448 366.415674
29.320864 366.611080
29.337248 366.806486
29.353632 367.001892
29.370016 367.197298
29.3864 367.392704
29.402784 367.588109
29.419168 367.783515
29.435552 367.978921
29.451936 368.174327
29.46832 368.369733
29.484704 368.565139
29.501088 368.760545
29.517472 368.955950
29.533856 369.151356
29.55024 369.346762
29.558432 369.542168
29.574816 369.737574
29.5912 369.932980
29.607584 370.128386
29.623968 370.323791
29.640352 370.519197
29.656736 370.714603
29.67312 370.910009
29.689504 371.105415
29.705888 371.300821
29.722272 371.496227
29.738656 371.691632
29.75504 371.887038
29.771424 372.082444
29.787808 372.277850
29.804192 372.473256
29.820576 372.668662
29.83696 372.864067
29.853344 373.059473
29.869728 373.254879
29.886112 373.450285
29.902496 373.645691
29.910688 373.841097
29.927072 374.036503
29.943456 374.231908
29.95984 374.427314
29.976224 374.622720
29.992608 374.818126
30.008992 375.013532
30.025376 375.208938
30.04176 375.404344
30.058144 375.599749
30.074528 375.795155
30.090912 375.990561
30.107296 376.185967
30.12368 376.381373
30.140064 376.576779
30.156448 376.772185
30.172832 376.967590
30.189216 377.162996
30.2056 377.358402
30.221984 377.553808
30.238368 377.749214
30.24656 377.944620
30.262944 378.140025
30.279328 378.335431
30.295712 378.530837
30.312096 378.726243
30.32848 378.921649
30.344864 379.117055
30.361248 379.312461
30.377632 379.507866
30.394016 379.703272
30.4104 379.898678
30.426784 380.094084
30.443168 380.289490
30.459552 380.484896
30.475936 380.680302
30.49232 380.875707
30.508704 381.071113
30.525088 381.266519
30.541472 381.461925
30.557856 381.657331
30.57424 381.852737
30.582432 382.048143
30.598816 382.243548
30.6152 382.438954
30.631584 382.634360
30.647968 382.829766
30.664352 383.025172
30.680736 383.220578
30.69712 383.415983
30.713504 383.611389
30.729888 383.806795
30.746272 384.002201
30.762656 384.197607
30.77904 384.393013
30.795424 384.588419
30.811808 384.783824
30.828192 384.979230
30.844576 385.174636
30.86096 385.370042
30.877344 385.565448
30.893728 385.760854
30.910112 385.956260
30.926496 386.151665
30.934688 386.347071
30.951072 386.542477
30.967456 386.737883
30.98384 386.933289
31.000224 387.128695
31.016608 387.324101
31.032992 387.519506
31.049376 387.714912
31.06576 387.910318
31.082144 388.105724
31.098528 388.301130
31.114912 388.496536
31.131296 388.691942
31.14768 388.887347
31.164064 389.082753
31.180448 389.278159
31.196832 389.473565
31.213216 389.668971
31.2296 389.864377
31.245984 390.059782
31.262368 390.255188
31.27056 390.450594
31.286944 390.646000
31.303328 390.841406
31.319712 391.036812
31.336096 391.232218
31.35248 391.427623
31.368864 391.623029
31.385248 391.818435
31.401632 392.013841
31.418016 392.209247
31.4344 392.404653
31.450784 392.600059
31.467168 392.795464
31.483552 392.990870
31.499936 393.186276
31.51632 393.381682
31.532704 393.577088
31.549088 393.772494
31.565472 393.967900
31.581856 394.163305
31.59824 394.358711
31.606432 394.554117
31.622816 394.749523
31.6392 394.944929
31.655584 395.140335
31.671968 395.335740
31.688352 395.531146
31.704736 395.726552
31.72112 395.921958
31.737504 396.117364
31.753888 396.312770
31.770272 396.508176
31.786656 396.703581
31.80304 396.898987
31.819424 397.094393
31.835808 397.289799
31.852192 397.485205
31.868576 397.680611
31.88496 397.876017
31.901344 398.071422
31.917728 398.266828
31.934112 398.462234
31.950496 398.657640
31.958688 398.853046
31.975072 399.048452
31.991456 399.243858
32.00784 399.439263
32.024224 399.634669
32.040608 399.830075
32.056992 400.025481
32.073376 400.220887
32.08976 400.416293
32.106144 400.611698
32.122528 400.807104
32.138912 401.002510
32.155296 401.197916
32.17168 401.393322
32.188064 401.588728
32.204448 401.784134
32.220832 401.979539
32.237216 402.174945
32.2536 402.370351
32.269984 402.565757
32.286368 402.761163
32.29456 402.956569
32.310944 403.151975
32.327328 403.347380
32.343712 403.542786
32.360096 403.738192
32.37648 403.933598
32.392864 404.129004
32.409248 404.324410
32.425632 404.519816
32.442016 404.715221
32.4584 404.910627
32.474784 405.106033
32.491168 405.301439
32.507552 405.496845
32.523936 405.692251
32.54032 405.887656
32.556704 406.083062
32.573088 406.278468
32.589472 406.473874
32.605856 406.669280
32.62224 406.864686
32.630432 407.060092
32.646816 407.255497
32.6632 407.450903
32.679584 407.646309
32.695968 407.841715
32.712352 408.037121
32.728736 408.232527
32.74512 408.427933
32.761504 408.623338
32.777888 408.818744
32.794272 409.014150
32.810656 409.209556
32.82704 409.404962
32.843424 409.600368
32.859808 409.795774
32.876192 409.991179
32.892576 410.186585
32.90896 410.381991
32.925344 410.577397
32.941728 410.772803
32.958112 410.968209
32.974496 411.163614
32.982688 411.359020
32.999072 411.554426
33.015456 411.749832
33.03184 411.945238
33.048224 412.140644
33.064608 412.336050
33.080992 412.531455
33.097376 412.726861
33.11376 412.922267
33.130144 413.117673
33.146528 413.313079
33.162912 413.508485
33.179296 413.703891
33.19568 413.899296
33.212064 414.094702
33.228448 414.290108
33.244832 414.485514
33.261216 414.680920
33.2776 414.876326
33.293984 415.071732
33.310368 415.267137
33.31856 415.462543
33.334944 415.657949
33.351328 415.853355
33.367712 416.048761
33.384096 416.244167
33.40048 416.439572
33.416864 416.634978
33.433248 416.830384
33.449632 417.025790
33.466016 417.221196
33.4824 417.416602
33.498784 417.612008
33.515168 417.807413
33.531552 418.002819
33.547936 418.198225
33.56432 418.393631
33.580704 418.589037
33.597088 418.784443
33.613472 418.979849
33.629856 419.175254
33.64624 419.370660
33.654432 419.566066
33.670816 419.761472
33.6872 419.956878
33.703584 420.152284
33.719968 420.347690
33.736352 420.543095
33.752736 420.738501
33.76912 420.933907
33.785504 421.129313
33.801888 421.324719
33.818272 421.520125
33.834656 421.715531
33.85104 421.910936
33.867424 422.106342
33.883808 422.301748
33.900192 422.497154
33.916576 422.692560
33.93296 422.887966
33.949344 423.083371
33.965728 423.278777
33.982112 423.474183
33.998496 423.669589
34.006688 423.864995
34.023072 424.060401
34.039456 424.255807
34.05584 424.451212
34.072224 424.646618
34.088608 424.842024
34.104992 425.037430
34.121376 425.232836
34.13776 425.428242
34.154144 425.623648
34.170528 425.819053
34.186912 426.014459
34.203296 426.209865
34.21968 426.405271
34.236064 426.600677
34.252448 426.796083
34.268832 426.991489
34.285216 427.186894
34.3016 427.382300
34.317984 427.577706
34.334368 427.773112
34.34256 427.968518
34.358944 428.163924
34.375328 428.359329
34.391712 428.554735
34.408096 428.750141
34.42448 428.945547
34.440864 429.140953
34.457248 429.336359
34.473632 429.531765
34.490016 429.727170
34.5064 429.922576
34.522784 430.117982
34.539168 430.313388
34.555552 430.508794
34.571936 430.704200
34.58832 430.899606
34.604704 431.095011
34.621088 431.290417
34.637472 431.485823
34.653856 431.681229
34.67024 431.876635
34.678432 432.072041
34.694816 432.267447
34.7112 432.462852
34.727584 432.658258
34.743968 432.853664
34.760352 433.049070
34.776736 433.244476
34.79312 433.439882
34.809504 433.635287
34.825888 433.830693
34.842272 434.026099
34.858656 434.221505
34.87504 434.416911
34.891424 434.612317
34.907808 434.807723
34.924192 435.003128
34.940576 435.198534
34.95696 435.393940
34.973344 435.589346
34.989728 435.784752
35.006112 435.980158
35.022496 436.175564
35.030688 436.370969
35.047072 436.566375
35.063456 436.761781
35.07984 436.957187
35.096224 437.152593
35.112608 437.347999
35.128992 437.543405
35.145376 437.738810
35.16176 437.934216
35.178144 438.129622
35.194528 438.325028
35.210912 438.520434
35.227296 438.715840
35.24368 438.911245
35.260064 439.106651
35.276448 439.302057
35.292832 439.497463
35.309216 439.692869
35.3256 439.888275
35.341984 440.083681
35.358368 440.279086
35.36656 440.474492
35.382944 440.669898
35.399328 440.865304
35.415712 441.060710
35.432096 441.256116
35.44848 441.451522
35.464864 441.646927
35.481248 441.842333
35.497632 442.037739
35.514016 442.233145
35.5304 442.428551
35.546784 442.623957
35.563168 442.819363
35.579552 443.014768
35.595936 443.210174
35.61232 443.405580
35.628704 443.600986
35.645088 443.796392
35.661472 443.991798
35.677856 444.187203
35.69424 444.382609
35.702432 444.578015
35.718816 444.773421
35.7352 444.968827
35.751584 445.164233
35.767968 445.359639
35.784352 445.555044
35.800736 445.750450
35.81712 445.945856
35.833504 446.141262
35.849888 446.336668
35.866272 446.532074
35.882656 446.727480
35.89904 446.922885
35.915424 447.118291
35.931808 447.313697
35.948192 447.509103
35.964576 447.704509
35.98096 447.899915
35.997344 448.095321
36.013728 448.290726
36.030112 448.486132
36.046496 448.681538
36.054688 448.876944
36.071072 449.072350
36.087456 449.267756
36.10384 449.463162
36.120224 449.658567
36.136608 449.853973
36.152992 450.049379
36.169376 450.244785
36.18576 450.440191
36.202144 450.635597
36.218528 450.831002
36.234912 451.026408
36.251296 451.221814
36.26768 451.417220
36.284064 451.612626
36.300448 451.808032
36.316832 452.003438
36.333216 452.198843
36.3496 452.394249
36.365984 452.589655
36.382368 452.785061
36.39056 452.980467
36.406944 453.175873
36.423328 453.371279
36.439712 453.566684
36.456096 453.762090
36.47248 453.957496
36.488864 454.152902
36.505248 454.348308
36.521632 454.543714
36.538016 454.739120
36.5544 454.934525
36.570784 455.129931
36.587168 455.325337
36.603552 455.520743
36.619936 455.716149
36.63632 455.911555
36.652704 456.106960
36.669088 456.302366
36.685472 456.497772
36.701856 456.693178
36.71824 456.888584
36.726432 457.083990
36.742816 457.279396
36.7592 457.474801
36.775584 457.670207
36.791968 457.865613
36.808352 458.061019
36.824736 458.256425
36.84112 458.451831
36.857504 458.647237
36.873888 458.842642
36.890272 459.038048
36.906656 459.233454
36.92304 459.428860
36.939424 459.624266
36.955808 459.819672
36.972192 460.015078
36.988576 460.210483
37.00496 460.405889
37.021344 460.601295
37.037728 460.796701
37.054112 460.992107
37.070496 461.187513
37.078688 461.382918
37.095072 461.578324
37.111456 461.773730
37.12784 461.969136
37.144224 462.164542
37.160608 462.359948
37.176992 462.555354
37.193376 462.750759
37.20976 462.946165
37.226144 463.141571
37.242528 463.336977
37.258912 463.532383
37.275296 463.727789
37.29168 463.923195
37.308064 464.118600
37.324448 464.314006
37.340832 464.509412
37.357216 464.704818
37.3736 464.900224
37.389984 465.095630
37.406368 465.291036
37.41456 465.486441
37.430944 465.681847
37.447328 465.877253
37.463712 466.072659
37.480096 466.268065
37.49648 466.463471
37.512864 466.658876
37.529248 466.854282
37.545632 467.049688
37.562016 467.245094
37.5784 467.440500
37.594784 467.635906
37.611168 467.831312
37.627552 468.026717
37.643936 468.222123
37.66032 468.417529
37.676704 468.612935
37.693088 468.808341
37.709472 469.003747
37.725856 469.199153
37.74224 469.394558
37.750432 469.589964
37.766816 469.785370
37.7832 469.980776
37.799584 470.176182
37.815968 470.371588
37.832352 470.566994
37.848736 470.762399
37.86512 470.957805
37.881504 471.153211
37.897888 471.348617
37.914272 471.544023
37.930656 471.739429
37.94704 471.934834
37.963424 472.130240
37.979808 472.325646
37.996192 472.521052
38.012576 472.716458
38.02896 472.911864
38.045344 473.107270
38.061728 473.302675
38.078112 473.498081
38.094496 473.693487
38.102688 473.888893
38.119072 474.084299
38.135456 474.279705
38.15184 474.475111
38.168224 474.670516
38.184608 474.865922
38.200992 475.061328
38.217376 475.256734
38.23376 475.452140
38.250144 475.647546
38.266528 475.842952
38.282912 476.038357
38.299296 476.233763
38.31568 476.429169
38.332064 476.624575
38.348448 476.819981
38.364832 477.015387
38.381216 477.210792
38.3976 477.406198
38.413984 477.601604
38.430368 477.797010
38.43856 477.992416
38.454944 478.187822
38.471328 478.383228
38.487712 478.578633
38.504096 478.774039
38.52048 478.969445
38.536864 479.164851
38.553248 479.360257
38.569632 479.555663
38.586016 479.751069
38.6024 479.946474
38.618784 480.141880
38.635168 480.337286
38.651552 480.532692
38.667936 480.728098
38.68432 480.923504
38.700704 481.118910
38.717088 481.314315
38.733472 481.509721
38.749856 481.705127
38.76624 481.900533
38.774432 482.095939
38.790816 482.291345
38.8072 482.486751
38.823584 482.682156
38.839968 482.877562
38.856352 483.072968
38.872736 483.268374
38.88912 483.463780
38.905504 483.659186
38.921888 483.854591
38.938272 484.049997
38.954656 484.245403
38.97104 484.440809
38.987424 484.636215
39.003808 484.831621
39.020192 485.027027
39.036576 485.222432
39.05296 485.417838
39.069344 485.613244
39.085728 485.808650
39.102112 486.004056
39.118496 486.199462
39.126688 486.394868
39.143072 486.590273
39.159456 486.785679
39.17584 486.981085
39.192224 487.176491
39.208608 487.371897
39.224992 487.567303
39.241376 487.762709
39.25776 487.958114
39.274144 488.153520
39.290528 488.348926
39.306912 488.544332
39.323296 488.739738
39.33968 488.935144
39.356064 489.130549
39.372448 489.325955
39.388832 489.521361
39.405216 489.716767
39.4216 489.912173
39.437984 490.107579
39.454368 490.302985
39.46256 490.498390
39.478944 490.693796
39.495328 490.889202
39.511712 491.084608
39.528096 491.280014
39.54448 491.475420
39.560864 491.670826
39.577248 491.866231
39.593632 492.061637
39.610016 492.257043
39.6264 492.452449
39.642784 492.647855
39.659168 492.843261
39.675552 493.038667
39.691936 493.234072
39.70832 493.429478
39.724704 493.624884
39.741088 493.820290
39.757472 494.015696
39.773856 494.211102
39.79024 494.406507
39.798432 494.601913
39.814816 494.797319
39.8312 494.992725
39.847584 495.188131
39.863968 495.383537
39.880352 495.578943
39.896736 495.774348
39.91312 495.969754
39.929504 496.165160
39.945888 496.360566
39.962272 496.555972
39.978656 496.751378
39.99504 496.946784
