0.1 0.007832
0.2032 0.015664
0.3064 0.125504
0.3064 0.235345
0.45128 0.243177
0.49616 0.251008
0.55448 0.360849
0.55448 0.470690
0.59936 0.580530
0.59936 0.698203
0.69936 0.588362
0.74424 0.706034
0.78912 0.713866
0.80256 0.831539
0.80256 0.941379
0.834 0.721698
0.84744 1.051220
0.84744 1.168892
0.89232 1.286565
0.89232 1.404237
0.9372 1.521909
0.9372 1.639582
0.94744 1.059052
0.99232 1.176724
1.0372 1.294396
1.05064 1.757254
1.05064 1.874927
1.08208 1.412069
1.09552 1.992599
1.09552 2.110271
1.12696 1.529741
1.1404 2.227944
1.1404 2.345616
1.17184 1.647414
1.18528 2.463289
1.18528 2.580961
1.21672 1.765086
1.23016 2.698633
1.23016 2.816306
1.2616 1.882758
1.27504 2.933978
1.27504 3.051651
1.30648 2.000431
1.31992 3.169323
1.31992 3.286995
1.35136 2.118103
1.3648 3.404668
1.3648 3.522340
1.39624 2.235776
1.40968 3.640013
1.40968 3.757685
1.44112 2.353448
1.45456 3.875357
1.45456 3.993030
1.486 2.471120
1.49944 4.110702
1.49944 4.228375
1.53088 2.588793
1.54432 4.346047
1.54432 4.463719
1.57576 2.706465
1.5892 4.581392
1.62064 2.824138
1.63408 4.699064
1.66552 2.941810
1.67896 4.816736
1.7104 3.059482
1.72384 4.934409
1.75528 3.177155
1.76872 5.052081
1.80016 3.294827
1.8136 5.169754
1.84504 3.412500
1.85848 5.287426
1.88992 3.530172
1.90336 5.405098
1.9348 3.647844
1.94824 5.522771
1.97968 3.765517
1.99312 5.640443
2.02456 3.883189
2.038 5.758116
2.06944 4.000861
2.08288 5.875788
2.11432 4.118534
2.12776 5.993460
2.1592 4.236206
2.17264 6.111133
2.20408 4.353879
2.21752 6.228805
2.24896 4.471551
2.2624 6.346478
2.29384 4.589223
2.30728 6.464150
2.33872 4.706896
2.35216 6.581822
2.3836 4.824568
2.39704 6.699495
2.42848 4.942241
2.44192 6.817167
2.47336 5.059913
2.4868 6.934840
2.51824 5.177585
2.53168 7.052512
2.56312 5.295258
2.57656 7.170184
2.608 5.412930
2.62144 7.287857
2.65288 5.530603
2.66632 7.405529
2.69776 5.648275
2.7112 7.523202
2.74264 5.765947
2.75608 7.640874
2.78752 5.883620
2.80096 7.758546
2.8324 6.001292
2.84584 7.876219
2.87728 6.118965
2.89072 7.993891
2.92216 6.236637
2.9356 8.111564
2.96704 6.354309
2.98048 8.229236
3.01192 6.471982
3.02536 8.346908
3.0568 6.589654
3.07024 8.464581
3.10168 6.707327
3.11512 8.582253
3.14656 6.824999
3.16 8.699926
3.19144 6.942671
3.20488 8.817598
3.23632 7.060344
3.24976 8.935270
3.2812 7.178016
3.29464 9.052943
3.32608 7.295689
3.33952 9.170615
3.37096 7.413361
3.3844 9.288288
3.41584 7.531033
3.42928 9.405960
3.46072 7.648706
3.47416 9.523632
3.5056 7.766378
3.51904 9.641305
3.55048 7.884051
3.56392 9.758977
3.59536 8.001723
3.6088 9.876650
3.64024 8.119395
3.65368 9.994322
3.68512 8.237068
3.69856 10.111994
3.73 8.354740
3.74344 10.229667
3.77488 8.472413
3.78832 10.347339
3.81976 8.590085
3.8332 10.465012
3.86464 8.707757
3.87808 10.582684
3.90952 8.825430
3.92296 10.700356
3.9544 8.943102
3.96784 10.818029
3.99928 9.060775
4.01272 10.935701
4.04416 9.178447
4.0576 11.053374
4.08904 9.296119
4.10248 11.171046
4.13392 9.413792
4.14736 11.288718
4.1788 9.531464
4.19224 11.406391
4.22368 9.649137
4.23712 11.524063
4.26856 9.766809
4.282 11.641736
4.31344 9.884481
4.32688 11.759408
4.35832 10.002154
4.37176 11.877080
4.4032 10.119826
4.41664 11.994753
4.44808 10.237499
4.46152 12.112425
4.49296 10.355171
4.5064 12.230098
4.53784 10.472843
4.55128 12.347770
4.58272 10.590516
4.59616 12.465442
4.6276 10.708188
4.64104 12.583115
4.67248 10.825861
4.68592 12.700787
4.71736 10.943533
4.7308 12.818459
4.76224 11.061205
4.77568 12.936132
4.80712 11.178878
4.82056 13.053804
4.852 11.296550
4.86544 13.171477
4.89688 11.414223
4.91032 13.289149
4.94176 11.531895
4.9552 13.406821
4.98664 11.649567
5.00008 13.524494
5.03152 11.767240
5.04496 13.642166
5.0764 11.884912
5.08984 13.759839
5.12128 12.002584
5.13472 13.877511
5.16616 12.120257
5.1796 13.995183
5.21104 12.237929
5.22448 14.112856
5.25592 12.355602
5.26936 14.230528
5.3008 12.473274
5.31424 14.348201
5.34568 12.590946
5.35912 14.465873
5.39056 12.708619
5.404 14.583545
5.43544 12.826291
5.44888 14.701218
5.48032 12.943964
5.49376 14.818890
5.5252 13.061636
5.53864 14.936563
5.57008 13.179308
5.58352 15.054235
5.61496 13.296981
5.6284 15.171907
5.65984 13.414653
5.67328 15.289580
5.70472 13.532326
5.71816 15.407252
5.7496 13.649998
5.76304 15.524925
5.79448 13.767670
5.80792 15.642597
5.83936 13.885343
5.8528 15.760269
5.88424 14.003015
5.89768 15.877942
5.92912 14.120688
5.94256 15.995614
5.974 14.238360
5.98744 16.113287
6.01888 14.356032
6.03232 16.230959
6.06376 14.473705
6.0772 16.348631
6.10864 14.591377
6.12208 16.466304
6.15352 14.709050
6.16696 16.583976
6.1984 14.826722
6.21184 16.701649
6.24328 14.944394
6.25672 16.819321
6.28816 15.062067
6.3016 16.936993
6.33304 15.179739
6.34648 17.054666
6.37792 15.297412
6.39136 17.172338
6.4228 15.415084
6.43624 17.290011
6.46768 15.532756
6.48112 17.407683
6.51256 15.650429
6.526 17.525355
6.55744 15.768101
6.57088 17.643028
6.60232 15.885774
6.61576 17.760700
6.6472 16.003446
6.66064 17.878373
6.69208 16.121118
6.70552 17.996045
6.73696 16.238791
6.7504 18.113717
6.78184 16.356463
6.79528 18.231390
6.82672 16.474136
6.84016 18.349062
6.8716 16.591808
6.88504 18.466735
6.91648 16.709480
6.92992 18.584407
6.96136 16.827153
6.9748 18.702079
7.00624 16.944825
7.01968 18.819752
7.05112 17.062498
7.06456 18.937424
7.096 17.180170
7.10944 19.055097
7.14088 17.297842
7.15432 19.172769
7.18576 17.415515
7.1992 19.290441
7.23064 17.533187
7.24408 19.408114
7.27552 17.650860
7.28896 19.525786
7.3204 17.768532
7.33384 19.643459
7.36528 17.886204
7.37872 19.761131
7.41016 18.003877
7.4236 19.878803
7.45504 18.121549
7.46848 19.996476
7.49992 18.239222
7.51336 20.114148
7.5448 18.356894
7.55824 20.231820
7.58968 18.474566
7.60312 20.349493
7.63456 18.592239
7.648 20.467165
7.67944 18.709911
7.69288 20.584838
7.72432 18.827584
7.73776 20.702510
7.7692 18.945256
7.78264 20.820182
7.81408 19.062928
7.82752 20.937855
7.85896 19.180601
7.8724 21.055527
7.90384 19.298273
7.91728 21.173200
7.94872 19.415945
7.96216 21.290872
7.9936 19.533618
8.00704 21.408544
8.03848 19.651290
8.05192 21.526217
8.08336 19.768963
8.0968 21.643889
8.12824 19.886635
8.14168 21.761562
8.17312 20.004307
8.18656 21.879234
8.218 20.121980
8.23144 21.996906
8.26288 20.239652
8.27632 22.114579
8.30776 20.357325
8.3212 22.232251
8.35264 20.474997
8.36608 22.349924
8.39752 20.592669
8.41096 22.467596
8.4424 20.710342
8.45584 22.585268
8.48728 20.828014
8.50072 22.702941
8.53216 20.945687
8.5456 22.820613
8.57704 21.063359
8.59048 22.938286
8.62192 21.181031
8.63536 23.055958
8.6668 21.298704
8.68024 23.173630
8.71168 21.416376
8.72512 23.291303
8.75656 21.534049
8.77 23.408975
8.80144 21.651721
8.81488 23.526648
8.84632 21.769393
8.85976 23.644320
8.8912 21.887066
8.90464 23.761992
8.93608 22.004738
8.94952 23.879665
8.98096 22.122411
8.9944 23.997337
9.02584 22.240083
9.03928 24.115010
9.07072 22.357755
9.08416 24.232682
9.1156 22.475428
9.12904 24.350354
9.16048 22.593100
9.17392 24.468027
9.20536 22.710773
9.2188 24.585699
9.25024 22.828445
9.26368 24.703372
9.29512 22.946117
9.30856 24.821044
9.34 23.063790
9.35344 24.938716
9.38488 23.181462
9.39832 25.056389
9.42976 23.299135
9.4432 25.174061
9.47464 23.416807
9.48808 25.291734
9.51952 23.534479
9.53296 25.409406
9.5644 23.652152
9.57784 25.527078
9.60928 23.769824
9.62272 25.644751
9.65416 23.887497
9.6676 25.762423
9.69904 24.005169
9.71248 25.880096
9.74392 24.122841
9.75736 25.997768
9.7888 24.240514
9.80224 26.115440
9.83368 24.358186
9.84712 26.233113
9.87856 24.475859
9.892 26.350785
9.92344 24.593531
9.93688 26.468458
9.96832 24.711203
9.98176 26.586130
10.0132 24.828876
10.02664 26.703802
10.05808 24.946548
10.07152 26.821475
10.10296 25.064221
10.1164 26.939147
10.14784 25.181893
10.16128 27.056820
10.19272 25.299565
10.20616 27.174492
10.2376 25.417238
10.25104 27.292164
10.28248 25.534910
10.29592 27.409837
10.32736 25.652583
10.3408 27.527509
10.37224 25.770255
10.38568 27.645182
10.41712 25.887927
10.43056 27.762854
10.462 26.005600
10.47544 27.880526
10.50688 26.123272
10.52032 27.998199
10.55176 26.240945
10.5652 28.115871
10.59664 26.358617
10.61008 28.233543
10.64152 26.476289
10.65496 28.351216
10.6864 26.593962
10.69984 28.468888
10.73128 26.711634
10.74472 28.586561
10.77616 26.829306
10.7896 28.704233
10.82104 26.946979
10.83448 28.821905
10.86592 27.064651
10.87936 28.939578
10.9108 27.182324
10.92424 29.057250
10.95568 27.299996
10.96912 29.174923
11.00056 27.417668
11.014 29.292595
11.04544 27.535341
11.05888 29.410267
11.09032 27.653013
11.10376 29.527940
11.1352 27.770686
11.14864 29.645612
11.18008 27.888358
11.19352 29.763285
11.22496 28.006030
11.2384 29.880957
11.26984 28.123703
11.28328 29.998629
11.31472 28.241375
11.32816 30.116302
11.3596 28.359048
11.37304 30.233974
11.40448 28.476720
11.41792 30.351647
11.44936 28.594392
11.4628 30.469319
11.49424 28.712065
11.50768 30.586991
11.53912 28.829737
11.55256 30.704664
11.584 28.947410
11.59744 30.822336
11.62888 29.065082
11.64232 30.940009
11.67376 29.182754
11.6872 31.057681
11.71864 29.300427
11.73208 31.175353
11.76352 29.418099
11.77696 31.293026
11.8084 29.535772
11.82184 31.410698
11.85328 29.653444
11.86672 31.528371
11.89816 29.771116
11.9116 31.646043
11.94304 29.888789
11.95648 31.763715
11.98792 30.006461
12.00136 31.881388
12.0328 30.124134
12.04624 31.999060
12.07768 30.241806
12.09112 32.116733
12.12256 30.359478
12.136 32.234405
12.16744 30.477151
12.18088 32.352077
12.21232 30.594823
12.22576 32.469750
12.2572 30.712496
12.27064 32.587422
12.30208 30.830168
12.31552 32.705095
12.34696 30.947840
12.3604 32.822767
12.39184 31.065513
12.40528 32.940439
12.43672 31.183185
12.45016 33.058112
12.4816 31.300858
12.49504 33.175784
12.52648 31.418530
12.53992 33.293457
12.57136 31.536202
12.5848 33.411129
12.61624 31.653875
12.62968 33.528801
12.66112 31.771547
12.67456 33.646474
12.706 31.889220
12.71944 33.764146
12.75088 32.006892
12.76432 33.881819
12.79576 32.124564
12.8092 33.999491
12.84064 32.242237
12.85408 34.117163
12.88552 32.359909
12.89896 34.234836
12.9304 32.477582
12.94384 34.352508
12.97528 32.595254
12.98872 34.470181
13.02016 32.712926
13.0336 34.587853
13.06504 32.830599
13.07848 34.705525
13.10992 32.948271
13.12336 34.823198
13.1548 33.065944
13.16824 34.940870
13.19968 33.183616
13.21312 35.058543
13.24456 33.301288
13.258 35.176215
13.28944 33.418961
13.30288 35.293887
13.33432 33.536633
13.34776 35.411560
13.3792 33.654306
13.39264 35.529232
13.42408 33.771978
13.43752 35.646904
13.46896 33.889650
13.4824 35.764577
13.51384 34.007323
13.52728 35.882249
13.55872 34.124995
13.57216 35.999922
13.6036 34.242668
13.61704 36.117594
13.64848 34.360340
13.66192 36.235266
13.69336 34.478012
13.7068 36.352939
13.73824 34.595685
13.75168 36.470611
13.78312 34.713357
13.79656 36.588284
13.828 34.831029
13.84144 36.705956
13.87288 34.948702
13.88632 36.823628
13.91776 35.066374
13.9312 36.941301
13.96264 35.184047
13.97608 37.058973
14.00752 35.301719
14.02096 37.176646
14.0524 35.419391
14.06584 37.294318
14.09728 35.537064
14.11072 37.411990
14.14216 35.654736
14.1556 37.529663
14.18704 35.772409
14.20048 37.647335
14.23192 35.890081
14.24536 37.765008
14.2768 36.007753
14.29024 37.882680
14.32168 36.125426
14.33512 38.000352
14.36656 36.243098
14.38 38.118025
14.41144 36.360771
14.42488 38.235697
14.45632 36.478443
14.46976 38.353370
14.5012 36.596115
14.51464 38.471042
14.54608 36.713788
14.55952 38.588714
14.59096 36.831460
14.6044 38.706387
14.63584 36.949133
14.64928 38.824059
14.68072 37.066805
14.69416 38.941732
14.7256 37.184477
14.73904 39.059404
14.77048 37.302150
14.78392 39.177076
14.81536 37.419822
14.8288 39.294749
14.86024 37.537495
14.87368 39.412421
14.90512 37.655167
14.91856 39.530094
14.95 37.772839
14.96344 39.647766
14.99488 37.890512
15.00832 39.765438
15.03976 38.008184
15.0532 39.883111
15.08464 38.125857
15.09808 40.000783
15.12952 38.243529
15.14296 40.118456
15.1744 38.361201
15.18784 40.236128
15.21928 38.478874
15.23272 40.353800
15.26416 38.596546
15.2776 40.471473
15.30904 38.714219
15.32248 40.589145
15.35392 38.831891
15.36736 40.706818
15.3988 38.949563
15.41224 40.824490
15.44368 39.067236
15.45712 40.942162
15.48856 39.184908
15.502 41.059835
15.53344 39.302581
15.54688 41.177507
15.57832 39.420253
15.59176 41.295180
15.6232 39.537925
15.63664 41.412852
15.66808 39.655598
15.68152 41.530524
15.71296 39.773270
15.7264 41.648197
15.75784 39.890943
15.77128 41.765869
15.80272 40.008615
15.81616 41.883542
15.8476 40.126287
15.86104 42.001214
15.89248 40.243960
15.90592 42.118886
15.93736 40.361632
15.9508 42.236559
15.98224 40.479305
15.99568 42.354231
16.02712 40.596977
16.04056 42.471904
16.072 40.714649
16.08544 42.589576
16.11688 40.832322
16.13032 42.707248
16.16176 40.949994
16.1752 42.824921
16.20664 41.067667
16.22008 42.942593
16.25152 41.185339
16.26496 43.060265
16.2964 41.303011
16.30984 43.177938
16.34128 41.420684
16.35472 43.295610
16.38616 41.538356
16.3996 43.413283
16.43104 41.656029
16.44448 43.530955
16.47592 41.773701
16.48936 43.648627
16.5208 41.891373
16.53424 43.766300
16.56568 42.009046
16.57912 43.883972
16.61056 42.126718
16.624 44.001645
16.65544 42.244390
16.66888 44.119317
16.70032 42.362063
16.71376 44.236989
16.7452 42.479735
16.75864 44.354662
16.79008 42.597408
16.80352 44.472334
16.83496 42.715080
16.8484 44.590007
16.87984 42.832752
16.89328 44.707679
16.92472 42.950425
16.93816 44.825351
16.9696 43.068097
16.98304 44.943024
17.01448 43.185770
17.02792 45.060696
17.05936 43.303442
17.0728 45.178369
17.10424 43.421114
17.11768 45.296041
17.14912 43.538787
17.16256 45.413713
17.194 43.656459
17.20744 45.531386
17.23888 43.774132
17.25232 45.649058
17.28376 43.891804
17.2972 45.766731
17.32864 44.009476
17.34208 45.884403
17.37352 44.127149
17.38696 46.002075
17.4184 44.244821
17.43184 46.119748
17.46328 44.362494
17.47672 46.237420
17.50816 44.480166
17.5216 46.355093
17.55304 44.597838
17.56648 46.472765
17.59792 44.715511
17.61136 46.590437
17.6428 44.833183
17.65624 46.708110
17.68768 44.950856
17.70112 46.825782
17.73256 45.068528
17.746 46.943455
17.77744 45.186200
17.79088 47.061127
17.82232 45.303873
17.83576 47.178799
17.8672 45.421545
17.88064 47.296472
17.91208 45.539218
17.92552 47.414144
17.95696 45.656890
17.9704 47.531817
18.00184 45.774562
18.01528 47.649489
18.04672 45.892235
18.06016 47.767161
18.0916 46.009907
18.10504 47.884834
18.13648 46.127580
18.14992 48.002506
18.18136 46.245252
18.1948 48.120179
18.22624 46.362924
18.23968 48.237851
18.27112 46.480597
18.28456 48.355523
18.316 46.598269
18.32944 48.473196
18.36088 46.715942
18.37432 48.590868
18.40576 46.833614
18.4192 48.708541
18.45064 46.951286
18.46408 48.826213
18.49552 47.068959
18.50896 48.943885
18.5404 47.186631
18.55384 49.061558
18.58528 47.304304
18.59872 49.179230
18.63016 47.421976
18.6436 49.296903
18.67504 47.539648
18.68848 49.414575
18.71992 47.657321
18.73336 49.532247
18.7648 47.774993
18.77824 49.649920
18.80968 47.892666
18.82312 49.767592
18.85456 48.010338
18.868 49.885265
18.89944 48.128010
18.91288 50.002937
18.94432 48.245683
18.95776 50.120609
18.9892 48.363355
19.00264 50.238282
19.03408 48.481028
19.04752 50.355954
19.07896 48.598700
19.0924 50.473627
19.12384 48.716372
19.13728 50.591299
19.16872 48.834045
19.18216 50.708971
19.2136 48.951717
19.22704 50.826644
19.25848 49.069390
19.27192 50.944316
19.30336 49.187062
19.3168 51.061988
19.34824 49.304734
19.36168 51.179661
19.39312 49.422407
19.40656 51.297333
19.438 49.540079
19.45144 51.415006
19.48288 49.657751
19.49632 51.532678
19.52776 49.775424
19.5412 51.650350
19.57264 49.893096
19.58608 51.768023
19.61752 50.010769
19.63096 51.885695
19.6624 50.128441
19.67584 52.003368
19.70728 50.246113
19.72072 52.121040
19.75216 50.363786
19.7656 52.238712
19.79704 50.481458
19.81048 52.356385
19.84192 50.599131
19.85536 52.474057
19.8868 50.716803
19.90024 52.591730
19.93168 50.834475
19.94512 52.709402
19.97656 50.952148
19.99 52.827074
20.02144 51.069820
20.03488 52.944747
20.06632 51.187493
20.07976 53.062419
20.1112 51.305165
20.12464 53.180092
20.15608 51.422837
20.16952 53.297764
20.20096 51.540510
20.2144 53.415436
20.24584 51.658182
20.25928 53.533109
20.29072 51.775855
20.30416 53.650781
20.3356 51.893527
20.34904 53.768454
20.38048 52.011199
20.39392 53.886126
20.42536 52.128872
20.4388 54.003798
20.47024 52.246544
20.48368 54.121471
20.51512 52.364217
20.52856 54.239143
20.56 52.481889
20.57344 54.356816
20.60488 52.599561
20.61832 54.474488
20.64976 52.717234
20.6632 54.592160
20.69464 52.834906
20.70808 54.709833
20.73952 52.952579
20.75296 54.827505
20.7844 53.070251
20.79784 54.945178
20.82928 53.187923
20.84272 55.062850
20.87416 53.305596
20.8876 55.180522
20.91904 53.423268
20.93248 55.298195
20.96392 53.540941
20.97736 55.415867
21.0088 53.658613
21.02224 55.533540
21.05368 53.776285
21.06712 55.651212
21.09856 53.893958
21.112 55.768884
21.14344 54.011630
21.15688 55.886557
21.18832 54.129303
21.20176 56.004229
21.2332 54.246975
21.24664 56.121902
21.27808 54.364647
21.29152 56.239574
21.32296 54.482320
21.3364 56.357246
21.36784 54.599992
21.38128 56.474919
21.41272 54.717665
21.42616 56.592591
21.4576 54.835337
21.47104 56.710264
21.50248 54.953009
21.51592 56.827936
21.54736 55.070682
21.5608 56.945608
21.59224 55.188354
21.60568 57.063281
21.63712 55.306027
21.65056 57.180953
21.682 55.423699
21.69544 57.298626
21.72688 55.541371
21.74032 57.416298
21.77176 55.659044
21.7852 57.533970
21.81664 55.776716
21.83008 57.651643
21.86152 55.894389
21.87496 57.769315
21.9064 56.012061
21.91984 57.886988
21.95128 56.129733
21.96472 58.004660
21.99616 56.247406
22.0096 58.122332
22.04104 56.365078
22.05448 58.240005
22.08592 56.482751
22.09936 58.357677
22.1308 56.600423
22.14424 58.475349
22.17568 56.718095
22.18912 58.593022
22.22056 56.835768
22.234 58.710694
22.26544 56.953440
22.27888 58.828367
22.31032 57.071113
22.32376 58.946039
22.3552 57.188785
22.36864 59.063711
22.40008 57.306457
22.41352 59.181384
22.44496 57.424130
22.4584 59.299056
22.48984 57.541802
22.50328 59.416729
22.53472 57.659474
22.54816 59.534401
22.5796 57.777147
22.59304 59.652073
22.62448 57.894819
22.63792 59.769746
22.66936 58.012492
22.6828 59.887418
22.71424 58.130164
22.72768 60.005091
22.75912 58.247836
22.77256 60.122763
22.804 58.365509
22.81744 60.240435
22.84888 58.483181
22.86232 60.358108
22.89376 58.600854
22.9072 60.475780
22.93864 58.718526
22.95208 60.593453
22.98352 58.836198
22.99696 60.711125
23.0284 58.953871
23.04184 60.828797
23.07328 59.071543
23.08672 60.946470
23.11816 59.189216
23.1316 61.064142
23.16304 59.306888
23.17648 61.181815
23.20792 59.424560
23.22136 61.299487
23.2528 59.542233
23.26624 61.417159
23.29768 59.659905
23.31112 61.534832
23.34256 59.777578
23.356 61.652504
23.38744 59.895250
23.40088 61.770177
23.43232 60.012922
23.44576 61.887849
23.4772 60.130595
23.49064 62.005521
23.52208 60.248267
23.53552 62.123194
23.56696 60.365940
23.5804 62.240866
23.61184 60.483612
23.62528 62.358539
23.65672 60.601284
23.67016 62.476211
23.7016 60.718957
23.71504 62.593883
23.74648 60.836629
23.75992 62.711556
23.79136 60.954302
23.8048 62.829228
23.83624 61.071974
23.84968 62.946901
23.88112 61.189646
23.89456 63.064573
23.926 61.307319
23.93944 63.182245
23.97088 61.424991
23.98432 63.299918
24.01576 61.542664
24.0292 63.417590
24.06064 61.660336
24.07408 63.535263
24.10552 61.778008
24.11896 63.652935
24.1504 61.895681
24.16384 63.770607
24.19528 62.013353
24.20872 63.888280
24.24016 62.131026
24.2536 64.005952
24.28504 62.248698
24.29848 64.123625
24.32992 62.366370
24.34336 64.241297
24.3748 62.484043
24.38824 64.358969
24.41968 62.601715
24.43312 64.476642
24.46456 62.719388
24.478 64.594314
24.50944 62.837060
24.52288 64.711987
24.55432 62.954732
24.56776 64.829659
24.5992 63.072405
24.61264 64.947331
24.64408 63.190077
24.65752 65.065004
24.68896 63.307750
24.7024 65.182676
24.73384 63.425422
24.74728 65.300349
24.77872 63.543094
24.79216 65.418021
24.8236 63.660767
24.83704 65.535693
24.86848 63.778439
24.88192 65.653366
24.91336 63.896112
24.9268 65.771038
24.95824 64.013784
24.97168 65.888710
25.00312 64.131456
25.01656 66.006383
25.048 64.249129
25.06144 66.124055
25.09288 64.366801
25.10632 66.241728
25.13776 64.484474
25.1512 66.359400
25.18264 64.602146
25.19608 66.477072
25.22752 64.719818
25.24096 66.594745
25.2724 64.837491
25.28584 66.712417
25.31728 64.955163
25.33072 66.830090
25.36216 65.072835
25.3756 66.947762
25.40704 65.190508
25.42048 67.065434
25.45192 65.308180
25.46536 67.183107
25.4968 65.425853
25.51024 67.300779
25.54168 65.543525
25.55512 67.418452
25.58656 65.661197
25.6 67.536124
25.63144 65.778870
25.64488 67.653796
25.67632 65.896542
25.68976 67.771469
25.7212 66.014215
25.73464 67.889141
25.76608 66.131887
25.77952 68.006814
25.81096 66.249559
25.8244 68.124486
25.85584 66.367232
25.86928 68.242158
25.90072 66.484904
25.91416 68.359831
25.9456 66.602577
25.95904 68.477503
25.99048 66.720249
26.00392 68.595176
26.03536 66.837921
26.0488 68.712848
26.08024 66.955594
26.09368 68.830520
26.12512 67.073266
26.13856 68.948193
26.17 67.190939
26.18344 69.065865
26.21488 67.308611
26.22832 69.183538
26.25976 67.426283
26.2732 69.301210
26.30464 67.543956
26.31808 69.418882
26.34952 67.661628
26.36296 69.536555
26.3944 67.779301
26.40784 69.654227
26.43928 67.896973
26.45272 69.771900
26.48416 68.014645
26.4976 69.889572
26.52904 68.132318
26.54248 70.007244
26.57392 68.249990
26.58736 70.124917
26.6188 68.367663
26.63224 70.242589
26.66368 68.485335
26.67712 70.360262
26.70856 68.603007
26.722 70.477934
26.75344 68.720680
26.76688 70.595606
26.79832 68.838352
26.81176 70.713279
26.8432 68.956025
26.85664 70.830951
26.88808 69.073697
26.90152 70.948624
26.93296 69.191369
26.9464 71.066296
26.97784 69.309042
26.99128 71.183968
27.02272 69.426714
27.03616 71.301641
27.0676 69.544387
27.08104 71.419313
27.11248 69.662059
27.12592 71.536986
27.15736 69.779731
27.1708 71.654658
27.20224 69.897404
27.21568 71.772330
27.24712 70.015076
27.26056 71.890003
27.292 70.132749
27.30544 72.007675
27.33688 70.250421
27.35032 72.125348
27.38176 70.368093
27.3952 72.243020
27.42664 70.485766
27.44008 72.360692
27.47152 70.603438
27.48496 72.478365
27.5164 70.721111
27.52984 72.596037
27.56128 70.838783
27.57472 72.713710
27.60616 70.956455
27.6196 72.831382
27.65104 71.074128
27.66448 72.949054
27.69592 71.191800
27.70936 73.066727
27.7408 71.309473
27.75424 73.184399
27.78568 71.427145
27.79912 73.302072
27.83056 71.544817
27.844 73.419744
27.87544 71.662490
27.88888 73.537416
27.92032 71.780162
27.93376 73.655089
27.9652 71.897835
27.97864 73.772761
28.01008 72.015507
28.02352 73.890433
28.05496 72.133179
28.0684 74.008106
28.09984 72.250852
28.11328 74.125778
28.14472 72.368524
28.15816 74.243451
28.1896 72.486196
28.20304 74.361123
28.23448 72.603869
28.24792 74.478795
28.27936 72.721541
28.2928 74.596468
28.32424 72.839214
28.33768 74.714140
28.36912 72.956886
28.38256 74.831813
28.414 73.074558
28.42744 74.949485
28.45888 73.192231
28.47232 75.067157
28.50376 73.309903
28.5172 75.184830
28.54864 73.427576
28.56208 75.302502
28.59352 73.545248
28.60696 75.420175
28.6384 73.662920
28.65184 75.537847
28.68328 73.780593
28.69672 75.655519
28.72816 73.898265
28.7416 75.773192
28.77304 74.015938
28.78648 75.890864
28.81792 74.133610
28.83136 76.008537
28.8628 74.251282
28.87624 76.126209
28.90768 74.368955
28.92112 76.243881
28.95256 74.486627
28.966 76.361554
28.99744 74.604300
29.01088 76.479226
29.04232 74.721972
29.05576 76.596899
29.0872 74.839644
29.10064 76.714571
29.13208 74.957317
29.14552 76.832243
29.17696 75.074989
29.1904 76.949916
29.22184 75.192662
29.23528 77.067588
29.26672 75.310334
29.28016 77.185261
29.3116 75.428006
29.32504 77.302933
29.35648 75.545679
29.36992 77.420605
29.40136 75.663351
29.4148 77.538278
29.44624 75.781024
29.45968 77.655950
29.49112 75.898696
29.50456 77.773623
29.536 76.016368
29.54944 77.891295
29.58088 76.134041
29.59432 78.008967
29.62576 76.251713
29.6392 78.126640
29.67064 76.369386
29.68408 78.244312
29.71552 76.487058
29.72896 78.361985
29.7604 76.604730
29.77384 78.479657
29.80528 76.722403
29.81872 78.597329
29.85016 76.840075
29.8636 78.715002
29.89504 76.957748
29.90848 78.832674
29.93992 77.075420
29.95336 78.950347
29.9848 77.193092
29.99824 79.068019
30.02968 77.310765
30.04312 79.185691
30.07456 77.428437
30.088 79.303364
30.11944 77.546110
30.13288 79.421036
30.16432 77.663782
30.17776 79.538709
30.2092 77.781454
30.22264 79.656381
30.25408 77.899127
30.26752 79.774053
30.29896 78.016799
30.3124 79.891726
30.34384 78.134472
30.35728 80.009398
30.38872 78.252144
30.40216 80.127071
30.4336 78.369816
30.44704 80.244743
30.47848 78.487489
30.49192 80.362415
30.52336 78.605161
30.5368 80.480088
30.56824 78.722834
30.58168 80.597760
30.61312 78.840506
30.62656 80.715433
30.658 78.958178
30.67144 80.833105
30.70288 79.075851
30.71632 80.950777
30.74776 79.193523
30.7612 81.068450
30.79264 79.311196
30.80608 81.186122
30.83752 79.428868
30.85096 81.303794
30.8824 79.546540
30.89584 81.421467
30.92728 79.664213
30.94072 81.539139
30.97216 79.781885
30.9856 81.656812
31.01704 79.899558
31.03048 81.774484
31.06192 80.017230
31.07536 81.892156
31.1068 80.134902
31.12024 82.009829
31.15168 80.252575
31.16512 82.127501
31.19656 80.370247
31.21 82.245174
31.24144 80.487919
31.25488 82.362846
31.28632 80.605592
31.29976 82.480518
31.3312 80.723264
31.34464 82.598191
31.37608 80.840937
31.38952 82.715863
31.42096 80.958609
31.4344 82.833536
31.46584 81.076281
31.47928 82.951208
31.51072 81.193954
31.52416 83.068880
31.5556 81.311626
31.56904 83.186553
31.60048 81.429299
31.61392 83.304225
31.64536 81.546971
31.6588 83.421898
31.69024 81.664643
31.70368 83.539570
31.73512 81.782316
31.74856 83.657242
31.78 81.899988
31.79344 83.774915
31.82488 82.017661
31.83832 83.892587
31.86976 82.135333
31.8832 84.010260
31.91464 82.253005
31.92808 84.127932
31.95952 82.370678
31.97296 84.245604
32.0044 82.488350
32.01784 84.363277
32.04928 82.606023
32.06272 84.480949
32.09416 82.723695
32.1076 84.598622
32.13904 82.841367
32.15248 84.716294
32.18392 82.959040
32.19736 84.833966
32.2288 83.076712
32.24224 84.951639
32.27368 83.194385
32.28712 85.069311
32.31856 83.312057
32.332 85.186984
32.36344 83.429729
32.37688 85.304656
32.40832 83.547402
32.42176 85.422328
32.4532 83.665074
32.46664 85.540001
32.49808 83.782747
32.51152 85.657673
32.54296 83.900419
32.5564 85.775346
32.58784 84.018091
32.60128 85.893018
32.63272 84.135764
32.64616 86.010690
32.6776 84.253436
32.69104 86.128363
32.72248 84.371109
32.73592 86.246035
32.76736 84.488781
32.7808 86.363708
32.81224 84.606453
32.82568 86.481380
32.85712 84.724126
32.87056 86.599052
32.902 84.841798
32.91544 86.716725
32.94688 84.959471
32.96032 86.834397
32.99176 85.077143
33.0052 86.952070
33.03664 85.194815
33.05008 87.069742
33.08152 85.312488
33.09496 87.187414
33.1264 85.430160
33.13984 87.305087
33.17128 85.547833
33.18472 87.422759
33.21616 85.665505
33.2296 87.540432
33.26104 85.783177
33.27448 87.658104
33.30592 85.900850
33.31936 87.775776
33.3508 86.018522
33.36424 87.893449
33.39568 86.136195
33.40912 88.011121
33.44056 86.253867
33.454 88.128794
33.48544 86.371539
33.49888 88.246466
33.53032 86.489212
33.54376 88.364138
33.5752 86.606884
33.58864 88.481811
33.62008 86.724557
33.63352 88.599483
33.66496 86.842229
33.6784 88.717155
33.70984 86.959901
33.72328 88.834828
33.75472 87.077574
33.76816 88.952500
33.7996 87.195246
33.81304 89.070173
33.84448 87.312919
33.85792 89.187845
33.88936 87.430591
33.9028 89.305517
33.93424 87.548263
33.94768 89.423190
33.97912 87.665936
33.99256 89.540862
34.024 87.783608
34.03744 89.658535
34.06888 87.901280
34.08232 89.776207
34.11376 88.018953
34.1272 89.893879
34.15864 88.136625
34.17208 90.011552
34.20352 88.254298
34.21696 90.129224
34.2484 88.371970
34.26184 90.246897
34.29328 88.489642
34.30672 90.364569
34.33816 88.607315
34.3516 90.482241
34.38304 88.724987
34.39648 90.599914
34.42792 88.842660
34.44136 90.717586
34.4728 88.960332
34.48624 90.835259
34.51768 89.078004
34.53112 90.952931
34.56256 89.195677
34.576 91.070603
34.60744 89.313349
34.62088 91.188276
34.65232 89.431022
34.66576 91.305948
34.6972 89.548694
34.71064 91.423621
34.74208 89.666366
34.75552 91.541293
34.78696 89.784039
34.8004 91.658965
34.83184 89.901711
34.84528 91.776638
34.87672 90.019384
34.89016 91.894310
34.9216 90.137056
34.93504 92.011983
34.96648 90.254728
34.97992 92.129655
35.01136 90.372401
35.0248 92.247327
35.05624 90.490073
35.06968 92.365000
35.10112 90.607746
35.11456 92.482672
35.146 90.725418
35.15944 92.600345
35.19088 90.843090
35.20432 92.718017
35.23576 90.960763
35.2492 92.835689
35.28064 91.078435
35.29408 92.953362
35.32552 91.196108
35.33896 93.071034
35.3704 91.313780
35.38384 93.188707
35.41528 91.431452
35.42872 93.306379
35.46016 91.549125
35.4736 93.424051
35.50504 91.666797
35.51848 93.541724
35.54992 91.784470
35.56336 93.659396
35.5948 91.902142
35.60824 93.777069
35.63968 92.019814
35.65312 93.894741
35.68456 92.137487
35.698 94.012413
35.72944 92.255159
35.74288 94.130086
35.77432 92.372832
35.78776 94.247758
35.8192 92.490504
35.83264 94.365431
35.86408 92.608176
35.87752 94.483103
35.90896 92.725849
35.9224 94.600775
35.95384 92.843521
35.96728 94.718448
35.99872 92.961194
36.01216 94.836120
36.0436 93.078866
36.05704 94.953793
36.08848 93.196538
36.10192 95.071465
36.13336 93.314211
36.1468 95.189137
36.17824 93.431883
36.19168 95.306810
36.22312 93.549556
36.23656 95.424482
36.268 93.667228
36.28144 95.542155
36.31288 93.784900
36.32632 95.659827
36.35776 93.902573
36.3712 95.777499
36.40264 94.020245
36.41608 95.895172
36.44752 94.137918
36.46096 96.012844
36.4924 94.255590
36.50584 96.130517
36.53728 94.373262
36.55072 96.248189
36.58216 94.490935
36.5956 96.365861
36.62704 94.608607
36.64048 96.483534
36.67192 94.726280
36.68536 96.601206
36.7168 94.843952
36.73024 96.718878
36.76168 94.961624
36.77512 96.836551
36.80656 95.079297
36.82 96.954223
36.85144 95.196969
36.86488 97.071896
36.89632 95.314642
36.90976 97.189568
36.9412 95.432314
36.95464 97.307240
36.98608 95.549986
36.99952 97.424913
37.03096 95.667659
37.0444 97.542585
37.07584 95.785331
37.08928 97.660258
37.12072 95.903003
37.13416 97.777930
37.1656 96.020676
37.17904 97.895602
37.21048 96.138348
37.22392 98.013275
37.25536 96.256021
37.2688 98.130947
37.30024 96.373693
37.31368 98.248620
37.34512 96.491365
37.35856 98.366292
37.39 96.609038
37.40344 98.483964
37.43488 96.726710
37.44832 98.601637
37.47976 96.844383
37.4932 98.719309
37.52464 96.962055
37.53808 98.836982
37.56952 97.079727
37.58296 98.954654
37.6144 97.197400
37.62784 99.072326
37.65928 97.315072
37.67272 99.189999
37.70416 97.432745
37.7176 99.307671
37.74904 97.550417
37.76248 99.425344
37.79392 97.668089
37.80736 99.543016
37.8388 97.785762
37.85224 99.660688
37.88368 97.903434
37.89712 99.778361
37.92856 98.021107
37.942 99.896033
37.97344 98.138779
37.98688 100.013706
38.01832 98.256451
38.03176 100.131378
38.0632 98.374124
38.07664 100.249050
38.10808 98.491796
38.12152 100.366723
38.15296 98.609469
38.1664 100.484395
38.19784 98.727141
38.21128 100.602068
38.24272 98.844813
38.25616 100.719740
38.2876 98.962486
38.30104 100.837412
38.33248 99.080158
38.34592 100.955085
38.37736 99.197831
38.3908 101.072757
38.42224 99.315503
38.43568 101.190430
38.46712 99.433175
38.48056 101.308102
38.512 99.550848
38.52544 101.425774
38.55688 99.668520
38.57032 101.543447
38.60176 99.786193
38.6152 101.661119
38.64664 99.903865
38.66008 101.778792
38.69152 100.021537
38.70496 101.896464
38.7364 100.139210
38.74984 102.014136
38.78128 100.256882
38.79472 102.131809
38.82616 100.374555
38.8396 102.249481
38.87104 100.492227
38.88448 102.367154
38.91592 100.609899
38.92936 102.484826
38.9608 100.727572
38.97424 102.602498
39.00568 100.845244
39.01912 102.720171
39.05056 100.962917
39.064 102.837843
39.09544 101.080589
39.10888 102.955516
39.14032 101.198261
39.15376 103.073188
39.1852 101.315934
39.19864 103.190860
39.23008 101.433606
39.24352 103.308533
39.27496 101.551279
39.2884 103.426205
39.31984 101.668951
39.33328 103.543878
39.36472 101.786623
39.37816 103.661550
39.4096 101.904296
39.42304 103.779222
39.45448 102.021968
39.46792 103.896895
39.49936 102.139641
39.5128 104.014567
39.54424 102.257313
39.55768 104.132239
39.58912 102.374985
39.60256 104.249912
39.634 102.492658
39.64744 104.367584
39.67888 102.610330
39.69232 104.485257
39.72376 102.728003
39.7372 104.602929
39.76864 102.845675
39.78208 104.720601
39.81352 102.963347
39.82696 104.838274
39.8584 103.081020
39.87184 104.955946
39.90328 103.198692
39.91672 105.073619
39.94816 103.316364
39.9616 105.191291
39.99304 103.434037
40.03792 103.551709
40.0828 103.669382
40.12768 103.787054
40.17256 103.904726
40.21744 104.022399
40.26232 104.140071
40.3072 104.257744
40.35208 104.375416
40.39696 104.493088
40.44184 104.610761
40.48672 104.728433
40.5316 104.846106
40.57648 104.963778
40.62136 105.081450
40.66624 105.199123
40.71112 105.206955
40.756 105.214786
