0.1 0.195453
0.1 0.390906
0.1 0.400288
0.116384 0.595740
0.116384 0.791193
0.116384 0.800575
0.132768 0.996028
0.132768 1.191481
0.132768 1.200863
0.149152 1.396316
0.149152 1.591768
0.149152 1.601150
0.165536 1.796603
0.165536 1.992056
0.165536 2.001438
0.18192 2.196891
0.18192 2.392344
0.18192 2.401725
0.198304 2.597178
0.198304 2.792631
0.198304 2.802013
0.214688 2.997466
0.214688 3.192919
0.214688 3.202300
0.231072 3.397753
0.231072 3.593206
0.231072 3.602588
0.247456 3.798041
0.247456 3.993494
0.247456 4.002876
0.26384 4.198328
0.26384 4.393781
0.26384 4.403163
0.280224 4.598616
0.280224 4.794069
0.280224 4.803451
0.296608 4.998904
0.296608 5.194356
0.296608 5.203738
0.312992 5.399191
0.312992 5.594644
0.312992 5.604026
0.329376 5.799479
0.329376 5.994932
0.329376 6.004313
0.34576 6.199766
0.34576 6.395219
0.34576 6.404601
0.362144 6.600054
0.362144 6.795507
0.362144 6.804888
0.378528 7.000341
0.378528 7.195794
0.378528 7.205176
0.394912 7.400629
0.394912 7.596082
0.394912 7.605463
0.411296 7.800916
0.411296 7.996369
0.411296 8.005751
0.42768 8.201204
0.42768 8.396657
0.42768 8.406039
0.444064 8.601491
0.444064 8.796944
0.444064 8.806326
0.460448 9.001779
0.460448 9.197232
0.460448 9.206614
0.476832 9.402067
0.476832 9.597519
0.476832 9.606901
0.493216 9.802354
0.493216 9.997807
0.493216 10.007189
0.5096 10.202642
0.5096 10.398095
0.5096 10.407476
0.525984 10.602929
0.525984 10.798382
0.525984 10.807764
0.542368 11.003217
0.542368 11.198670
0.542368 11.208051
0.558752 11.403504
0.558752 11.598957
0.558752 11.608339
0.575136 11.803792
0.575136 11.999245
0.575136 12.008627
0.59152 12.204079
0.59152 12.399532
0.59152 12.408914
0.607904 12.604367
0.607904 12.799820
0.607904 12.809202
0.624288 13.004655
0.640672 13.200107
0.640672 13.395560
0.657056 13.591013
0.67344 13.786466
0.67344 13.981919
0.689824 14.177372
0.706208 14.372825
0.706208 14.568278
0.722592 14.763731
0.738976 14.959184
0.738976 15.154636
0.75536 15.350089
0.771744 15.545542
0.771744 15.740995
0.788128 15.936448
0.804512 16.131901
0.804512 16.327354
0.820896 16.522807
0.83728 16.718260
0.83728 16.913713
0.853664 17.109166
0.870048 17.304618
0.870048 17.500071
0.886432 17.695524
0.902816 17.890977
0.902816 18.086430
0.9192 18.281883
0.935584 18.477336
0.935584 18.672789
0.951968 18.868242
0.968352 19.063695
0.968352 19.259147
0.984736 19.454600
1.00112 19.650053
1.00112 19.845506
1.017504 20.040959
1.033888 20.236412
1.033888 20.431865
1.050272 20.627318
1.066656 20.822771
1.066656 21.018224
1.08304 21.213677
1.099424 21.409129
1.099424 21.604582
1.115808 21.800035
1.132192 21.995488
1.132192 22.190941
1.148576 22.386394
1.16496 22.581847
1.16496 22.777300
1.181344 22.972753
1.197728 23.168206
1.214112 23.363659
1.230496 23.559111
1.24688 23.754564
1.263264 23.950017
1.279648 24.145470
1.296032 24.340923
1.312416 24.536376
1.3288 24.731829
1.345184 24.927282
1.361568 25.122735
1.377952 25.318188
1.394336 25.513640
1.41072 25.709093
1.427104 25.904546
1.443488 26.099999
1.459872 26.295452
1.476256 26.490905
1.49264 26.686358
1.509024 26.881811
1.525408 27.077264
1.541792 27.272717
1.558176 27.468170
1.57456 27.663622
1.590944 27.859075
1.607328 28.054528
1.623712 28.249981
1.640096 28.445434
1.65648 28.640887
1.672864 28.836340
1.689248 29.031793
1.705632 29.227246
1.722016 29.422699
1.7384 29.618151
1.754784 29.813604
1.771168 30.009057
1.787552 30.204510
1.803936 30.399963
1.82032 30.595416
1.836704 30.790869
1.836704 30.986322
1.853088 31.181775
1.869472 31.377228
1.885856 31.572681
1.90224 31.768133
1.918624 31.963586
1.935008 32.159039
1.951392 32.354492
1.967776 32.549945
1.98416 32.745398
2.000544 32.940851
2.016928 33.136304
2.033312 33.331757
2.049696 33.527210
2.06608 33.722662
2.082464 33.918115
2.098848 34.113568
2.115232 34.309021
2.131616 34.504474
2.148 34.699927
2.164384 34.895380
2.180768 35.090833
2.197152 35.286286
2.213536 35.481739
2.22992 35.677192
2.246304 35.872644
2.262688 36.068097
2.279072 36.263550
2.295456 36.459003
2.31184 36.654456
2.328224 36.849909
2.344608 37.045362
2.360992 37.240815
2.377376 37.436268
2.39376 37.631721
2.410144 37.827174
2.426528 38.022626
2.442912 38.218079
2.459296 38.413532
2.47568 38.608985
2.492064 38.804438
2.508448 38.999891
2.524832 39.195344
2.524832 39.390797
2.541216 39.586250
2.5576 39.781703
2.573984 39.977155
2.590368 40.172608
2.606752 40.368061
2.623136 40.563514
2.63952 40.758967
2.655904 40.954420
2.672288 41.149873
2.688672 41.345326
2.705056 41.540779
2.72144 41.736232
2.737824 41.931685
2.754208 42.127137
2.770592 42.322590
2.786976 42.518043
2.80336 42.713496
2.819744 42.908949
2.836128 43.104402
2.852512 43.299855
2.868896 43.495308
2.88528 43.690761
2.901664 43.886214
2.918048 44.081666
2.934432 44.277119
2.950816 44.472572
2.9672 44.668025
2.983584 44.863478
2.999968 45.058931
3.016352 45.254384
3.032736 45.449837
3.04912 45.645290
3.065504 45.840743
3.081888 46.036196
3.098272 46.231648
3.114656 46.427101
3.13104 46.622554
3.147424 46.818007
3.163808 47.013460
3.180192 47.208913
3.196576 47.404366
3.21296 47.599819
3.21296 47.795272
3.229344 47.990725
3.245728 48.186177
3.262112 48.381630
3.278496 48.577083
3.29488 48.772536
3.311264 48.967989
3.327648 49.163442
3.344032 49.358895
3.360416 49.554348
3.3768 49.749801
3.393184 49.945254
3.409568 50.140707
3.425952 50.336159
3.442336 50.531612
3.45872 50.727065
3.475104 50.922518
3.491488 51.117971
3.507872 51.313424
3.524256 51.508877
3.54064 51.704330
3.557024 51.899783
3.573408 52.095236
3.589792 52.290689
3.606176 52.486141
3.62256 52.681594
3.638944 52.877047
3.655328 53.072500
3.671712 53.267953
3.688096 53.463406
3.70448 53.658859
3.720864 53.854312
3.737248 54.049765
3.753632 54.245218
3.770016 54.440670
3.7864 54.636123
3.802784 54.831576
3.819168 55.027029
3.835552 55.222482
3.851936 55.417935
3.86832 55.613388
3.884704 55.808841
3.884704 56.004294
3.901088 56.199747
3.917472 56.395200
3.933856 56.590652
3.95024 56.786105
3.966624 56.981558
3.983008 57.177011
3.999392 57.372464
4.015776 57.567917
4.03216 57.763370
4.048544 57.958823
4.064928 58.154276
4.081312 58.349729
4.097696 58.545181
4.11408 58.740634
4.130464 58.936087
4.146848 59.131540
4.163232 59.326993
4.179616 59.522446
4.196 59.717899
4.212384 59.913352
4.228768 60.108805
4.245152 60.304258
4.261536 60.499711
4.27792 60.695163
4.294304 60.890616
4.310688 61.086069
4.327072 61.281522
4.343456 61.476975
4.35984 61.672428
4.376224 61.867881
4.392608 62.063334
4.408992 62.258787
4.425376 62.454240
4.44176 62.649692
4.458144 62.845145
4.474528 63.040598
4.490912 63.236051
4.507296 63.431504
4.52368 63.626957
4.540064 63.822410
4.556448 64.017863
4.572832 64.213316
4.572832 64.408769
4.589216 64.604222
4.6056 64.799674
4.621984 64.995127
4.638368 65.190580
4.654752 65.386033
4.671136 65.581486
4.68752 65.776939
4.703904 65.972392
4.720288 66.167845
4.736672 66.363298
4.753056 66.558751
4.76944 66.754204
4.785824 66.949656
4.802208 67.145109
4.818592 67.340562
4.834976 67.536015
4.85136 67.731468
4.867744 67.926921
4.884128 68.122374
4.900512 68.317827
4.916896 68.513280
4.93328 68.708733
4.949664 68.904185
4.966048 69.099638
4.982432 69.295091
4.998816 69.490544
5.0152 69.685997
5.031584 69.881450
5.047968 70.076903
5.064352 70.272356
5.080736 70.467809
5.09712 70.663262
5.113504 70.858715
5.129888 71.054167
5.146272 71.249620
5.162656 71.445073
5.17904 71.640526
5.195424 71.835979
5.211808 72.031432
5.228192 72.226885
5.244576 72.422338
5.244576 72.617791
5.26096 72.813244
5.277344 73.008696
5.293728 73.204149
5.310112 73.399602
5.326496 73.595055
5.34288 73.790508
5.359264 73.985961
5.375648 74.181414
5.392032 74.376867
5.408416 74.572320
5.4248 74.767773
5.441184 74.963226
5.457568 75.158678
5.473952 75.354131
5.490336 75.549584
5.50672 75.745037
5.523104 75.940490
5.539488 76.135943
5.555872 76.331396
5.572256 76.526849
5.58864 76.722302
5.605024 76.917755
5.621408 77.113207
5.637792 77.308660
5.654176 77.504113
5.67056 77.699566
5.686944 77.895019
5.703328 78.090472
5.719712 78.285925
5.736096 78.481378
5.75248 78.676831
5.768864 78.872284
5.785248 79.067737
5.801632 79.263189
5.818016 79.458642
5.8344 79.654095
5.850784 79.849548
5.867168 80.045001
5.883552 80.240454
5.899936 80.435907
5.91632 80.631360
5.932704 80.826813
5.932704 81.022266
5.949088 81.217719
5.965472 81.413171
5.981856 81.608624
5.99824 81.804077
6.014624 81.999530
6.031008 82.194983
6.047392 82.390436
6.063776 82.585889
6.08016 82.781342
6.096544 82.976795
6.112928 83.172248
6.129312 83.367700
6.145696 83.563153
6.16208 83.758606
6.178464 83.954059
6.194848 84.149512
6.211232 84.344965
6.227616 84.540418
6.244 84.735871
6.260384 84.931324
6.276768 85.126777
6.293152 85.322230
6.309536 85.517682
6.32592 85.713135
6.342304 85.908588
6.358688 86.104041
6.375072 86.299494
6.391456 86.494947
6.40784 86.690400
6.424224 86.885853
6.440608 87.081306
6.456992 87.276759
6.473376 87.472211
6.48976 87.667664
6.506144 87.863117
6.522528 88.058570
6.538912 88.254023
6.555296 88.449476
6.57168 88.644929
6.588064 88.840382
6.604448 89.035835
6.620832 89.231288
6.620832 89.426741
6.637216 89.622193
6.6536 89.817646
6.669984 90.013099
6.686368 90.208552
6.702752 90.404005
6.719136 90.599458
6.73552 90.794911
6.751904 90.990364
6.768288 91.185817
6.784672 91.381270
6.801056 91.576722
6.81744 91.772175
6.833824 91.967628
6.850208 92.163081
6.866592 92.358534
6.882976 92.553987
6.89936 92.749440
6.915744 92.944893
6.932128 93.140346
6.948512 93.335799
6.964896 93.531252
6.98128 93.726704
6.997664 93.922157
7.014048 94.117610
7.030432 94.313063
7.046816 94.508516
7.0632 94.703969
7.079584 94.899422
7.095968 95.094875
7.112352 95.290328
7.128736 95.485781
7.14512 95.681234
7.161504 95.876686
7.177888 96.072139
7.194272 96.267592
7.210656 96.463045
7.22704 96.658498
7.243424 96.853951
7.259808 97.049404
7.276192 97.244857
7.292576 97.440310
7.292576 97.635763
7.30896 97.831215
7.325344 98.026668
7.341728 98.222121
7.358112 98.417574
7.374496 98.613027
7.39088 98.808480
7.407264 99.003933
7.423648 99.199386
7.440032 99.394839
7.456416 99.590292
7.4728 99.785745
7.489184 99.981197
7.505568 100.176650
7.521952 100.372103
7.538336 100.567556
7.55472 100.763009
7.571104 100.958462
7.587488 101.153915
7.603872 101.349368
7.620256 101.544821
7.63664 101.740274
7.653024 101.935726
7.669408 102.131179
7.685792 102.326632
7.702176 102.522085
7.71856 102.717538
7.734944 102.912991
7.751328 103.108444
7.767712 103.303897
7.784096 103.499350
7.80048 103.694803
7.816864 103.890256
7.833248 104.085708
7.849632 104.281161
7.866016 104.476614
7.8824 104.672067
7.898784 104.867520
7.915168 105.062973
7.931552 105.258426
7.947936 105.453879
7.96432 105.649332
7.980704 105.844785
7.980704 106.040237
7.997088 106.235690
8.013472 106.431143
8.029856 106.626596
8.04624 106.822049
8.062624 107.017502
8.079008 107.212955
8.095392 107.408408
8.111776 107.603861
8.12816 107.799314
8.144544 107.994767
8.160928 108.190219
8.177312 108.385672
8.193696 108.581125
8.21008 108.776578
8.226464 108.972031
8.242848 109.167484
8.259232 109.362937
8.275616 109.558390
8.292 109.753843
8.308384 109.949296
8.324768 110.144749
8.341152 110.340201
8.357536 110.535654
8.37392 110.731107
8.390304 110.926560
8.406688 111.122013
8.423072 111.317466
8.439456 111.512919
8.45584 111.708372
8.472224 111.903825
8.488608 112.099278
8.504992 112.294730
8.521376 112.490183
8.53776 112.685636
8.554144 112.881089
8.570528 113.076542
8.586912 113.271995
8.603296 113.467448
8.61968 113.662901
8.636064 113.858354
8.652448 114.053807
8.668832 114.249260
8.668832 114.444712
8.685216 114.640165
8.7016 114.835618
8.717984 115.031071
8.734368 115.226524
8.750752 115.421977
8.767136 115.617430
8.78352 115.812883
8.799904 116.008336
8.816288 116.203789
8.832672 116.399241
8.849056 116.594694
8.86544 116.790147
8.881824 116.985600
8.898208 117.181053
8.914592 117.376506
8.930976 117.571959
8.94736 117.767412
8.963744 117.962865
8.980128 118.158318
8.996512 118.353771
9.012896 118.549223
9.02928 118.744676
9.045664 118.940129
9.062048 119.135582
9.078432 119.331035
9.094816 119.526488
9.1112 119.721941
9.127584 119.917394
9.143968 120.112847
9.160352 120.308300
9.176736 120.503753
9.19312 120.699205
9.209504 120.894658
9.225888 121.090111
9.242272 121.285564
9.258656 121.481017
9.27504 121.676470
9.291424 121.871923
9.307808 122.067376
9.324192 122.262829
9.340576 122.458282
9.340576 122.653734
9.35696 122.849187
9.373344 123.044640
9.389728 123.240093
9.406112 123.435546
9.422496 123.630999
9.43888 123.826452
9.455264 124.021905
9.471648 124.217358
9.488032 124.412811
9.504416 124.608264
9.5208 124.803716
9.537184 124.999169
9.553568 125.194622
9.569952 125.390075
9.586336 125.585528
9.60272 125.780981
9.619104 125.976434
9.635488 126.171887
9.651872 126.367340
9.668256 126.562793
9.68464 126.758245
9.701024 126.953698
9.717408 127.149151
9.733792 127.344604
9.750176 127.540057
9.76656 127.735510
9.782944 127.930963
9.799328 128.126416
9.815712 128.321869
9.832096 128.517322
9.84848 128.712775
9.864864 128.908227
9.881248 129.103680
9.897632 129.299133
9.914016 129.494586
9.9304 129.690039
9.946784 129.885492
9.963168 130.080945
9.979552 130.276398
9.995936 130.471851
10.01232 130.667304
10.028704 130.862756
10.028704 131.058209
10.045088 131.253662
10.061472 131.449115
10.077856 131.644568
10.09424 131.840021
10.110624 132.035474
10.127008 132.230927
10.143392 132.426380
10.159776 132.621833
10.17616 132.817286
10.192544 133.012738
10.208928 133.208191
10.225312 133.403644
10.241696 133.599097
10.25808 133.794550
10.274464 133.990003
10.290848 134.185456
10.307232 134.380909
10.323616 134.576362
10.34 134.771815
10.356384 134.967268
10.372768 135.162720
10.389152 135.358173
10.405536 135.553626
10.42192 135.749079
10.438304 135.944532
10.454688 136.139985
10.471072 136.335438
10.487456 136.530891
10.50384 136.726344
10.520224 136.921797
10.536608 137.117249
10.552992 137.312702
10.569376 137.508155
10.58576 137.703608
10.602144 137.899061
10.618528 138.094514
10.634912 138.289967
10.651296 138.485420
10.66768 138.680873
10.684064 138.876326
10.700448 139.071779
10.716832 139.267231
10.716832 139.462684
10.733216 139.658137
10.7496 139.853590
10.765984 140.049043
10.782368 140.244496
10.798752 140.439949
10.815136 140.635402
10.83152 140.830855
10.847904 141.026308
10.864288 141.221760
10.880672 141.417213
10.897056 141.612666
10.91344 141.808119
10.929824 142.003572
10.946208 142.199025
10.962592 142.394478
10.978976 142.589931
10.99536 142.785384
11.011744 142.980837
11.028128 143.176290
11.044512 143.371742
11.060896 143.567195
11.07728 143.762648
11.093664 143.958101
11.110048 144.153554
11.126432 144.349007
11.142816 144.544460
11.1592 144.739913
11.175584 144.935366
11.191968 145.130819
11.208352 145.326271
11.224736 145.521724
11.24112 145.717177
11.257504 145.912630
11.273888 146.108083
11.290272 146.303536
11.306656 146.498989
11.32304 146.694442
11.339424 146.889895
11.355808 147.085348
11.372192 147.280801
11.388576 147.476253
11.388576 147.671706
11.40496 147.867159
11.421344 148.062612
11.437728 148.258065
11.454112 148.453518
11.470496 148.648971
11.48688 148.844424
11.503264 149.039877
11.519648 149.235330
11.536032 149.430783
11.552416 149.626235
11.5688 149.821688
11.585184 150.017141
11.601568 150.212594
11.617952 150.408047
11.634336 150.603500
11.65072 150.798953
11.667104 150.994406
11.683488 151.189859
11.699872 151.385312
11.716256 151.580764
11.73264 151.776217
11.749024 151.971670
11.765408 152.167123
11.781792 152.362576
11.798176 152.558029
11.81456 152.753482
11.830944 152.948935
11.847328 153.144388
11.863712 153.339841
11.880096 153.535294
11.89648 153.730746
11.912864 153.926199
11.929248 154.121652
11.945632 154.317105
11.962016 154.512558
11.9784 154.708011
11.994784 154.903464
12.011168 155.098917
12.027552 155.294370
12.043936 155.489823
12.06032 155.685275
12.076704 155.880728
12.076704 156.076181
12.093088 156.271634
12.109472 156.467087
12.125856 156.662540
12.14224 156.857993
12.158624 157.053446
12.175008 157.248899
12.191392 157.444352
12.207776 157.639805
12.22416 157.835257
12.240544 158.030710
12.256928 158.226163
12.273312 158.421616
12.289696 158.617069
12.30608 158.812522
12.322464 159.007975
12.338848 159.203428
12.355232 159.398881
12.371616 159.594334
12.388 159.789786
12.404384 159.985239
12.420768 160.180692
12.437152 160.376145
12.453536 160.571598
12.46992 160.767051
12.486304 160.962504
12.502688 161.157957
12.519072 161.353410
12.535456 161.548863
12.55184 161.744316
12.568224 161.939768
12.584608 162.135221
12.600992 162.330674
12.617376 162.526127
12.63376 162.721580
12.650144 162.917033
12.666528 163.112486
12.682912 163.307939
12.699296 163.503392
12.71568 163.698845
12.732064 163.894298
12.748448 164.089750
12.764832 164.285203
12.764832 164.480656
12.781216 164.676109
12.7976 164.871562
12.813984 165.067015
12.830368 165.262468
12.846752 165.457921
12.863136 165.653374
12.87952 165.848827
12.895904 166.044279
12.912288 166.239732
12.928672 166.435185
12.945056 166.630638
12.96144 166.826091
12.977824 167.021544
12.994208 167.216997
13.010592 167.412450
13.026976 167.607903
13.04336 167.803356
13.059744 167.998809
13.076128 168.194261
13.092512 168.389714
13.108896 168.585167
13.12528 168.780620
13.141664 168.976073
13.158048 169.171526
13.174432 169.366979
13.190816 169.562432
13.2072 169.757885
13.223584 169.953338
13.239968 170.148790
13.256352 170.344243
13.272736 170.539696
13.28912 170.735149
13.305504 170.930602
13.321888 171.126055
13.338272 171.321508
13.354656 171.516961
13.37104 171.712414
13.387424 171.907867
13.403808 172.103320
13.420192 172.298772
13.436576 172.494225
13.436576 172.689678
13.45296 172.885131
13.469344 173.080584
13.485728 173.276037
13.502112 173.471490
13.518496 173.666943
13.53488 173.862396
13.551264 174.057849
13.567648 174.253301
13.584032 174.448754
13.600416 174.644207
13.6168 174.839660
13.633184 175.035113
13.649568 175.230566
13.665952 175.426019
13.682336 175.621472
13.69872 175.816925
13.715104 176.012378
13.731488 176.207831
13.747872 176.403283
13.764256 176.598736
13.78064 176.794189
13.797024 176.989642
13.813408 177.185095
13.829792 177.380548
13.846176 177.576001
13.86256 177.771454
13.878944 177.966907
13.895328 178.162360
13.911712 178.357813
13.928096 178.553265
13.94448 178.748718
13.960864 178.944171
13.977248 179.139624
13.993632 179.335077
14.010016 179.530530
14.0264 179.725983
14.042784 179.921436
14.059168 180.116889
14.075552 180.312342
14.091936 180.507794
14.10832 180.703247
14.124704 180.898700
14.124704 181.094153
14.141088 181.289606
14.157472 181.485059
14.173856 181.680512
14.19024 181.875965
14.206624 182.071418
14.223008 182.266871
14.239392 182.462324
14.255776 182.657776
14.27216 182.853229
14.288544 183.048682
14.304928 183.244135
14.321312 183.439588
14.337696 183.635041
14.35408 183.830494
14.370464 184.025947
14.386848 184.221400
14.403232 184.416853
14.419616 184.612305
14.436 184.807758
14.452384 185.003211
14.468768 185.198664
14.485152 185.394117
14.501536 185.589570
14.51792 185.785023
14.534304 185.980476
14.550688 186.175929
14.567072 186.371382
14.583456 186.566835
14.59984 186.762287
14.616224 186.957740
14.632608 187.153193
14.648992 187.348646
14.665376 187.544099
14.68176 187.739552
14.698144 187.935005
14.714528 188.130458
14.730912 188.325911
14.747296 188.521364
14.76368 188.716816
14.780064 188.912269
14.796448 189.107722
14.812832 189.303175
14.812832 189.498628
14.829216 189.694081
14.8456 189.889534
14.861984 190.084987
14.878368 190.280440
14.894752 190.475893
14.911136 190.671346
14.92752 190.866798
14.943904 191.062251
14.960288 191.257704
14.976672 191.453157
14.993056 191.648610
15.00944 191.844063
15.025824 192.039516
15.042208 192.234969
15.058592 192.430422
15.074976 192.625875
15.09136 192.821328
15.107744 193.016780
15.124128 193.212233
15.140512 193.407686
15.156896 193.603139
15.17328 193.798592
15.189664 193.994045
15.206048 194.189498
15.222432 194.384951
15.238816 194.580404
15.2552 194.775857
15.271584 194.971309
15.287968 195.166762
15.304352 195.362215
15.320736 195.557668
15.33712 195.753121
15.353504 195.948574
15.369888 196.144027
15.386272 196.339480
15.402656 196.534933
15.41904 196.730386
15.435424 196.925839
15.451808 197.121291
15.468192 197.316744
15.484576 197.512197
15.484576 197.707650
15.50096 197.903103
15.517344 198.098556
15.533728 198.294009
15.550112 198.489462
15.566496 198.684915
15.58288 198.880368
15.599264 199.075820
15.615648 199.271273
15.632032 199.466726
15.648416 199.662179
15.6648 199.857632
15.681184 200.053085
15.697568 200.248538
15.713952 200.443991
15.730336 200.639444
15.74672 200.834897
15.763104 201.030350
15.779488 201.225802
15.795872 201.421255
15.812256 201.616708
15.82864 201.812161
15.845024 202.007614
15.861408 202.203067
15.877792 202.398520
15.894176 202.593973
15.91056 202.789426
15.926944 202.984879
15.943328 203.180331
15.959712 203.375784
15.976096 203.571237
15.99248 203.766690
16.008864 203.962143
16.025248 204.157596
16.041632 204.353049
16.058016 204.548502
16.0744 204.743955
16.090784 204.939408
16.107168 205.134861
16.123552 205.330313
16.139936 205.525766
16.15632 205.721219
16.172704 205.916672
16.172704 206.112125
16.189088 206.307578
16.205472 206.503031
16.221856 206.698484
16.23824 206.893937
16.254624 207.089390
16.271008 207.284843
16.287392 207.480295
16.303776 207.675748
16.32016 207.871201
16.336544 208.066654
16.352928 208.262107
16.369312 208.457560
16.385696 208.653013
16.40208 208.848466
16.418464 209.043919
16.434848 209.239372
16.451232 209.434824
16.467616 209.630277
16.484 209.825730
16.500384 210.021183
16.516768 210.216636
16.533152 210.412089
16.549536 210.607542
16.56592 210.802995
16.582304 210.998448
16.598688 211.193901
16.615072 211.389354
16.631456 211.584806
16.64784 211.780259
16.664224 211.975712
16.680608 212.171165
16.696992 212.366618
16.713376 212.562071
16.72976 212.757524
16.746144 212.952977
16.762528 213.148430
16.778912 213.343883
16.795296 213.539335
16.81168 213.734788
16.828064 213.930241
16.844448 214.125694
16.860832 214.321147
16.860832 214.516600
16.877216 214.712053
16.8936 214.907506
16.909984 215.102959
16.926368 215.298412
16.942752 215.493865
16.959136 215.689317
16.97552 215.884770
16.991904 216.080223
17.008288 216.275676
17.024672 216.471129
17.041056 216.666582
17.05744 216.862035
17.073824 217.057488
17.090208 217.252941
17.106592 217.448394
17.122976 217.643846
17.13936 217.839299
17.155744 218.034752
17.172128 218.230205
17.188512 218.425658
17.204896 218.621111
17.22128 218.816564
17.237664 219.012017
17.254048 219.207470
17.270432 219.402923
17.286816 219.598376
17.3032 219.793828
17.319584 219.989281
17.335968 220.184734
17.352352 220.380187
17.368736 220.575640
17.38512 220.771093
17.401504 220.966546
17.417888 221.161999
17.434272 221.357452
17.450656 221.552905
17.46704 221.748358
17.483424 221.943810
17.499808 222.139263
17.516192 222.334716
17.532576 222.530169
17.532576 222.725622
17.54896 222.921075
17.565344 223.116528
17.581728 223.311981
17.598112 223.507434
17.614496 223.702887
17.63088 223.898339
17.647264 224.093792
17.663648 224.289245
17.680032 224.484698
17.696416 224.680151
17.7128 224.875604
17.729184 225.071057
17.745568 225.266510
17.761952 225.461963
17.778336 225.657416
17.79472 225.852869
17.811104 226.048321
17.827488 226.243774
17.843872 226.439227
17.860256 226.634680
17.87664 226.830133
17.893024 227.025586
17.909408 227.221039
17.925792 227.416492
17.942176 227.611945
17.95856 227.807398
17.974944 228.002850
17.991328 228.198303
18.007712 228.393756
18.024096 228.589209
18.04048 228.784662
18.056864 228.980115
18.073248 229.175568
18.089632 229.371021
18.106016 229.566474
18.1224 229.761927
18.138784 229.957380
18.155168 230.152832
18.171552 230.348285
18.187936 230.543738
18.20432 230.739191
18.220704 230.934644
18.220704 231.130097
18.237088 231.325550
18.253472 231.521003
18.269856 231.716456
18.28624 231.911909
18.302624 232.107361
18.319008 232.302814
18.335392 232.498267
18.351776 232.693720
18.36816 232.889173
18.384544 233.084626
18.400928 233.280079
18.417312 233.475532
18.433696 233.670985
18.45008 233.866438
18.466464 234.061891
18.482848 234.257343
18.499232 234.452796
18.515616 234.648249
18.532 234.843702
18.548384 235.039155
18.564768 235.234608
18.581152 235.430061
18.597536 235.625514
18.61392 235.820967
18.630304 236.016420
18.646688 236.211873
18.663072 236.407325
18.679456 236.602778
18.69584 236.798231
18.712224 236.993684
18.728608 237.189137
18.744992 237.384590
18.761376 237.580043
18.77776 237.775496
18.794144 237.970949
18.810528 238.166402
18.826912 238.361854
18.843296 238.557307
18.85968 238.752760
18.876064 238.948213
18.892448 239.143666
18.908832 239.339119
18.908832 239.534572
18.925216 239.730025
18.9416 239.925478
18.957984 240.120931
18.974368 240.316384
18.990752 240.511836
19.007136 240.707289
19.02352 240.902742
19.039904 241.098195
19.056288 241.293648
19.072672 241.489101
19.089056 241.684554
19.10544 241.880007
19.121824 242.075460
19.138208 242.270913
19.154592 242.466365
19.170976 242.661818
19.18736 242.857271
19.203744 243.052724
19.220128 243.248177
19.236512 243.443630
19.252896 243.639083
19.26928 243.834536
19.285664 244.029989
19.302048 244.225442
19.318432 244.420895
19.334816 244.616347
19.3512 244.811800
19.367584 245.007253
19.383968 245.202706
19.400352 245.398159
19.416736 245.593612
19.43312 245.789065
19.449504 245.984518
19.465888 246.179971
19.482272 246.375424
19.498656 246.570877
19.51504 246.766329
19.531424 246.961782
19.547808 247.157235
19.564192 247.352688
19.580576 247.548141
19.580576 247.743594
19.59696 247.939047
19.613344 248.134500
19.629728 248.329953
19.646112 248.525406
19.662496 248.720858
19.67888 248.916311
19.695264 249.111764
19.711648 249.307217
19.728032 249.502670
19.744416 249.698123
19.7608 249.893576
19.777184 250.089029
19.793568 250.284482
19.809952 250.479935
19.826336 250.675388
19.84272 250.870840
19.859104 251.066293
19.875488 251.261746
19.891872 251.457199
19.908256 251.652652
19.92464 251.848105
19.941024 252.043558
19.957408 252.239011
19.973792 252.434464
19.990176 252.629917
20.00656 252.825369
20.022944 253.020822
20.039328 253.216275
20.055712 253.411728
20.072096 253.607181
20.08848 253.802634
20.104864 253.998087
20.121248 254.193540
20.137632 254.388993
20.154016 254.584446
20.1704 254.779899
20.186784 254.975351
20.203168 255.170804
20.219552 255.366257
20.235936 255.561710
20.25232 255.757163
20.268704 255.952616
20.268704 256.148069
20.285088 256.343522
20.301472 256.538975
20.317856 256.734428
20.33424 256.929880
20.350624 257.125333
20.367008 257.320786
20.383392 257.516239
20.399776 257.711692
20.41616 257.907145
20.432544 258.102598
20.448928 258.298051
20.465312 258.493504
20.481696 258.688957
20.49808 258.884410
20.514464 259.079862
20.530848 259.275315
20.547232 259.470768
20.563616 259.666221
20.58 259.861674
20.596384 260.057127
20.612768 260.252580
20.629152 260.448033
20.645536 260.643486
20.66192 260.838939
20.678304 261.034392
20.694688 261.229844
20.711072 261.425297
20.727456 261.620750
20.74384 261.816203
20.760224 262.011656
20.776608 262.207109
20.792992 262.402562
20.809376 262.598015
20.82576 262.793468
20.842144 262.988921
20.858528 263.184373
20.874912 263.379826
20.891296 263.575279
20.90768 263.770732
20.924064 263.966185
20.940448 264.161638
20.956832 264.357091
20.956832 264.552544
20.973216 264.747997
20.9896 264.943450
21.005984 265.138903
21.022368 265.334355
21.038752 265.529808
21.055136 265.725261
21.07152 265.920714
21.087904 266.116167
21.104288 266.311620
21.120672 266.507073
21.137056 266.702526
21.15344 266.897979
21.169824 267.093432
21.186208 267.288884
21.202592 267.484337
21.218976 267.679790
21.23536 267.875243
21.251744 268.070696
21.268128 268.266149
21.284512 268.461602
21.300896 268.657055
21.31728 268.852508
21.333664 269.047961
21.350048 269.243414
21.366432 269.438866
21.382816 269.634319
21.3992 269.829772
21.415584 270.025225
21.431968 270.220678
21.448352 270.416131
21.464736 270.611584
21.48112 270.807037
21.497504 271.002490
21.513888 271.197943
21.530272 271.393395
21.546656 271.588848
21.56304 271.784301
21.579424 271.979754
21.595808 272.175207
21.612192 272.370660
21.628576 272.566113
21.628576 272.761566
21.64496 272.957019
21.661344 273.152472
21.677728 273.347925
21.694112 273.543377
21.710496 273.738830
21.72688 273.934283
21.743264 274.129736
21.759648 274.325189
21.776032 274.520642
21.792416 274.716095
21.8088 274.911548
21.825184 275.107001
21.841568 275.302454
21.857952 275.497907
21.874336 275.693359
21.89072 275.888812
21.907104 276.084265
21.923488 276.279718
21.939872 276.475171
21.956256 276.670624
21.97264 276.866077
21.989024 277.061530
22.005408 277.256983
22.021792 277.452436
22.038176 277.647888
22.05456 277.843341
22.070944 278.038794
22.087328 278.234247
22.103712 278.429700
22.120096 278.625153
22.13648 278.820606
22.152864 279.016059
22.169248 279.211512
22.185632 279.406965
22.202016 279.602418
22.2184 279.797870
22.234784 279.993323
22.251168 280.188776
22.267552 280.384229
22.283936 280.579682
22.30032 280.775135
22.316704 280.970588
22.316704 281.166041
22.333088 281.361494
22.349472 281.556947
22.365856 281.752399
22.38224 281.947852
22.398624 282.143305
22.415008 282.338758
22.431392 282.534211
22.447776 282.729664
22.46416 282.925117
22.480544 283.120570
22.496928 283.316023
22.513312 283.511476
22.529696 283.706929
22.54608 283.902381
22.562464 284.097834
22.578848 284.293287
22.595232 284.488740
22.611616 284.684193
22.628 284.879646
22.644384 285.075099
22.660768 285.270552
22.677152 285.466005
22.693536 285.661458
22.70992 285.856910
22.726304 286.052363
22.742688 286.247816
22.759072 286.443269
22.775456 286.638722
22.79184 286.834175
22.808224 287.029628
22.824608 287.225081
22.840992 287.420534
22.857376 287.615987
22.87376 287.811440
22.890144 288.006892
22.906528 288.202345
22.922912 288.397798
22.939296 288.593251
22.95568 288.788704
22.972064 288.984157
22.988448 289.179610
23.004832 289.375063
23.004832 289.570516
23.021216 289.765969
23.0376 289.961422
23.053984 290.156874
23.070368 290.352327
23.086752 290.547780
23.103136 290.743233
23.11952 290.938686
23.135904 291.134139
23.152288 291.329592
23.168672 291.525045
23.185056 291.720498
23.20144 291.915951
23.217824 292.111403
23.234208 292.306856
23.250592 292.502309
23.266976 292.697762
23.28336 292.893215
23.299744 293.088668
23.316128 293.284121
23.332512 293.479574
23.348896 293.675027
23.36528 293.870480
23.381664 294.065933
23.398048 294.261385
23.414432 294.456838
23.430816 294.652291
23.4472 294.847744
23.463584 295.043197
23.479968 295.238650
23.496352 295.434103
23.512736 295.629556
23.52912 295.825009
23.545504 296.020462
23.561888 296.215914
23.578272 296.411367
23.594656 296.606820
23.61104 296.802273
23.627424 296.997726
23.643808 297.193179
23.660192 297.388632
23.676576 297.584085
23.676576 297.779538
23.69296 297.974991
23.709344 298.170444
23.725728 298.365896
23.742112 298.561349
23.758496 298.756802
23.77488 298.952255
23.791264 299.147708
23.807648 299.343161
23.824032 299.538614
23.840416 299.734067
23.8568 299.929520
23.873184 300.124973
23.889568 300.320425
23.905952 300.515878
23.922336 300.711331
23.93872 300.906784
23.955104 301.102237
23.971488 301.297690
23.987872 301.493143
24.004256 301.688596
24.02064 301.884049
24.037024 302.079502
24.053408 302.274955
24.069792 302.470407
24.086176 302.665860
24.10256 302.861313
24.118944 303.056766
24.135328 303.252219
24.151712 303.447672
24.168096 303.643125
24.18448 303.838578
24.200864 304.034031
24.217248 304.229484
24.233632 304.424937
24.250016 304.620389
24.2664 304.815842
24.282784 305.011295
24.299168 305.206748
24.315552 305.402201
24.331936 305.597654
24.34832 305.793107
24.364704 305.988560
24.364704 306.184013
24.381088 306.379466
24.397472 306.574918
24.413856 306.770371
24.43024 306.965824
24.446624 307.161277
24.463008 307.356730
24.479392 307.552183
24.495776 307.747636
24.51216 307.943089
24.528544 308.138542
24.544928 308.333995
24.561312 308.529448
24.577696 308.724900
24.59408 308.920353
24.610464 309.115806
24.626848 309.311259
24.643232 309.506712
24.659616 309.702165
24.676 309.897618
24.692384 310.093071
24.708768 310.288524
24.725152 310.483977
24.741536 310.679429
24.75792 310.874882
24.774304 311.070335
24.790688 311.265788
24.807072 311.461241
24.823456 311.656694
24.83984 311.852147
24.856224 312.047600
24.872608 312.243053
24.888992 312.438506
24.905376 312.633959
24.92176 312.829411
24.938144 313.024864
24.954528 313.220317
24.970912 313.415770
24.987296 313.611223
25.00368 313.806676
25.020064 314.002129
25.036448 314.197582
25.052832 314.393035
25.052832 314.588488
25.069216 314.783940
25.0856 314.979393
25.101984 315.174846
25.118368 315.370299
25.134752 315.565752
25.151136 315.761205
25.16752 315.956658
25.183904 316.152111
25.200288 316.347564
25.216672 316.543017
25.233056 316.738470
25.24944 316.933922
25.265824 317.129375
25.282208 317.324828
25.298592 317.520281
25.314976 317.715734
25.33136 317.911187
25.347744 318.106640
25.364128 318.302093
25.380512 318.497546
25.396896 318.692999
25.41328 318.888452
25.429664 319.083904
25.446048 319.279357
25.462432 319.474810
25.478816 319.670263
25.4952 319.865716
25.511584 320.061169
25.527968 320.256622
25.544352 320.452075
25.560736 320.647528
25.57712 320.842981
25.593504 321.038433
25.609888 321.233886
25.626272 321.429339
25.642656 321.624792
25.65904 321.820245
25.675424 322.015698
25.691808 322.211151
25.708192 322.406604
25.724576 322.602057
25.724576 322.797510
25.74096 322.992963
25.757344 323.188415
25.773728 323.383868
25.790112 323.579321
25.806496 323.774774
25.82288 323.970227
25.839264 324.165680
25.855648 324.361133
25.872032 324.556586
25.888416 324.752039
25.9048 324.947492
25.921184 325.142944
25.937568 325.338397
25.953952 325.533850
25.970336 325.729303
25.98672 325.924756
26.003104 326.120209
26.019488 326.315662
26.035872 326.511115
26.052256 326.706568
26.06864 326.902021
26.085024 327.097474
26.101408 327.292926
26.117792 327.488379
26.134176 327.683832
26.15056 327.879285
26.166944 328.074738
26.183328 328.270191
26.199712 328.465644
26.216096 328.661097
26.23248 328.856550
26.248864 329.052003
26.265248 329.247455
26.281632 329.442908
26.298016 329.638361
26.3144 329.833814
26.330784 330.029267
26.347168 330.224720
26.363552 330.420173
26.379936 330.615626
26.39632 330.811079
26.412704 331.006532
26.412704 331.201985
26.429088 331.397437
26.445472 331.592890
26.461856 331.788343
26.47824 331.983796
26.494624 332.179249
26.511008 332.374702
26.527392 332.570155
26.543776 332.765608
26.56016 332.961061
26.576544 333.156514
26.592928 333.351967
26.609312 333.547419
26.625696 333.742872
26.64208 333.938325
26.658464 334.133778
26.674848 334.329231
26.691232 334.524684
26.707616 334.720137
26.724 334.915590
26.740384 335.111043
26.756768 335.306496
26.773152 335.501948
26.789536 335.697401
26.80592 335.892854
26.822304 336.088307
26.838688 336.283760
26.855072 336.479213
26.871456 336.674666
26.88784 336.870119
26.904224 337.065572
26.920608 337.261025
26.936992 337.456478
26.953376 337.651930
26.96976 337.847383
26.986144 338.042836
27.002528 338.238289
27.018912 338.433742
27.035296 338.629195
27.05168 338.824648
27.068064 339.020101
27.084448 339.215554
27.100832 339.411007
27.100832 339.606459
27.117216 339.801912
27.1336 339.997365
27.149984 340.192818
27.166368 340.388271
27.182752 340.583724
27.199136 340.779177
27.21552 340.974630
27.231904 341.170083
27.248288 341.365536
27.264672 341.560989
27.281056 341.756441
27.29744 341.951894
27.313824 342.147347
27.330208 342.342800
27.346592 342.538253
27.362976 342.733706
27.37936 342.929159
27.395744 343.124612
27.412128 343.320065
27.428512 343.515518
27.444896 343.710970
27.46128 343.906423
27.477664 344.101876
27.494048 344.297329
27.510432 344.492782
27.526816 344.688235
27.5432 344.883688
27.559584 345.079141
27.575968 345.274594
27.592352 345.470047
27.608736 345.665500
27.62512 345.860952
27.641504 346.056405
27.657888 346.251858
27.674272 346.447311
27.690656 346.642764
27.70704 346.838217
27.723424 347.033670
27.739808 347.229123
27.756192 347.424576
27.772576 347.620029
27.772576 347.815482
27.78896 348.010934
27.805344 348.206387
27.821728 348.401840
27.838112 348.597293
27.854496 348.792746
27.87088 348.988199
27.887264 349.183652
27.903648 349.379105
27.920032 349.574558
27.936416 349.770011
27.9528 349.965463
27.969184 350.160916
27.985568 350.356369
28.001952 350.551822
28.018336 350.747275
28.03472 350.942728
28.051104 351.138181
28.067488 351.333634
28.083872 351.529087
28.100256 351.724540
28.11664 351.919993
28.133024 352.115445
28.149408 352.310898
28.165792 352.506351
28.182176 352.701804
28.19856 352.897257
28.214944 353.092710
28.231328 353.288163
28.247712 353.483616
28.264096 353.679069
28.28048 353.874522
28.296864 354.069974
28.313248 354.265427
28.329632 354.460880
28.346016 354.656333
28.3624 354.851786
28.378784 355.047239
28.395168 355.242692
28.411552 355.438145
28.427936 355.633598
28.44432 355.829051
28.460704 356.024504
28.460704 356.219956
28.477088 356.415409
28.493472 356.610862
28.509856 356.806315
28.52624 357.001768
28.542624 357.197221
28.559008 357.392674
28.575392 357.588127
28.591776 357.783580
28.60816 357.979033
28.624544 358.174485
28.640928 358.369938
28.657312 358.565391
28.673696 358.760844
28.69008 358.956297
28.706464 359.151750
28.722848 359.347203
28.739232 359.542656
28.755616 359.738109
28.772 359.933562
28.788384 360.129015
28.804768 360.324467
28.821152 360.519920
28.837536 360.715373
28.85392 360.910826
28.870304 361.106279
28.886688 361.301732
28.903072 361.497185
28.919456 361.692638
28.93584 361.888091
28.952224 362.083544
28.968608 362.278997
28.984992 362.474449
29.001376 362.669902
29.01776 362.865355
29.034144 363.060808
29.050528 363.256261
29.066912 363.451714
29.083296 363.647167
29.09968 363.842620
29.116064 364.038073
29.132448 364.233526
29.148832 364.428978
29.148832 364.624431
29.165216 364.819884
29.1816 365.015337
29.197984 365.210790
29.214368 365.406243
29.230752 365.601696
29.247136 365.797149
29.26352 365.992602
29.279904 366.188055
29.296288 366.383508
29.312672 366.578960
29.329056 366.774413
29.34544 366.969866
29.361824 367.165319
29.378208 367.360772
29.394592 367.556225
29.410976 367.751678
29.42736 367.947131
29.443744 368.142584
29.460128 368.338037
29.476512 368.533489
29.492896 368.728942
29.50928 368.924395
29.525664 369.119848
29.542048 369.315301
29.558432 369.510754
29.574816 369.706207
29.5912 369.901660
29.607584 370.097113
29.623968 370.292566
29.640352 370.488019
29.656736 370.683471
29.67312 370.878924
29.689504 371.074377
29.705888 371.269830
29.722272 371.465283
29.738656 371.660736
29.75504 371.856189
29.771424 372.051642
29.787808 372.247095
29.804192 372.442548
29.820576 372.638001
29.820576 372.833453
29.83696 373.028906
29.853344 373.224359
29.869728 373.419812
29.886112 373.615265
29.902496 373.810718
29.91888 374.006171
29.935264 374.201624
29.951648 374.397077
29.968032 374.592530
29.984416 374.787982
30.0008 374.983435
30.017184 375.178888
30.033568 375.374341
30.049952 375.569794
30.066336 375.765247
30.08272 375.960700
30.099104 376.156153
30.115488 376.351606
30.131872 376.547059
30.148256 376.742512
30.16464 376.937964
30.181024 377.133417
30.197408 377.328870
30.213792 377.524323
30.230176 377.719776
30.24656 377.915229
30.262944 378.110682
30.279328 378.306135
30.295712 378.501588
30.312096 378.697041
30.32848 378.892493
30.344864 379.087946
30.361248 379.283399
30.377632 379.478852
30.394016 379.674305
30.4104 379.869758
30.426784 380.065211
30.443168 380.260664
30.459552 380.456117
30.475936 380.651570
30.49232 380.847023
30.508704 381.042475
30.508704 381.237928
30.525088 381.433381
30.541472 381.628834
30.557856 381.824287
30.57424 382.019740
30.590624 382.215193
30.607008 382.410646
30.623392 382.606099
30.639776 382.801552
30.65616 382.997004
30.672544 383.192457
30.688928 383.387910
30.705312 383.583363
30.721696 383.778816
30.73808 383.974269
30.754464 384.169722
30.770848 384.365175
30.787232 384.560628
30.803616 384.756081
30.82 384.951534
30.836384 385.146986
30.852768 385.342439
30.869152 385.537892
30.885536 385.733345
30.90192 385.928798
30.918304 386.124251
30.934688 386.319704
30.951072 386.515157
30.967456 386.710610
30.98384 386.906063
31.000224 387.101516
31.016608 387.296968
31.032992 387.492421
31.049376 387.687874
31.06576 387.883327
31.082144 388.078780
31.098528 388.274233
31.114912 388.469686
31.131296 388.665139
31.14768 388.860592
31.164064 389.056045
31.180448 389.251497
31.196832 389.446950
31.196832 389.642403
31.213216 389.837856
31.2296 390.033309
31.245984 390.228762
31.262368 390.424215
31.278752 390.619668
31.295136 390.815121
31.31152 391.010574
31.327904 391.206027
31.344288 391.401479
31.360672 391.596932
31.377056 391.792385
31.39344 391.987838
31.409824 392.183291
31.426208 392.378744
31.442592 392.574197
31.458976 392.769650
31.47536 392.965103
31.491744 393.160556
31.508128 393.356008
31.524512 393.551461
31.540896 393.746914
31.55728 393.942367
31.573664 394.137820
31.590048 394.333273
31.606432 394.528726
31.622816 394.724179
31.6392 394.919632
31.655584 395.115085
31.671968 395.310538
31.688352 395.505990
31.704736 395.701443
31.72112 395.896896
31.737504 396.092349
31.753888 396.287802
31.770272 396.483255
31.786656 396.678708
31.80304 396.874161
31.819424 397.069614
31.835808 397.265067
31.852192 397.460519
31.868576 397.655972
31.868576 397.851425
31.88496 398.046878
31.901344 398.242331
31.917728 398.437784
31.934112 398.633237
31.950496 398.828690
31.96688 399.024143
31.983264 399.219596
31.999648 399.415049
32.016032 399.610501
32.032416 399.805954
32.0488 400.001407
32.065184 400.196860
32.081568 400.392313
32.097952 400.587766
32.114336 400.783219
32.13072 400.978672
32.147104 401.174125
32.163488 401.369578
32.179872 401.565031
32.196256 401.760483
32.21264 401.955936
32.229024 402.151389
32.245408 402.346842
32.261792 402.542295
32.278176 402.737748
32.29456 402.933201
32.310944 403.128654
32.327328 403.324107
32.343712 403.519560
32.360096 403.715012
32.37648 403.910465
32.392864 404.105918
32.409248 404.301371
32.425632 404.496824
32.442016 404.692277
32.4584 404.887730
32.474784 405.083183
32.491168 405.278636
32.507552 405.474089
32.523936 405.669542
32.54032 405.864994
32.556704 406.060447
32.556704 406.255900
32.573088 406.451353
32.589472 406.646806
32.605856 406.842259
32.62224 407.037712
32.638624 407.233165
32.655008 407.428618
32.671392 407.624071
32.687776 407.819523
32.70416 408.014976
32.720544 408.210429
32.736928 408.405882
32.753312 408.601335
32.769696 408.796788
32.78608 408.992241
32.802464 409.187694
32.818848 409.383147
32.835232 409.578600
32.851616 409.774053
32.868 409.969505
32.884384 410.164958
32.900768 410.360411
32.917152 410.555864
32.933536 410.751317
32.94992 410.946770
32.966304 411.142223
32.982688 411.337676
32.999072 411.533129
33.015456 411.728582
33.03184 411.924034
33.048224 412.119487
33.064608 412.314940
33.080992 412.510393
33.097376 412.705846
33.11376 412.901299
33.130144 413.096752
33.146528 413.292205
33.162912 413.487658
33.179296 413.683111
33.19568 413.878564
33.212064 414.074016
33.228448 414.269469
33.244832 414.464922
33.244832 414.660375
33.261216 414.855828
33.2776 415.051281
33.293984 415.246734
33.310368 415.442187
33.326752 415.637640
33.343136 415.833093
33.35952 416.028546
33.375904 416.223998
33.392288 416.419451
33.408672 416.614904
33.425056 416.810357
33.44144 417.005810
33.457824 417.201263
33.474208 417.396716
33.490592 417.592169
33.506976 417.787622
33.52336 417.983075
33.539744 418.178527
33.556128 418.373980
33.572512 418.569433
33.588896 418.764886
33.60528 418.960339
33.621664 419.155792
33.638048 419.351245
33.654432 419.546698
33.670816 419.742151
33.6872 419.937604
33.703584 420.133057
33.719968 420.328509
33.736352 420.523962
33.752736 420.719415
33.76912 420.914868
33.785504 421.110321
33.801888 421.305774
33.818272 421.501227
33.834656 421.696680
33.85104 421.892133
33.867424 422.087586
33.883808 422.283038
33.900192 422.478491
33.916576 422.673944
33.916576 422.869397
33.93296 423.064850
33.949344 423.260303
33.965728 423.455756
33.982112 423.651209
33.998496 423.846662
34.01488 424.042115
34.031264 424.237568
34.047648 424.433020
34.064032 424.628473
34.080416 424.823926
34.0968 425.019379
34.113184 425.214832
34.129568 425.410285
34.145952 425.605738
34.162336 425.801191
34.17872 425.996644
34.195104 426.192097
34.211488 426.387549
34.227872 426.583002
34.244256 426.778455
34.26064 426.973908
34.277024 427.169361
34.293408 427.364814
34.309792 427.560267
34.326176 427.755720
34.34256 427.951173
34.358944 428.146626
34.375328 428.342079
34.391712 428.537531
34.408096 428.732984
34.42448 428.928437
34.440864 429.123890
34.457248 429.319343
34.473632 429.514796
34.490016 429.710249
34.5064 429.905702
34.522784 430.101155
34.539168 430.296608
34.555552 430.492061
34.571936 430.687513
34.58832 430.882966
34.604704 431.078419
34.604704 431.273872
34.621088 431.469325
34.637472 431.664778
34.653856 431.860231
34.67024 432.055684
34.686624 432.251137
34.703008 432.446590
34.719392 432.642042
34.735776 432.837495
34.75216 433.032948
34.768544 433.228401
34.784928 433.423854
34.801312 433.619307
34.817696 433.814760
34.83408 434.010213
34.850464 434.205666
34.866848 434.401119
34.883232 434.596572
34.899616 434.792024
34.916 434.987477
34.932384 435.182930
34.948768 435.378383
34.965152 435.573836
34.981536 435.769289
34.99792 435.964742
35.014304 436.160195
35.030688 436.355648
35.047072 436.551101
35.063456 436.746553
35.07984 436.942006
35.096224 437.137459
35.112608 437.332912
35.128992 437.528365
35.145376 437.723818
35.16176 437.919271
35.178144 438.114724
35.194528 438.310177
35.210912 438.505630
35.227296 438.701083
35.24368 438.896535
35.260064 439.091988
35.276448 439.287441
35.292832 439.482894
35.292832 439.678347
35.309216 439.873800
35.3256 440.069253
35.341984 440.264706
35.358368 440.460159
35.374752 440.655612
35.391136 440.851064
35.40752 441.046517
35.423904 441.241970
35.440288 441.437423
35.456672 441.632876
35.473056 441.828329
35.48944 442.023782
35.505824 442.219235
35.522208 442.414688
35.538592 442.610141
35.554976 442.805594
35.57136 443.001046
35.587744 443.196499
35.604128 443.391952
35.620512 443.587405
35.636896 443.782858
35.65328 443.978311
35.669664 444.173764
35.686048 444.369217
35.702432 444.564670
35.718816 444.760123
35.7352 444.955576
35.751584 445.151028
35.767968 445.346481
35.784352 445.541934
35.800736 445.737387
35.81712 445.932840
35.833504 446.128293
35.849888 446.323746
35.866272 446.519199
35.882656 446.714652
35.89904 446.910105
35.915424 447.105557
35.931808 447.301010
35.948192 447.496463
35.964576 447.691916
35.964576 447.887369
35.98096 448.082822
35.997344 448.278275
36.013728 448.473728
36.030112 448.669181
36.046496 448.864634
36.06288 449.060087
36.079264 449.255539
36.095648 449.450992
36.112032 449.646445
36.128416 449.841898
36.1448 450.037351
36.161184 450.232804
36.177568 450.428257
36.193952 450.623710
36.210336 450.819163
36.22672 451.014616
36.243104 451.210068
36.259488 451.405521
36.275872 451.600974
36.292256 451.796427
36.30864 451.991880
36.325024 452.187333
36.341408 452.382786
36.357792 452.578239
36.374176 452.773692
36.39056 452.969145
36.406944 453.164598
36.423328 453.360050
36.439712 453.555503
36.456096 453.750956
36.47248 453.946409
36.488864 454.141862
36.505248 454.337315
36.521632 454.532768
36.538016 454.728221
36.5544 454.923674
36.570784 455.119127
36.587168 455.314579
36.603552 455.510032
36.619936 455.705485
36.63632 455.900938
36.652704 456.096391
36.652704 456.291844
36.669088 456.487297
36.685472 456.682750
36.701856 456.878203
36.71824 457.073656
36.734624 457.269109
36.751008 457.464561
36.767392 457.660014
36.783776 457.855467
36.80016 458.050920
36.816544 458.246373
36.832928 458.441826
36.849312 458.637279
36.865696 458.832732
36.88208 459.028185
36.898464 459.223638
36.914848 459.419091
36.931232 459.614543
36.947616 459.809996
36.964 460.005449
36.980384 460.200902
36.996768 460.396355
37.013152 460.591808
37.029536 460.787261
37.04592 460.982714
37.062304 461.178167
37.078688 461.373620
37.095072 461.569072
37.111456 461.764525
37.12784 461.959978
37.144224 462.155431
37.160608 462.350884
37.176992 462.546337
37.193376 462.741790
37.20976 462.937243
37.226144 463.132696
37.242528 463.328149
37.258912 463.523602
37.275296 463.719054
37.29168 463.914507
37.308064 464.109960
37.324448 464.305413
37.340832 464.500866
37.340832 464.696319
37.357216 464.891772
37.3736 465.087225
37.389984 465.282678
37.406368 465.478131
37.422752 465.673583
37.439136 465.869036
37.45552 466.064489
37.471904 466.259942
37.488288 466.455395
37.504672 466.650848
37.521056 466.846301
37.53744 467.041754
37.553824 467.237207
37.570208 467.432660
37.586592 467.628113
37.602976 467.823565
37.61936 468.019018
37.635744 468.214471
37.652128 468.409924
37.668512 468.605377
37.684896 468.800830
37.70128 468.996283
37.717664 469.191736
37.734048 469.387189
37.750432 469.582642
37.766816 469.778094
37.7832 469.973547
37.799584 470.169000
37.815968 470.364453
37.832352 470.559906
37.848736 470.755359
37.86512 470.950812
37.881504 471.146265
37.897888 471.341718
37.914272 471.537171
37.930656 471.732624
37.94704 471.928076
37.963424 472.123529
37.979808 472.318982
37.996192 472.514435
38.012576 472.709888
38.012576 472.905341
38.02896 473.100794
38.045344 473.296247
38.061728 473.491700
38.078112 473.687153
38.094496 473.882606
38.11088 474.078058
38.127264 474.273511
38.143648 474.468964
38.160032 474.664417
38.176416 474.859870
38.1928 475.055323
38.209184 475.250776
38.225568 475.446229
38.241952 475.641682
38.258336 475.837135
38.27472 476.032587
38.291104 476.228040
38.307488 476.423493
38.323872 476.618946
38.340256 476.814399
38.35664 477.009852
38.373024 477.205305
38.389408 477.400758
38.405792 477.596211
38.422176 477.791664
38.43856 477.987117
38.454944 478.182569
38.471328 478.378022
38.487712 478.573475
38.504096 478.768928
38.52048 478.964381
38.536864 479.159834
38.553248 479.355287
38.569632 479.550740
38.586016 479.746193
38.6024 479.941646
38.618784 480.137098
38.635168 480.332551
38.651552 480.528004
38.667936 480.723457
38.68432 480.918910
38.700704 481.114363
38.700704 481.309816
38.717088 481.505269
38.733472 481.700722
38.749856 481.896175
38.76624 482.091628
38.782624 482.287080
38.799008 482.482533
38.815392 482.677986
38.831776 482.873439
38.84816 483.068892
38.864544 483.264345
38.880928 483.459798
38.897312 483.655251
38.913696 483.850704
38.93008 484.046157
38.946464 484.241609
38.962848 484.437062
38.979232 484.632515
38.995616 484.827968
39.012 485.023421
39.028384 485.218874
39.044768 485.414327
39.061152 485.609780
39.077536 485.805233
39.09392 486.000686
39.110304 486.196139
39.126688 486.391591
39.143072 486.587044
39.159456 486.782497
39.17584 486.977950
39.192224 487.173403
39.208608 487.368856
39.224992 487.564309
39.241376 487.759762
39.25776 487.955215
39.274144 488.150668
39.290528 488.346121
39.306912 488.541573
39.323296 488.737026
39.33968 488.932479
39.356064 489.127932
39.372448 489.323385
39.388832 489.518838
39.388832 489.714291
39.405216 489.909744
39.4216 490.105197
39.437984 490.300650
39.454368 490.496102
39.470752 490.691555
39.487136 490.887008
39.50352 491.082461
39.519904 491.277914
39.536288 491.473367
39.552672 491.668820
39.569056 491.864273
39.58544 492.059726
39.601824 492.255179
39.618208 492.450632
39.634592 492.646084
39.650976 492.841537
39.66736 493.036990
39.683744 493.232443
39.700128 493.427896
39.716512 493.623349
39.732896 493.818802
39.74928 494.014255
39.765664 494.209708
39.782048 494.405161
39.798432 494.600613
39.814816 494.796066
39.8312 494.991519
39.847584 495.186972
39.863968 495.382425
39.880352 495.577878
39.896736 495.773331
39.91312 495.968784
39.929504 496.164237
39.945888 496.359690
39.962272 496.555143
39.978656 496.750595
39.99504 496.946048
