0.1 0.195433
0.1 0.390865
0.1 0.586298
0.1 0.781731
0.1 0.977164
0.1 1.000616
0.14096 1.196048
0.14096 1.391481
0.14096 1.586914
0.14096 1.782347
0.14096 1.977779
0.14096 2.001231
0.18192 2.196664
0.18192 2.392097
0.18192 2.587529
0.18192 2.782962
0.18192 2.978395
0.18192 3.001847
0.22288 3.197280
0.22288 3.392712
0.22288 3.588145
0.22288 3.783578
0.22288 3.979011
0.22288 4.002462
0.26384 4.197895
0.26384 4.393328
0.26384 4.588761
0.26384 4.784193
0.26384 4.979626
0.26384 5.003078
0.3048 5.198511
0.3048 5.393944
0.3048 5.589376
0.3048 5.784809
0.3048 5.980242
0.3048 6.003694
0.34576 6.199126
0.34576 6.394559
0.34576 6.589992
0.34576 6.785425
0.34576 6.980857
0.34576 7.004309
0.38672 7.199742
0.38672 7.395175
0.38672 7.590608
0.38672 7.786040
0.38672 7.981473
0.38672 8.004925
0.42768 8.200358
0.42768 8.395790
0.42768 8.591223
0.42768 8.786656
0.42768 8.982089
0.42768 9.005541
0.46864 9.200973
0.46864 9.396406
0.46864 9.591839
0.46864 9.787271
0.46864 9.982704
0.46864 10.006156
0.5096 10.201589
0.5096 10.397022
0.5096 10.592454
0.5096 10.787887
0.5096 10.983320
0.5096 11.006772
0.55056 11.202204
0.55056 11.397637
0.55056 11.593070
0.55056 11.788503
0.55056 11.983935
0.55056 12.007387
0.59152 12.202820
0.59152 12.398253
0.59152 12.593686
0.59152 12.789118
0.59152 12.984551
0.59152 13.008003
0.63248 13.203436
0.63248 13.398868
0.63248 13.594301
0.63248 13.789734
0.63248 13.985167
0.63248 14.008619
0.67344 14.204051
0.67344 14.399484
0.67344 14.594917
0.67344 14.790350
0.67344 14.985782
0.67344 15.009234
0.7144 15.204667
0.7144 15.400100
0.7144 15.595532
0.7144 15.790965
0.75536 15.986398
0.75536 16.181831
0.75536 16.377263
0.79632 16.572696
0.79632 16.768129
0.79632 16.963562
0.83728 17.158994
0.83728 17.354427
0.83728 17.549860
0.87824 17.745293
0.87824 17.940725
0.87824 18.136158
0.9192 18.331591
0.9192 18.527023
0.9192 18.722456
0.96016 18.917889
0.96016 19.113322
0.96016 19.308754
1.00112 19.504187
1.00112 19.699620
1.00112 19.895053
1.04208 20.090485
1.04208 20.285918
1.04208 20.481351
1.08304 20.676784
1.08304 20.872216
1.08304 21.067649
1.124 21.263082
1.124 21.458515
1.124 21.653947
1.16496 21.849380
1.16496 22.044813
1.16496 22.240245
1.20592 22.435678
1.20592 22.631111
1.20592 22.826544
1.24688 23.021976
1.24688 23.217409
1.24688 23.412842
1.28784 23.608275
1.28784 23.803707
1.28784 23.999140
1.3288 24.194573
1.3288 24.390006
1.3288 24.585438
1.36976 24.780871
1.36976 24.976304
1.36976 25.171737
1.41072 25.367169
1.41072 25.562602
1.41072 25.758035
1.45168 25.953467
1.45168 26.148900
1.49264 26.344333
1.49264 26.539766
1.49264 26.735198
1.5336 26.930631
1.5336 27.126064
1.57456 27.321497
1.57456 27.516929
1.57456 27.712362
1.61552 27.907795
1.61552 28.103228
1.65648 28.298660
1.65648 28.494093
1.65648 28.689526
1.69744 28.884959
1.69744 29.080391
1.69744 29.275824
1.7384 29.471257
1.7384 29.666689
1.77936 29.862122
1.77936 30.057555
1.77936 30.252988
1.82032 30.448420
1.82032 30.643853
1.86128 30.839286
1.86128 31.034719
1.86128 31.230151
1.90224 31.425584
1.90224 31.621017
1.9432 31.816450
1.9432 32.011882
1.9432 32.207315
1.98416 32.402748
1.98416 32.598181
2.02512 32.793613
2.02512 32.989046
2.02512 33.184479
2.06608 33.379911
2.06608 33.575344
2.06608 33.770777
2.10704 33.966210
2.10704 34.161642
2.148 34.357075
2.148 34.552508
2.148 34.747941
2.18896 34.943373
2.18896 35.138806
2.22992 35.334239
2.22992 35.529672
2.22992 35.725104
2.27088 35.920537
2.27088 36.115970
2.31184 36.311403
2.31184 36.506835
2.31184 36.702268
2.3528 36.897701
2.3528 37.093133
2.3528 37.288566
2.39376 37.483999
2.39376 37.679432
2.43472 37.874864
2.43472 38.070297
2.43472 38.265730
2.47568 38.461163
2.47568 38.656595
2.51664 38.852028
2.51664 39.047461
2.51664 39.242894
2.5576 39.438326
2.5576 39.633759
2.59856 39.829192
2.59856 40.024625
2.59856 40.220057
2.63952 40.415490
2.63952 40.610923
2.68048 40.806355
2.68048 41.001788
2.68048 41.197221
2.72144 41.392654
2.72144 41.588086
2.72144 41.783519
2.7624 41.978952
2.7624 42.174385
2.80336 42.369817
2.80336 42.565250
2.80336 42.760683
2.84432 42.956116
2.84432 43.151548
2.88528 43.346981
2.88528 43.542414
2.88528 43.737847
2.92624 43.933279
2.92624 44.128712
2.9672 44.324145
2.9672 44.519577
2.9672 44.715010
3.00816 44.910443
3.00816 45.105876
3.04912 45.301308
3.04912 45.496741
3.04912 45.692174
3.09008 45.887607
3.09008 46.083039
3.09008 46.278472
3.13104 46.473905
3.13104 46.669338
3.172 46.864770
3.172 47.060203
3.172 47.255636
3.21296 47.451069
3.21296 47.646501
3.25392 47.841934
3.25392 48.037367
3.25392 48.232799
3.29488 48.428232
3.29488 48.623665
3.33584 48.819098
3.33584 49.014530
3.33584 49.209963
3.3768 49.405396
3.3768 49.600829
3.3768 49.796261
3.41776 49.991694
3.41776 50.187127
3.45872 50.382560
3.45872 50.577992
3.45872 50.773425
3.49968 50.968858
3.49968 51.164291
3.54064 51.359723
3.54064 51.555156
3.54064 51.750589
3.5816 51.946021
3.5816 52.141454
3.62256 52.336887
3.62256 52.532320
3.62256 52.727752
3.66352 52.923185
3.66352 53.118618
3.70448 53.314051
3.70448 53.509483
3.70448 53.704916
3.74544 53.900349
3.74544 54.095782
3.74544 54.291214
3.7864 54.486647
3.7864 54.682080
3.82736 54.877513
3.82736 55.072945
3.82736 55.268378
3.86832 55.463811
3.86832 55.659243
3.90928 55.854676
3.90928 56.050109
3.90928 56.245542
3.95024 56.440974
3.95024 56.636407
3.9912 56.831840
3.9912 57.027273
3.9912 57.222705
4.03216 57.418138
4.03216 57.613571
4.07312 57.809004
4.07312 58.004436
4.07312 58.199869
4.11408 58.395302
4.11408 58.590735
4.11408 58.786167
4.15504 58.981600
4.15504 59.177033
4.196 59.372465
4.196 59.567898
4.196 59.763331
4.23696 59.958764
4.23696 60.154196
4.27792 60.349629
4.27792 60.545062
4.27792 60.740495
4.31888 60.935927
4.31888 61.131360
4.35984 61.326793
4.35984 61.522226
4.35984 61.717658
4.4008 61.913091
4.4008 62.108524
4.4008 62.303957
4.44176 62.499389
4.44176 62.694822
4.48272 62.890255
4.48272 63.085687
4.48272 63.281120
4.52368 63.476553
4.52368 63.671986
4.56464 63.867418
4.56464 64.062851
4.56464 64.258284
4.6056 64.453717
4.6056 64.649149
4.64656 64.844582
4.64656 65.040015
4.64656 65.235448
4.68752 65.430880
4.68752 65.626313
4.72848 65.821746
4.72848 66.017179
4.72848 66.212611
4.76944 66.408044
4.76944 66.603477
4.76944 66.798909
4.8104 66.994342
4.8104 67.189775
4.85136 67.385208
4.85136 67.580640
4.85136 67.776073
4.89232 67.971506
4.89232 68.166939
4.93328 68.362371
4.93328 68.557804
4.93328 68.753237
4.97424 68.948670
4.97424 69.144102
5.0152 69.339535
5.0152 69.534968
5.0152 69.730401
5.05616 69.925833
5.05616 70.121266
5.09712 70.316699
5.09712 70.512131
5.09712 70.707564
5.13808 70.902997
5.13808 71.098430
5.13808 71.293862
5.17904 71.489295
5.17904 71.684728
5.22 71.880161
5.22 72.075593
5.22 72.271026
5.26096 72.466459
5.26096 72.661892
5.30192 72.857324
5.30192 73.052757
5.30192 73.248190
5.34288 73.443623
5.34288 73.639055
5.38384 73.834488
5.38384 74.029921
5.38384 74.225353
5.4248 74.420786
5.4248 74.616219
5.4248 74.811652
5.46576 75.007084
5.46576 75.202517
5.50672 75.397950
5.50672 75.593383
5.50672 75.788815
5.54768 75.984248
5.54768 76.179681
5.58864 76.375114
5.58864 76.570546
5.58864 76.765979
5.6296 76.961412
5.6296 77.156845
5.67056 77.352277
5.67056 77.547710
5.67056 77.743143
5.71152 77.938575
5.71152 78.134008
5.75248 78.329441
5.75248 78.524874
5.75248 78.720306
5.79344 78.915739
5.79344 79.111172
5.79344 79.306605
5.8344 79.502037
5.8344 79.697470
5.87536 79.892903
5.87536 80.088336
5.87536 80.283768
5.91632 80.479201
5.91632 80.674634
5.95728 80.870067
5.95728 81.065499
5.95728 81.260932
5.99824 81.456365
5.99824 81.651797
6.0392 81.847230
6.0392 82.042663
6.0392 82.238096
6.08016 82.433528
6.08016 82.628961
6.12112 82.824394
6.12112 83.019827
6.12112 83.215259
6.16208 83.410692
6.16208 83.606125
6.16208 83.801558
6.20304 83.996990
6.20304 84.192423
6.244 84.387856
6.244 84.583289
6.244 84.778721
6.28496 84.974154
6.28496 85.169587
6.32592 85.365019
6.32592 85.560452
6.32592 85.755885
6.36688 85.951318
6.36688 86.146750
6.40784 86.342183
6.40784 86.537616
6.40784 86.733049
6.4488 86.928481
6.4488 87.123914
6.4488 87.319347
6.48976 87.514780
6.48976 87.710212
6.53072 87.905645
6.53072 88.101078
6.53072 88.296511
6.57168 88.491943
6.57168 88.687376
6.61264 88.882809
6.61264 89.078241
6.61264 89.273674
6.6536 89.469107
6.6536 89.664540
6.69456 89.859972
6.69456 90.055405
6.69456 90.250838
6.73552 90.446271
6.73552 90.641703
6.77648 90.837136
6.77648 91.032569
6.77648 91.228002
6.81744 91.423434
6.81744 91.618867
6.81744 91.814300
6.8584 92.009733
6.8584 92.205165
6.89936 92.400598
6.89936 92.596031
6.89936 92.791463
6.94032 92.986896
6.94032 93.182329
6.98128 93.377762
6.98128 93.573194
6.98128 93.768627
7.02224 93.964060
7.02224 94.159493
7.0632 94.354925
7.0632 94.550358
7.0632 94.745791
7.10416 94.941224
7.10416 95.136656
7.14512 95.332089
7.14512 95.527522
7.14512 95.722955
7.18608 95.918387
7.18608 96.113820
7.18608 96.309253
7.22704 96.504685
7.22704 96.700118
7.268 96.895551
7.268 97.090984
7.268 97.286416
7.30896 97.481849
7.30896 97.677282
7.34992 97.872715
7.34992 98.068147
7.34992 98.263580
7.39088 98.459013
7.39088 98.654446
7.43184 98.849878
7.43184 99.045311
7.43184 99.240744
7.4728 99.436177
7.4728 99.631609
7.4728 99.827042
7.51376 100.022475
7.51376 100.217908
7.55472 100.413340
7.55472 100.608773
7.55472 100.804206
7.59568 100.999638
7.59568 101.195071
7.63664 101.390504
7.63664 101.585937
7.63664 101.781369
7.6776 101.976802
7.6776 102.172235
7.71856 102.367668
7.71856 102.563100
7.71856 102.758533
7.75952 102.953966
7.75952 103.149399
7.80048 103.344831
7.80048 103.540264
7.80048 103.735697
7.84144 103.931130
7.84144 104.126562
7.84144 104.321995
7.8824 104.517428
7.8824 104.712860
7.92336 104.908293
7.92336 105.103726
7.92336 105.299159
7.96432 105.494591
7.96432 105.690024
8.00528 105.885457
8.00528 106.080890
8.00528 106.276322
8.04624 106.471755
8.04624 106.667188
8.0872 106.862621
8.0872 107.058053
8.0872 107.253486
8.12816 107.448919
8.12816 107.644352
8.16912 107.839784
8.16912 108.035217
8.16912 108.230650
8.21008 108.426082
8.21008 108.621515
8.21008 108.816948
8.25104 109.012381
8.25104 109.207813
8.292 109.403246
8.292 109.598679
8.292 109.794112
8.33296 109.989544
8.33296 110.184977
8.37392 110.380410
8.37392 110.575843
8.37392 110.771275
8.41488 110.966708
8.41488 111.162141
8.45584 111.357574
8.45584 111.553006
8.45584 111.748439
8.4968 111.943872
8.4968 112.139304
8.4968 112.334737
8.53776 112.530170
8.53776 112.725603
8.57872 112.921035
8.57872 113.116468
8.57872 113.311901
8.61968 113.507334
8.61968 113.702766
8.66064 113.898199
8.66064 114.093632
8.66064 114.289065
8.7016 114.484497
8.7016 114.679930
8.74256 114.875363
8.74256 115.070796
8.74256 115.266228
8.78352 115.461661
8.78352 115.657094
8.82448 115.852526
8.82448 116.047959
8.82448 116.243392
8.86544 116.438825
8.86544 116.634257
8.86544 116.829690
8.9064 117.025123
8.9064 117.220556
8.94736 117.415988
8.94736 117.611421
8.94736 117.806854
8.98832 118.002287
8.98832 118.197719
9.02928 118.393152
9.02928 118.588585
9.02928 118.784018
9.07024 118.979450
9.07024 119.174883
9.1112 119.370316
9.1112 119.565748
9.1112 119.761181
9.15216 119.956614
9.15216 120.152047
9.19312 120.347479
9.19312 120.542912
9.19312 120.738345
9.23408 120.933778
9.23408 121.129210
9.23408 121.324643
9.27504 121.520076
9.27504 121.715509
9.316 121.910941
9.316 122.106374
9.316 122.301807
9.35696 122.497240
9.35696 122.692672
9.39792 122.888105
9.39792 123.083538
9.39792 123.278970
9.43888 123.474403
9.43888 123.669836
9.47984 123.865269
9.47984 124.060701
9.47984 124.256134
9.5208 124.451567
9.5208 124.647000
9.5208 124.842432
9.56176 125.037865
9.56176 125.233298
9.60272 125.428731
9.60272 125.624163
9.60272 125.819596
9.64368 126.015029
9.64368 126.210462
9.68464 126.405894
9.68464 126.601327
9.68464 126.796760
9.7256 126.992192
9.7256 127.187625
9.76656 127.383058
9.76656 127.578491
9.76656 127.773923
9.80752 127.969356
9.80752 128.164789
9.84848 128.360222
9.84848 128.555654
9.84848 128.751087
9.88944 128.946520
9.88944 129.141953
9.88944 129.337385
9.9304 129.532818
9.9304 129.728251
9.97136 129.923684
9.97136 130.119116
9.97136 130.314549
10.01232 130.509982
10.01232 130.705414
10.05328 130.900847
10.05328 131.096280
10.05328 131.291713
10.09424 131.487145
10.09424 131.682578
10.1352 131.878011
10.1352 132.073444
10.1352 132.268876
10.17616 132.464309
10.17616 132.659742
10.21712 132.855175
10.21712 133.050607
10.21712 133.246040
10.25808 133.441473
10.25808 133.636906
10.25808 133.832338
10.29904 134.027771
10.29904 134.223204
10.34 134.418636
10.34 134.614069
10.34 134.809502
10.38096 135.004935
10.38096 135.200367
10.42192 135.395800
10.42192 135.591233
10.42192 135.786666
10.46288 135.982098
10.46288 136.177531
10.50384 136.372964
10.50384 136.568397
10.50384 136.763829
10.5448 136.959262
10.5448 137.154695
10.5448 137.350128
10.58576 137.545560
10.58576 137.740993
10.62672 137.936426
10.62672 138.131858
10.62672 138.327291
10.66768 138.522724
10.66768 138.718157
10.70864 138.913589
10.70864 139.109022
10.70864 139.304455
10.7496 139.499888
10.7496 139.695320
10.79056 139.890753
10.79056 140.086186
10.79056 140.281619
10.83152 140.477051
10.83152 140.672484
10.87248 140.867917
10.87248 141.063350
10.87248 141.258782
10.91344 141.454215
10.91344 141.649648
10.91344 141.845080
10.9544 142.040513
10.9544 142.235946
10.99536 142.431379
10.99536 142.626811
10.99536 142.822244
11.03632 143.017677
11.03632 143.213110
11.07728 143.408542
11.07728 143.603975
11.07728 143.799408
11.11824 143.994841
11.11824 144.190273
11.1592 144.385706
11.1592 144.581139
11.1592 144.776572
11.20016 144.972004
11.20016 145.167437
11.24112 145.362870
11.24112 145.558302
11.24112 145.753735
11.28208 145.949168
11.28208 146.144601
11.28208 146.340033
11.32304 146.535466
11.32304 146.730899
11.364 146.926332
11.364 147.121764
11.364 147.317197
11.40496 147.512630
11.40496 147.708063
11.44592 147.903495
11.44592 148.098928
11.44592 148.294361
11.48688 148.489794
11.48688 148.685226
11.52784 148.880659
11.52784 149.076092
11.52784 149.271524
11.5688 149.466957
11.5688 149.662390
11.5688 149.857823
11.60976 150.053255
11.60976 150.248688
11.65072 150.444121
11.65072 150.639554
11.65072 150.834986
11.69168 151.030419
11.69168 151.225852
11.73264 151.421285
11.73264 151.616717
11.73264 151.812150
11.7736 152.007583
11.7736 152.203016
11.81456 152.398448
11.81456 152.593881
11.81456 152.789314
11.85552 152.984746
11.85552 153.180179
11.89648 153.375612
11.89648 153.571045
11.89648 153.766477
11.93744 153.961910
11.93744 154.157343
11.93744 154.352776
11.9784 154.548208
11.9784 154.743641
12.01936 154.939074
12.01936 155.134507
12.01936 155.329939
12.06032 155.525372
12.06032 155.720805
12.10128 155.916238
12.10128 156.111670
12.10128 156.307103
12.14224 156.502536
12.14224 156.697968
12.1832 156.893401
12.1832 157.088834
12.1832 157.284267
12.22416 157.479699
12.22416 157.675132
12.26512 157.870565
12.26512 158.065998
12.26512 158.261430
12.30608 158.456863
12.30608 158.652296
12.30608 158.847729
12.34704 159.043161
12.34704 159.238594
12.388 159.434027
12.388 159.629460
12.388 159.824892
12.42896 160.020325
12.42896 160.215758
12.46992 160.411190
12.46992 160.606623
12.46992 160.802056
12.51088 160.997489
12.51088 161.192921
12.55184 161.388354
12.55184 161.583787
12.55184 161.779220
12.5928 161.974652
12.5928 162.170085
12.5928 162.365518
12.63376 162.560951
12.63376 162.756383
12.67472 162.951816
12.67472 163.147249
12.67472 163.342682
12.71568 163.538114
12.71568 163.733547
12.75664 163.928980
12.75664 164.124412
12.75664 164.319845
12.7976 164.515278
12.7976 164.710711
12.83856 164.906143
12.83856 165.101576
12.83856 165.297009
12.87952 165.492442
12.87952 165.687874
12.92048 165.883307
12.92048 166.078740
12.92048 166.274173
12.96144 166.469605
12.96144 166.665038
12.96144 166.860471
13.0024 167.055904
13.0024 167.251336
13.04336 167.446769
13.04336 167.642202
13.04336 167.837634
13.08432 168.033067
13.08432 168.228500
13.12528 168.423933
13.12528 168.619365
13.12528 168.814798
13.16624 169.010231
13.16624 169.205664
13.2072 169.401096
13.2072 169.596529
13.2072 169.791962
13.24816 169.987395
13.24816 170.182827
13.28912 170.378260
13.28912 170.573693
13.28912 170.769126
13.33008 170.964558
13.33008 171.159991
13.33008 171.355424
13.37104 171.550856
13.37104 171.746289
13.412 171.941722
13.412 172.137155
13.412 172.332587
13.45296 172.528020
13.45296 172.723453
13.49392 172.918886
13.49392 173.114318
13.49392 173.309751
13.53488 173.505184
13.53488 173.700617
13.57584 173.896049
13.57584 174.091482
13.57584 174.286915
13.6168 174.482348
13.6168 174.677780
13.6168 174.873213
13.65776 175.068646
13.65776 175.264078
13.69872 175.459511
13.69872 175.654944
13.69872 175.850377
13.73968 176.045809
13.73968 176.241242
13.78064 176.436675
13.78064 176.632108
13.78064 176.827540
13.8216 177.022973
13.8216 177.218406
13.86256 177.413839
13.86256 177.609271
13.86256 177.804704
13.90352 178.000137
13.90352 178.195570
13.94448 178.391002
13.94448 178.586435
13.94448 178.781868
13.98544 178.977300
13.98544 179.172733
13.98544 179.368166
14.0264 179.563599
14.0264 179.759031
14.06736 179.954464
14.06736 180.149897
14.06736 180.345330
14.10832 180.540762
14.10832 180.736195
14.14928 180.931628
14.14928 181.127061
14.14928 181.322493
14.19024 181.517926
14.19024 181.713359
14.2312 181.908792
14.2312 182.104224
14.2312 182.299657
14.27216 182.495090
14.27216 182.690522
14.31312 182.885955
14.31312 183.081388
14.31312 183.276821
14.35408 183.472253
14.35408 183.667686
14.35408 183.863119
14.39504 184.058552
14.39504 184.253984
14.436 184.449417
14.436 184.644850
14.436 184.840283
14.47696 185.035715
14.47696 185.231148
14.51792 185.426581
14.51792 185.622014
14.51792 185.817446
14.55888 186.012879
14.55888 186.208312
14.59984 186.403744
14.59984 186.599177
14.59984 186.794610
14.6408 186.990043
14.6408 187.185475
14.6408 187.380908
14.68176 187.576341
14.68176 187.771774
14.72272 187.967206
14.72272 188.162639
14.72272 188.358072
14.76368 188.553505
14.76368 188.748937
14.80464 188.944370
14.80464 189.139803
14.80464 189.335236
14.8456 189.530668
14.8456 189.726101
14.88656 189.921534
14.88656 190.116966
14.88656 190.312399
14.92752 190.507832
14.92752 190.703265
14.96848 190.898697
14.96848 191.094130
14.96848 191.289563
15.00944 191.484996
15.00944 191.680428
15.00944 191.875861
15.0504 192.071294
15.0504 192.266727
15.09136 192.462159
15.09136 192.657592
15.09136 192.853025
15.13232 193.048458
15.13232 193.243890
15.17328 193.439323
15.17328 193.634756
15.17328 193.830188
15.21424 194.025621
15.21424 194.221054
15.2552 194.416487
15.2552 194.611919
15.2552 194.807352
15.29616 195.002785
15.29616 195.198218
15.33712 195.393650
15.33712 195.589083
15.33712 195.784516
15.37808 195.979949
15.37808 196.175381
15.37808 196.370814
15.41904 196.566247
15.41904 196.761680
15.46 196.957112
15.46 197.152545
15.46 197.347978
15.50096 197.543410
15.50096 197.738843
15.54192 197.934276
15.54192 198.129709
15.54192 198.325141
15.58288 198.520574
15.58288 198.716007
15.62384 198.911440
15.62384 199.106872
15.62384 199.302305
15.6648 199.497738
15.6648 199.693171
15.6648 199.888603
15.70576 200.084036
15.70576 200.279469
15.74672 200.474902
15.74672 200.670334
15.74672 200.865767
15.78768 201.061200
15.78768 201.256632
15.82864 201.452065
15.82864 201.647498
15.82864 201.842931
15.8696 202.038363
15.8696 202.233796
15.91056 202.429229
15.91056 202.624662
15.91056 202.820094
15.95152 203.015527
15.95152 203.210960
15.99248 203.406393
15.99248 203.601825
15.99248 203.797258
16.03344 203.992691
16.03344 204.188124
16.03344 204.383556
16.0744 204.578989
16.0744 204.774422
16.11536 204.969855
16.11536 205.165287
16.11536 205.360720
16.15632 205.556153
16.15632 205.751585
16.19728 205.947018
16.19728 206.142451
16.19728 206.337884
16.23824 206.533316
16.23824 206.728749
16.2792 206.924182
16.2792 207.119615
16.2792 207.315047
16.32016 207.510480
16.32016 207.705913
16.36112 207.901346
16.36112 208.096778
16.36112 208.292211
16.40208 208.487644
16.40208 208.683077
16.40208 208.878509
16.44304 209.073942
16.44304 209.269375
16.484 209.464807
16.484 209.660240
16.484 209.855673
16.52496 210.051106
16.52496 210.246538
16.56592 210.441971
16.56592 210.637404
16.56592 210.832837
16.60688 211.028269
16.60688 211.223702
16.64784 211.419135
16.64784 211.614568
16.64784 211.810000
16.6888 212.005433
16.6888 212.200866
16.6888 212.396299
16.72976 212.591731
16.72976 212.787164
16.77072 212.982597
16.77072 213.178029
16.77072 213.373462
16.81168 213.568895
16.81168 213.764328
16.85264 213.959760
16.85264 214.155193
16.85264 214.350626
16.8936 214.546059
16.8936 214.741491
16.93456 214.936924
16.93456 215.132357
16.93456 215.327790
16.97552 215.523222
16.97552 215.718655
17.01648 215.914088
17.01648 216.109521
17.01648 216.304953
17.05744 216.500386
17.05744 216.695819
17.05744 216.891251
17.0984 217.086684
17.0984 217.282117
17.13936 217.477550
17.13936 217.672982
17.13936 217.868415
17.18032 218.063848
17.18032 218.259281
17.22128 218.454713
17.22128 218.650146
17.22128 218.845579
17.26224 219.041012
17.26224 219.236444
17.3032 219.431877
17.3032 219.627310
17.3032 219.822743
17.34416 220.018175
17.34416 220.213608
17.38512 220.409041
17.38512 220.604473
17.38512 220.799906
17.42608 220.995339
17.42608 221.190772
17.42608 221.386204
17.46704 221.581637
17.46704 221.777070
17.508 221.972503
17.508 222.167935
17.508 222.363368
17.54896 222.558801
17.54896 222.754234
17.58992 222.949666
17.58992 223.145099
17.58992 223.340532
17.63088 223.535965
17.63088 223.731397
17.67184 223.926830
17.67184 224.122263
17.67184 224.317695
17.7128 224.513128
17.7128 224.708561
17.7128 224.903994
17.75376 225.099426
17.75376 225.294859
17.79472 225.490292
17.79472 225.685725
17.79472 225.881157
17.83568 226.076590
17.83568 226.272023
17.87664 226.467456
17.87664 226.662888
17.87664 226.858321
17.9176 227.053754
17.9176 227.249187
17.95856 227.444619
17.95856 227.640052
17.95856 227.835485
17.99952 228.030917
17.99952 228.226350
18.04048 228.421783
18.04048 228.617216
18.04048 228.812648
18.08144 229.008081
18.08144 229.203514
18.08144 229.398947
18.1224 229.594379
18.1224 229.789812
18.16336 229.985245
18.16336 230.180678
18.16336 230.376110
18.20432 230.571543
18.20432 230.766976
18.24528 230.962409
18.24528 231.157841
18.24528 231.353274
18.28624 231.548707
18.28624 231.744139
18.3272 231.939572
18.3272 232.135005
18.3272 232.330438
18.36816 232.525870
18.36816 232.721303
18.40912 232.916736
18.40912 233.112169
18.40912 233.307601
18.45008 233.503034
18.45008 233.698467
18.45008 233.893900
18.49104 234.089332
18.49104 234.284765
18.532 234.480198
18.532 234.675631
18.532 234.871063
18.57296 235.066496
18.57296 235.261929
18.61392 235.457361
18.61392 235.652794
18.61392 235.848227
18.65488 236.043660
18.65488 236.239092
18.69584 236.434525
18.69584 236.629958
18.69584 236.825391
18.7368 237.020823
18.7368 237.216256
18.7368 237.411689
18.77776 237.607122
18.77776 237.802554
18.81872 237.997987
18.81872 238.193420
18.81872 238.388853
18.85968 238.584285
18.85968 238.779718
18.90064 238.975151
18.90064 239.170583
18.90064 239.366016
18.9416 239.561449
18.9416 239.756882
18.98256 239.952314
18.98256 240.147747
18.98256 240.343180
19.02352 240.538613
19.02352 240.734045
19.06448 240.929478
19.06448 241.124911
19.06448 241.320344
19.10544 241.515776
19.10544 241.711209
19.10544 241.906642
19.1464 242.102075
19.1464 242.297507
19.18736 242.492940
19.18736 242.688373
19.18736 242.883805
19.22832 243.079238
19.22832 243.274671
19.26928 243.470104
19.26928 243.665536
19.26928 243.860969
19.31024 244.056402
19.31024 244.251835
19.3512 244.447267
19.3512 244.642700
19.3512 244.838133
19.39216 245.033566
19.39216 245.228998
19.43312 245.424431
19.43312 245.619864
19.43312 245.815297
19.47408 246.010729
19.47408 246.206162
19.47408 246.401595
19.51504 246.597027
19.51504 246.792460
19.556 246.987893
19.556 247.183326
19.556 247.378758
19.59696 247.574191
19.59696 247.769624
19.63792 247.965057
19.63792 248.160489
19.63792 248.355922
19.67888 248.551355
19.67888 248.746788
19.71984 248.942220
19.71984 249.137653
19.71984 249.333086
19.7608 249.528519
19.7608 249.723951
19.7608 249.919384
19.80176 250.114817
19.80176 250.310249
19.84272 250.505682
19.84272 250.701115
19.84272 250.896548
19.88368 251.091980
19.88368 251.287413
19.92464 251.482846
19.92464 251.678279
19.92464 251.873711
19.9656 252.069144
19.9656 252.264577
20.00656 252.460010
20.00656 252.655442
20.00656 252.850875
20.04752 253.046308
20.04752 253.241741
20.08848 253.437173
20.08848 253.632606
20.08848 253.828039
20.12944 254.023471
20.12944 254.218904
20.12944 254.414337
20.1704 254.609770
20.1704 254.805202
20.21136 255.000635
20.21136 255.196068
20.21136 255.391501
20.25232 255.586933
20.25232 255.782366
20.29328 255.977799
20.29328 256.173232
20.29328 256.368664
20.33424 256.564097
20.33424 256.759530
20.3752 256.954963
20.3752 257.150395
20.3752 257.345828
20.41616 257.541261
20.41616 257.736693
20.45712 257.932126
20.45712 258.127559
20.45712 258.322992
20.49808 258.518424
20.49808 258.713857
20.49808 258.909290
20.53904 259.104723
20.53904 259.300155
20.58 259.495588
20.58 259.691021
20.58 259.886454
20.62096 260.081886
20.62096 260.277319
20.66192 260.472752
20.66192 260.668185
20.66192 260.863617
20.70288 261.059050
20.70288 261.254483
20.74384 261.449915
20.74384 261.645348
20.74384 261.840781
20.7848 262.036214
20.7848 262.231646
20.7848 262.427079
20.82576 262.622512
20.82576 262.817945
20.86672 263.013377
20.86672 263.208810
20.86672 263.404243
20.90768 263.599676
20.90768 263.795108
20.94864 263.990541
20.94864 264.185974
20.94864 264.381407
20.9896 264.576839
20.9896 264.772272
21.03056 264.967705
21.03056 265.163137
21.03056 265.358570
21.07152 265.554003
21.07152 265.749436
21.11248 265.944868
21.11248 266.140301
21.11248 266.335734
21.15344 266.531167
21.15344 266.726599
21.15344 266.922032
21.1944 267.117465
21.1944 267.312898
21.23536 267.508330
21.23536 267.703763
21.23536 267.899196
21.27632 268.094629
21.27632 268.290061
21.31728 268.485494
21.31728 268.680927
21.31728 268.876359
21.35824 269.071792
21.35824 269.267225
21.3992 269.462658
21.3992 269.658090
21.3992 269.853523
21.44016 270.048956
21.44016 270.244389
21.48112 270.439821
21.48112 270.635254
21.48112 270.830687
21.52208 271.026120
21.52208 271.221552
21.52208 271.416985
21.56304 271.612418
21.56304 271.807851
21.604 272.003283
21.604 272.198716
21.604 272.394149
21.64496 272.589581
21.64496 272.785014
21.68592 272.980447
21.68592 273.175880
21.68592 273.371312
21.72688 273.566745
21.72688 273.762178
21.76784 273.957611
21.76784 274.153043
21.76784 274.348476
21.8088 274.543909
21.8088 274.739342
21.8088 274.934774
21.84976 275.130207
21.84976 275.325640
21.89072 275.521073
21.89072 275.716505
21.89072 275.911938
21.93168 276.107371
21.93168 276.302803
21.97264 276.498236
21.97264 276.693669
21.97264 276.889102
22.0136 277.084534
22.0136 277.279967
22.05456 277.475400
22.05456 277.670833
22.05456 277.866265
22.09552 278.061698
22.09552 278.257131
22.13648 278.452564
22.13648 278.647996
22.13648 278.843429
22.17744 279.038862
22.17744 279.234295
22.17744 279.429727
22.2184 279.625160
22.2184 279.820593
22.25936 280.016025
22.25936 280.211458
22.25936 280.406891
22.30032 280.602324
22.30032 280.797756
22.34128 280.993189
22.34128 281.188622
22.34128 281.384055
22.38224 281.579487
22.38224 281.774920
22.4232 281.970353
22.4232 282.165786
22.4232 282.361218
22.46416 282.556651
22.46416 282.752084
22.50512 282.947517
22.50512 283.142949
22.50512 283.338382
22.54608 283.533815
22.54608 283.729247
22.54608 283.924680
22.58704 284.120113
22.58704 284.315546
22.628 284.510978
22.628 284.706411
22.628 284.901844
22.66896 285.097277
22.66896 285.292709
22.70992 285.488142
22.70992 285.683575
22.70992 285.879008
22.75088 286.074440
22.75088 286.269873
22.79184 286.465306
22.79184 286.660739
22.79184 286.856171
22.8328 287.051604
22.8328 287.247037
22.8328 287.442469
22.87376 287.637902
22.87376 287.833335
22.91472 288.028768
22.91472 288.224200
22.91472 288.419633
22.95568 288.615066
22.95568 288.810499
22.99664 289.005931
22.99664 289.201364
22.99664 289.396797
23.0376 289.592230
23.0376 289.787662
23.07856 289.983095
23.07856 290.178528
23.07856 290.373961
23.11952 290.569393
23.11952 290.764826
23.16048 290.960259
23.16048 291.155691
23.16048 291.351124
23.20144 291.546557
23.20144 291.741990
23.20144 291.937422
23.2424 292.132855
23.2424 292.328288
23.28336 292.523721
23.28336 292.719153
23.28336 292.914586
23.32432 293.110019
23.32432 293.305452
23.36528 293.500884
23.36528 293.696317
23.36528 293.891750
23.40624 294.087183
23.40624 294.282615
23.4472 294.478048
23.4472 294.673481
23.4472 294.868913
23.48816 295.064346
23.48816 295.259779
23.52912 295.455212
23.52912 295.650644
23.52912 295.846077
23.57008 296.041510
23.57008 296.236943
23.57008 296.432375
23.61104 296.627808
23.61104 296.823241
23.652 297.018674
23.652 297.214106
23.652 297.409539
23.69296 297.604972
23.69296 297.800405
23.73392 297.995837
23.73392 298.191270
23.73392 298.386703
23.77488 298.582135
23.77488 298.777568
23.81584 298.973001
23.81584 299.168434
23.81584 299.363866
23.8568 299.559299
23.8568 299.754732
23.8568 299.950165
23.89776 300.145597
23.89776 300.341030
23.93872 300.536463
23.93872 300.731896
23.93872 300.927328
23.97968 301.122761
23.97968 301.318194
24.02064 301.513627
24.02064 301.709059
24.02064 301.904492
24.0616 302.099925
24.0616 302.295357
24.10256 302.490790
24.10256 302.686223
24.10256 302.881656
24.14352 303.077088
24.14352 303.272521
24.18448 303.467954
24.18448 303.663387
24.18448 303.858819
24.22544 304.054252
24.22544 304.249685
24.22544 304.445118
24.2664 304.640550
24.2664 304.835983
24.30736 305.031416
24.30736 305.226849
24.30736 305.422281
24.34832 305.617714
24.34832 305.813147
24.38928 306.008579
24.38928 306.204012
24.38928 306.399445
24.43024 306.594878
24.43024 306.790310
24.4712 306.985743
24.4712 307.181176
24.4712 307.376609
24.51216 307.572041
24.51216 307.767474
24.55312 307.962907
24.55312 308.158340
24.55312 308.353772
24.59408 308.549205
24.59408 308.744638
24.59408 308.940071
24.63504 309.135503
24.63504 309.330936
24.676 309.526369
24.676 309.721801
24.676 309.917234
24.71696 310.112667
24.71696 310.308100
24.75792 310.503532
24.75792 310.698965
24.75792 310.894398
24.79888 311.089831
24.79888 311.285263
24.83984 311.480696
24.83984 311.676129
24.83984 311.871562
24.8808 312.066994
24.8808 312.262427
24.8808 312.457860
24.92176 312.653293
24.92176 312.848725
24.96272 313.044158
24.96272 313.239591
24.96272 313.435024
25.00368 313.630456
25.00368 313.825889
25.04464 314.021322
25.04464 314.216754
25.04464 314.412187
25.0856 314.607620
25.0856 314.803053
25.12656 314.998485
25.12656 315.193918
25.12656 315.389351
25.16752 315.584784
25.16752 315.780216
25.20848 315.975649
25.20848 316.171082
25.20848 316.366515
25.24944 316.561947
25.24944 316.757380
25.24944 316.952813
25.2904 317.148246
25.2904 317.343678
25.33136 317.539111
25.33136 317.734544
25.33136 317.929976
25.37232 318.125409
25.37232 318.320842
25.41328 318.516275
25.41328 318.711707
25.41328 318.907140
25.45424 319.102573
25.45424 319.298006
25.4952 319.493438
25.4952 319.688871
25.4952 319.884304
25.53616 320.079737
25.53616 320.275169
25.57712 320.470602
25.57712 320.666035
25.57712 320.861468
25.61808 321.056900
25.61808 321.252333
25.61808 321.447766
25.65904 321.643198
25.65904 321.838631
25.7 322.034064
25.7 322.229497
25.7 322.424929
25.74096 322.620362
25.74096 322.815795
25.78192 323.011228
25.78192 323.206660
25.78192 323.402093
25.82288 323.597526
25.82288 323.792959
25.86384 323.988391
25.86384 324.183824
25.86384 324.379257
25.9048 324.574690
25.9048 324.770122
25.9048 324.965555
25.94576 325.160988
25.94576 325.356420
25.98672 325.551853
25.98672 325.747286
25.98672 325.942719
26.02768 326.138151
26.02768 326.333584
26.06864 326.529017
26.06864 326.724450
26.06864 326.919882
26.1096 327.115315
26.1096 327.310748
26.15056 327.506181
26.15056 327.701613
26.15056 327.897046
26.19152 328.092479
26.19152 328.287912
26.23248 328.483344
26.23248 328.678777
26.23248 328.874210
26.27344 329.069642
26.27344 329.265075
26.27344 329.460508
26.3144 329.655941
26.3144 329.851373
26.35536 330.046806
26.35536 330.242239
26.35536 330.437672
26.39632 330.633104
26.39632 330.828537
26.43728 331.023970
26.43728 331.219403
26.43728 331.414835
26.47824 331.610268
26.47824 331.805701
26.5192 332.001134
26.5192 332.196566
26.5192 332.391999
26.56016 332.587432
26.56016 332.782864
26.60112 332.978297
26.60112 333.173730
26.60112 333.369163
26.64208 333.564595
26.64208 333.760028
26.64208 333.955461
26.68304 334.150894
26.68304 334.346326
26.724 334.541759
26.724 334.737192
26.724 334.932625
26.76496 335.128057
26.76496 335.323490
26.80592 335.518923
26.80592 335.714356
26.80592 335.909788
26.84688 336.105221
26.84688 336.300654
26.88784 336.496086
26.88784 336.691519
26.88784 336.886952
26.9288 337.082385
26.9288 337.277817
26.9288 337.473250
26.96976 337.668683
26.96976 337.864116
27.01072 338.059548
27.01072 338.254981
27.01072 338.450414
27.05168 338.645847
27.05168 338.841279
27.09264 339.036712
27.09264 339.232145
27.09264 339.427578
27.1336 339.623010
27.1336 339.818443
27.17456 340.013876
27.17456 340.209308
27.17456 340.404741
27.21552 340.600174
27.21552 340.795607
27.25648 340.991039
27.25648 341.186472
27.25648 341.381905
27.29744 341.577338
27.29744 341.772770
27.29744 341.968203
27.3384 342.163636
27.3384 342.359069
27.37936 342.554501
27.37936 342.749934
27.37936 342.945367
27.42032 343.140800
27.42032 343.336232
27.46128 343.531665
27.46128 343.727098
27.46128 343.922530
27.50224 344.117963
27.50224 344.313396
27.5432 344.508829
27.5432 344.704261
27.5432 344.899694
27.58416 345.095127
27.58416 345.290560
27.62512 345.485992
27.62512 345.681425
27.62512 345.876858
27.66608 346.072291
27.66608 346.267723
27.66608 346.463156
27.70704 346.658589
27.70704 346.854022
27.748 347.049454
27.748 347.244887
27.748 347.440320
27.78896 347.635752
27.78896 347.831185
27.82992 348.026618
27.82992 348.222051
27.82992 348.417483
27.87088 348.612916
27.87088 348.808349
27.91184 349.003782
27.91184 349.199214
27.91184 349.394647
27.9528 349.590080
27.9528 349.785513
27.9528 349.980945
27.99376 350.176378
27.99376 350.371811
28.03472 350.567244
28.03472 350.762676
28.03472 350.958109
28.07568 351.153542
28.07568 351.348974
28.11664 351.544407
28.11664 351.739840
28.11664 351.935273
28.1576 352.130705
28.1576 352.326138
28.19856 352.521571
28.19856 352.717004
28.19856 352.912436
28.23952 353.107869
28.23952 353.303302
28.28048 353.498735
28.28048 353.694167
28.28048 353.889600
28.32144 354.085033
28.32144 354.280466
28.32144 354.475898
28.3624 354.671331
28.3624 354.866764
28.40336 355.062196
28.40336 355.257629
28.40336 355.453062
28.44432 355.648495
28.44432 355.843927
28.48528 356.039360
28.48528 356.234793
28.48528 356.430226
28.52624 356.625658
28.52624 356.821091
28.5672 357.016524
28.5672 357.211957
28.5672 357.407389
28.60816 357.602822
28.60816 357.798255
28.64912 357.993688
28.64912 358.189120
28.64912 358.384553
28.69008 358.579986
28.69008 358.775418
28.69008 358.970851
28.73104 359.166284
28.73104 359.361717
28.772 359.557149
28.772 359.752582
28.772 359.948015
28.81296 360.143448
28.81296 360.338880
28.85392 360.534313
28.85392 360.729746
28.85392 360.925179
28.89488 361.120611
28.89488 361.316044
28.93584 361.511477
28.93584 361.706910
28.93584 361.902342
28.9768 362.097775
28.9768 362.293208
28.9768 362.488640
29.01776 362.684073
29.01776 362.879506
29.05872 363.074939
29.05872 363.270371
29.05872 363.465804
29.09968 363.661237
29.09968 363.856670
29.14064 364.052102
29.14064 364.247535
29.14064 364.442968
29.1816 364.638401
29.1816 364.833833
29.22256 365.029266
29.22256 365.224699
29.22256 365.420132
29.26352 365.615564
29.26352 365.810997
29.30448 366.006430
29.30448 366.201862
29.30448 366.397295
29.34544 366.592728
29.34544 366.788161
29.34544 366.983593
29.3864 367.179026
29.3864 367.374459
29.42736 367.569892
29.42736 367.765324
29.42736 367.960757
29.46832 368.156190
29.46832 368.351623
29.50928 368.547055
29.50928 368.742488
29.50928 368.937921
29.55024 369.133354
29.55024 369.328786
29.5912 369.524219
29.5912 369.719652
29.5912 369.915084
29.63216 370.110517
29.63216 370.305950
29.67312 370.501383
29.67312 370.696815
29.67312 370.892248
29.71408 371.087681
29.71408 371.283114
29.71408 371.478546
29.75504 371.673979
29.75504 371.869412
29.796 372.064845
29.796 372.260277
29.796 372.455710
29.83696 372.651143
29.83696 372.846576
29.87792 373.042008
29.87792 373.237441
29.87792 373.432874
29.91888 373.628306
29.91888 373.823739
29.95984 374.019172
29.95984 374.214605
29.95984 374.410037
30.0008 374.605470
30.0008 374.800903
30.0008 374.996336
30.04176 375.191768
30.04176 375.387201
30.08272 375.582634
30.08272 375.778067
30.08272 375.973499
30.12368 376.168932
30.12368 376.364365
30.16464 376.559798
30.16464 376.755230
30.16464 376.950663
30.2056 377.146096
30.2056 377.341528
30.24656 377.536961
30.24656 377.732394
30.24656 377.927827
30.28752 378.123259
30.28752 378.318692
30.32848 378.514125
30.32848 378.709558
30.32848 378.904990
30.36944 379.100423
30.36944 379.295856
30.36944 379.491289
30.4104 379.686721
30.4104 379.882154
30.45136 380.077587
30.45136 380.273020
30.45136 380.468452
30.49232 380.663885
30.49232 380.859318
30.53328 381.054750
30.53328 381.250183
30.53328 381.445616
30.57424 381.641049
30.57424 381.836481
30.6152 382.031914
30.6152 382.227347
30.6152 382.422780
30.65616 382.618212
30.65616 382.813645
30.69712 383.009078
30.69712 383.204511
30.69712 383.399943
30.73808 383.595376
30.73808 383.790809
30.73808 383.986242
30.77904 384.181674
30.77904 384.377107
30.82 384.572540
30.82 384.767972
30.82 384.963405
30.86096 385.158838
30.86096 385.354271
30.90192 385.549703
30.90192 385.745136
30.90192 385.940569
30.94288 386.136002
30.94288 386.331434
30.98384 386.526867
30.98384 386.722300
30.98384 386.917733
31.0248 387.113165
31.0248 387.308598
31.0248 387.504031
31.06576 387.699464
31.06576 387.894896
31.10672 388.090329
31.10672 388.285762
31.10672 388.481194
31.14768 388.676627
31.14768 388.872060
31.18864 389.067493
31.18864 389.262925
31.18864 389.458358
31.2296 389.653791
31.2296 389.849224
31.27056 390.044656
31.27056 390.240089
31.27056 390.435522
31.31152 390.630955
31.31152 390.826387
31.35248 391.021820
31.35248 391.217253
31.35248 391.412686
31.39344 391.608118
31.39344 391.803551
31.39344 391.998984
31.4344 392.194416
31.4344 392.389849
31.47536 392.585282
31.47536 392.780715
31.47536 392.976147
31.51632 393.171580
31.51632 393.367013
31.55728 393.562446
31.55728 393.757878
31.55728 393.953311
31.59824 394.148744
31.59824 394.344177
31.6392 394.539609
31.6392 394.735042
31.6392 394.930475
31.68016 395.125908
31.68016 395.321340
31.72112 395.516773
31.72112 395.712206
31.72112 395.907638
31.76208 396.103071
31.76208 396.298504
31.76208 396.493937
31.80304 396.689369
31.80304 396.884802
31.844 397.080235
31.844 397.275668
31.844 397.471100
31.88496 397.666533
31.88496 397.861966
31.92592 398.057399
31.92592 398.252831
31.92592 398.448264
31.96688 398.643697
31.96688 398.839130
32.00784 399.034562
32.00784 399.229995
32.00784 399.425428
32.0488 399.620860
32.0488 399.816293
32.0488 400.011726
32.08976 400.207159
32.08976 400.402591
32.13072 400.598024
32.13072 400.793457
32.13072 400.988890
32.17168 401.184322
32.17168 401.379755
32.21264 401.575188
32.21264 401.770621
32.21264 401.966053
32.2536 402.161486
32.2536 402.356919
32.29456 402.552352
32.29456 402.747784
32.29456 402.943217
32.33552 403.138650
32.33552 403.334082
32.37648 403.529515
32.37648 403.724948
32.37648 403.920381
32.41744 404.115813
32.41744 404.311246
32.41744 404.506679
32.4584 404.702112
32.4584 404.897544
32.49936 405.092977
32.49936 405.288410
32.49936 405.483843
32.54032 405.679275
32.54032 405.874708
32.58128 406.070141
32.58128 406.265574
32.58128 406.461006
32.62224 406.656439
32.62224 406.851872
32.6632 407.047304
32.6632 407.242737
32.6632 407.438170
32.70416 407.633603
32.70416 407.829035
32.74512 408.024468
32.74512 408.219901
32.74512 408.415334
32.78608 408.610766
32.78608 408.806199
32.78608 409.001632
32.82704 409.197065
32.82704 409.392497
32.868 409.587930
32.868 409.783363
32.868 409.978796
32.90896 410.174228
32.90896 410.369661
32.94992 410.565094
32.94992 410.760526
32.94992 410.955959
32.99088 411.151392
32.99088 411.346825
33.03184 411.542257
33.03184 411.737690
33.03184 411.933123
33.0728 412.128556
33.0728 412.323988
33.0728 412.519421
33.11376 412.714854
33.11376 412.910287
33.15472 413.105719
33.15472 413.301152
33.15472 413.496585
33.19568 413.692018
33.19568 413.887450
33.23664 414.082883
33.23664 414.278316
33.23664 414.473748
33.2776 414.669181
33.2776 414.864614
33.31856 415.060047
33.31856 415.255479
33.31856 415.450912
33.35952 415.646345
33.35952 415.841778
33.40048 416.037210
33.40048 416.232643
33.40048 416.428076
33.44144 416.623509
33.44144 416.818941
33.44144 417.014374
33.4824 417.209807
33.4824 417.405240
33.52336 417.600672
33.52336 417.796105
33.52336 417.991538
33.56432 418.186970
33.56432 418.382403
33.60528 418.577836
33.60528 418.773269
33.60528 418.968701
33.64624 419.164134
33.64624 419.359567
33.6872 419.555000
33.6872 419.750432
33.6872 419.945865
33.72816 420.141298
33.72816 420.336731
33.76912 420.532163
33.76912 420.727596
33.76912 420.923029
33.81008 421.118462
33.81008 421.313894
33.81008 421.509327
33.85104 421.704760
33.85104 421.900193
33.892 422.095625
33.892 422.291058
33.892 422.486491
33.93296 422.681923
33.93296 422.877356
33.97392 423.072789
33.97392 423.268222
33.97392 423.463654
34.01488 423.659087
34.01488 423.854520
34.05584 424.049953
34.05584 424.245385
34.05584 424.440818
34.0968 424.636251
34.0968 424.831684
34.0968 425.027116
34.13776 425.222549
34.13776 425.417982
34.17872 425.613415
34.17872 425.808847
34.17872 426.004280
34.21968 426.199713
34.21968 426.395145
34.26064 426.590578
34.26064 426.786011
34.26064 426.981444
34.3016 427.176876
34.3016 427.372309
34.34256 427.567742
34.34256 427.763175
34.34256 427.958607
34.38352 428.154040
34.38352 428.349473
34.42448 428.544906
34.42448 428.740338
34.42448 428.935771
34.46544 429.131204
34.46544 429.326637
34.46544 429.522069
34.5064 429.717502
34.5064 429.912935
34.54736 430.108367
34.54736 430.303800
34.54736 430.499233
34.58832 430.694666
34.58832 430.890098
34.62928 431.085531
34.62928 431.280964
34.62928 431.476397
34.67024 431.671829
34.67024 431.867262
34.7112 432.062695
34.7112 432.258128
34.7112 432.453560
34.75216 432.648993
34.75216 432.844426
34.79312 433.039859
34.79312 433.235291
34.79312 433.430724
34.83408 433.626157
34.83408 433.821589
34.83408 434.017022
34.87504 434.212455
34.87504 434.407888
34.916 434.603320
34.916 434.798753
34.916 434.994186
34.95696 435.189619
34.95696 435.385051
34.99792 435.580484
34.99792 435.775917
34.99792 435.971350
35.03888 436.166782
35.03888 436.362215
35.07984 436.557648
35.07984 436.753081
35.07984 436.948513
35.1208 437.143946
35.1208 437.339379
35.1208 437.534811
35.16176 437.730244
35.16176 437.925677
35.20272 438.121110
35.20272 438.316542
35.20272 438.511975
35.24368 438.707408
35.24368 438.902841
35.28464 439.098273
35.28464 439.293706
35.28464 439.489139
35.3256 439.684572
35.3256 439.880004
35.36656 440.075437
35.36656 440.270870
35.36656 440.466303
35.40752 440.661735
35.40752 440.857168
35.44848 441.052601
35.44848 441.248033
35.44848 441.443466
35.48944 441.638899
35.48944 441.834332
35.48944 442.029764
35.5304 442.225197
35.5304 442.420630
35.57136 442.616063
35.57136 442.811495
35.57136 443.006928
35.61232 443.202361
35.61232 443.397794
35.65328 443.593226
35.65328 443.788659
35.65328 443.984092
35.69424 444.179525
35.69424 444.374957
35.7352 444.570390
35.7352 444.765823
35.7352 444.961255
35.77616 445.156688
35.77616 445.352121
35.81712 445.547554
35.81712 445.742986
35.81712 445.938419
35.85808 446.133852
35.85808 446.329285
35.85808 446.524717
35.89904 446.720150
35.89904 446.915583
35.94 447.111016
35.94 447.306448
35.94 447.501881
35.98096 447.697314
35.98096 447.892747
36.02192 448.088179
36.02192 448.283612
36.02192 448.479045
36.06288 448.674477
36.06288 448.869910
36.10384 449.065343
36.10384 449.260776
36.10384 449.456208
36.1448 449.651641
36.1448 449.847074
36.1448 450.042507
36.18576 450.237939
36.18576 450.433372
36.22672 450.628805
36.22672 450.824238
36.22672 451.019670
36.26768 451.215103
36.26768 451.410536
36.30864 451.605969
36.30864 451.801401
36.30864 451.996834
36.3496 452.192267
36.3496 452.387699
36.39056 452.583132
36.39056 452.778565
36.39056 452.973998
36.43152 453.169430
36.43152 453.364863
36.47248 453.560296
36.47248 453.755729
36.47248 453.951161
36.51344 454.146594
36.51344 454.342027
36.51344 454.537460
36.5544 454.732892
36.5544 454.928325
36.59536 455.123758
36.59536 455.319191
36.59536 455.514623
36.63632 455.710056
36.63632 455.905489
36.67728 456.100921
36.67728 456.296354
36.67728 456.491787
36.71824 456.687220
36.71824 456.882652
36.7592 457.078085
36.7592 457.273518
36.7592 457.468951
36.80016 457.664383
36.80016 457.859816
36.84112 458.055249
36.84112 458.250682
36.84112 458.446114
36.88208 458.641547
36.88208 458.836980
36.88208 459.032413
36.92304 459.227845
36.92304 459.423278
36.964 459.618711
36.964 459.814143
36.964 460.009576
37.00496 460.205009
37.00496 460.400442
37.04592 460.595874
37.04592 460.791307
37.04592 460.986740
37.08688 461.182173
37.08688 461.377605
37.12784 461.573038
37.12784 461.768471
37.12784 461.963904
37.1688 462.159336
37.1688 462.354769
37.1688 462.550202
37.20976 462.745635
37.20976 462.941067
37.25072 463.136500
37.25072 463.331933
37.25072 463.527365
37.29168 463.722798
37.29168 463.918231
37.33264 464.113664
37.33264 464.309096
37.33264 464.504529
37.3736 464.699962
37.3736 464.895395
37.41456 465.090827
37.41456 465.286260
37.41456 465.481693
37.45552 465.677126
37.45552 465.872558
37.49648 466.067991
37.49648 466.263424
37.49648 466.458857
37.53744 466.654289
37.53744 466.849722
37.53744 467.045155
37.5784 467.240587
37.5784 467.436020
37.61936 467.631453
37.61936 467.826886
37.61936 468.022318
37.66032 468.217751
37.66032 468.413184
37.70128 468.608617
37.70128 468.804049
37.70128 468.999482
37.74224 469.194915
37.74224 469.390348
37.7832 469.585780
37.7832 469.781213
37.7832 469.976646
37.82416 470.172079
37.82416 470.367511
37.86512 470.562944
37.86512 470.758377
37.86512 470.953809
37.90608 471.149242
37.90608 471.344675
37.90608 471.540108
37.94704 471.735540
37.94704 471.930973
37.988 472.126406
37.988 472.321839
37.988 472.517271
38.02896 472.712704
38.02896 472.908137
38.06992 473.103570
38.06992 473.299002
38.06992 473.494435
38.11088 473.689868
38.11088 473.885301
38.15184 474.080733
38.15184 474.276166
38.15184 474.471599
38.1928 474.667031
38.1928 474.862464
38.1928 475.057897
38.23376 475.253330
38.23376 475.448762
38.27472 475.644195
38.27472 475.839628
38.27472 476.035061
38.31568 476.230493
38.31568 476.425926
38.35664 476.621359
38.35664 476.816792
38.35664 477.012224
38.3976 477.207657
38.3976 477.403090
38.43856 477.598523
38.43856 477.793955
38.43856 477.989388
38.47952 478.184821
38.47952 478.380253
38.52048 478.575686
38.52048 478.771119
38.52048 478.966552
38.56144 479.161984
38.56144 479.357417
38.56144 479.552850
38.6024 479.748283
38.6024 479.943715
38.64336 480.139148
38.64336 480.334581
38.64336 480.530014
38.68432 480.725446
38.68432 480.920879
38.72528 481.116312
38.72528 481.311745
38.72528 481.507177
38.76624 481.702610
38.76624 481.898043
38.8072 482.093475
38.8072 482.288908
38.8072 482.484341
38.84816 482.679774
38.84816 482.875206
38.88912 483.070639
38.88912 483.266072
38.88912 483.461505
38.93008 483.656937
38.93008 483.852370
38.93008 484.047803
38.97104 484.243236
38.97104 484.438668
39.012 484.634101
39.012 484.829534
39.012 485.024967
39.05296 485.220399
39.05296 485.415832
39.09392 485.611265
39.09392 485.806697
39.09392 486.002130
39.13488 486.197563
39.13488 486.392996
39.17584 486.588428
39.17584 486.783861
39.17584 486.979294
39.2168 487.174727
39.2168 487.370159
39.2168 487.565592
39.25776 487.761025
39.25776 487.956458
39.29872 488.151890
39.29872 488.347323
39.29872 488.542756
39.33968 488.738189
39.33968 488.933621
39.38064 489.129054
39.38064 489.324487
39.38064 489.519919
39.4216 489.715352
39.4216 489.910785
39.46256 490.106218
39.46256 490.301650
39.46256 490.497083
39.50352 490.692516
39.50352 490.887949
39.54448 491.083381
39.54448 491.278814
39.54448 491.474247
39.58544 491.669680
39.58544 491.865112
39.58544 492.060545
39.6264 492.255978
39.6264 492.451411
39.66736 492.646843
39.66736 492.842276
39.66736 493.037709
39.70832 493.233141
39.70832 493.428574
39.74928 493.624007
39.74928 493.819440
39.74928 494.014872
39.79024 494.210305
39.79024 494.405738
39.8312 494.601171
39.8312 494.796603
39.8312 494.992036
39.87216 495.187469
39.87216 495.382902
39.91312 495.578334
39.91312 495.773767
39.91312 495.969200
39.95408 496.164633
39.95408 496.360065
39.95408 496.555498
39.99504 496.750931
39.99504 496.946363
