0.1 0.195444
0.1 0.390887
0.1 0.586331
0.1 0.600403
0.124576 0.795847
0.124576 0.991291
0.124576 1.186734
0.124576 1.200806
0.149152 1.396250
0.149152 1.591694
0.149152 1.787138
0.149152 1.801209
0.173728 1.996653
0.173728 2.192097
0.173728 2.387541
0.173728 2.401613
0.198304 2.597056
0.198304 2.792500
0.198304 2.987944
0.198304 3.002016
0.22288 3.197460
0.22288 3.392903
0.22288 3.588347
0.22288 3.602419
0.247456 3.797863
0.247456 3.993306
0.247456 4.188750
0.247456 4.202822
0.272032 4.398266
0.272032 4.593710
0.272032 4.789153
0.272032 4.803225
0.296608 4.998669
0.296608 5.194113
0.296608 5.389557
0.296608 5.403628
0.321184 5.599072
0.321184 5.794516
0.321184 5.989960
0.321184 6.004032
0.34576 6.199475
0.34576 6.394919
0.34576 6.590363
0.34576 6.604435
0.370336 6.799879
0.370336 6.995322
0.370336 7.190766
0.370336 7.204838
0.394912 7.400282
0.394912 7.595725
0.394912 7.791169
0.394912 7.805241
0.419488 8.000685
0.419488 8.196129
0.419488 8.391572
0.419488 8.405644
0.444064 8.601088
0.444064 8.796532
0.444064 8.991975
0.444064 9.006047
0.46864 9.201491
0.46864 9.396935
0.46864 9.592379
0.46864 9.606451
0.493216 9.801894
0.493216 9.997338
0.493216 10.192782
0.493216 10.206854
0.517792 10.402297
0.517792 10.597741
0.517792 10.793185
0.517792 10.807257
0.542368 11.002701
0.542368 11.198144
0.542368 11.393588
0.542368 11.407660
0.566944 11.603104
0.566944 11.798548
0.566944 11.993991
0.566944 12.008063
0.59152 12.203507
0.59152 12.398951
0.59152 12.594394
0.59152 12.608466
0.616096 12.803910
0.616096 12.999354
0.616096 13.194798
0.616096 13.208870
0.640672 13.404313
0.640672 13.599757
0.640672 13.795201
0.640672 13.809273
0.665248 14.004716
0.665248 14.200160
0.665248 14.395604
0.689824 14.591048
0.689824 14.786491
0.7144 14.981935
0.7144 15.177379
0.738976 15.372823
0.738976 15.568266
0.763552 15.763710
0.763552 15.959154
0.788128 16.154598
0.788128 16.350041
0.812704 16.545485
0.812704 16.740929
0.83728 16.936373
0.83728 17.131816
0.861856 17.327260
0.861856 17.522704
0.886432 17.718147
0.886432 17.913591
0.911008 18.109035
0.911008 18.304479
0.935584 18.499922
0.935584 18.695366
0.96016 18.890810
0.96016 19.086254
0.984736 19.281697
0.984736 19.477141
1.009312 19.672585
1.009312 19.868029
1.033888 20.063472
1.033888 20.258916
1.058464 20.454360
1.058464 20.649804
1.08304 20.845247
1.08304 21.040691
1.107616 21.236135
1.107616 21.431578
1.132192 21.627022
1.132192 21.822466
1.156768 22.017910
1.156768 22.213353
1.181344 22.408797
1.181344 22.604241
1.20592 22.799685
1.20592 22.995128
1.230496 23.190572
1.230496 23.386016
1.255072 23.581460
1.255072 23.776903
1.279648 23.972347
1.279648 24.167791
1.304224 24.363235
1.3288 24.558678
1.3288 24.754122
1.353376 24.949566
1.377952 25.145009
1.377952 25.340453
1.402528 25.535897
1.427104 25.731341
1.427104 25.926784
1.45168 26.122228
1.476256 26.317672
1.476256 26.513116
1.500832 26.708559
1.525408 26.904003
1.525408 27.099447
1.549984 27.294891
1.57456 27.490334
1.57456 27.685778
1.599136 27.881222
1.599136 28.076666
1.623712 28.272109
1.648288 28.467553
1.648288 28.662997
1.672864 28.858440
1.69744 29.053884
1.69744 29.249328
1.722016 29.444772
1.746592 29.640215
1.746592 29.835659
1.771168 30.031103
1.795744 30.226547
1.795744 30.421990
1.82032 30.617434
1.844896 30.812878
1.844896 31.008322
1.869472 31.203765
1.894048 31.399209
1.894048 31.594653
1.918624 31.790097
1.918624 31.985540
1.9432 32.180984
1.967776 32.376428
1.967776 32.571872
1.992352 32.767315
2.016928 32.962759
2.016928 33.158203
2.041504 33.353646
2.06608 33.549090
2.06608 33.744534
2.090656 33.939978
2.115232 34.135421
2.115232 34.330865
2.139808 34.526309
2.164384 34.721753
2.164384 34.917196
2.18896 35.112640
2.213536 35.308084
2.213536 35.503528
2.238112 35.698971
2.262688 35.894415
2.262688 36.089859
2.287264 36.285303
2.287264 36.480746
2.31184 36.676190
2.336416 36.871634
2.336416 37.067077
2.360992 37.262521
2.385568 37.457965
2.385568 37.653409
2.410144 37.848852
2.43472 38.044296
2.43472 38.239740
2.459296 38.435184
2.483872 38.630627
2.483872 38.826071
2.508448 39.021515
2.533024 39.216959
2.533024 39.412402
2.5576 39.607846
2.582176 39.803290
2.582176 39.998734
2.606752 40.194177
2.606752 40.389621
2.631328 40.585065
2.655904 40.780508
2.655904 40.975952
2.68048 41.171396
2.705056 41.366840
2.705056 41.562283
2.729632 41.757727
2.754208 41.953171
2.754208 42.148615
2.778784 42.344058
2.80336 42.539502
2.80336 42.734946
2.827936 42.930390
2.852512 43.125833
2.852512 43.321277
2.877088 43.516721
2.901664 43.712165
2.901664 43.907608
2.92624 44.103052
2.950816 44.298496
2.950816 44.493939
2.975392 44.689383
2.975392 44.884827
2.999968 45.080271
3.024544 45.275714
3.024544 45.471158
3.04912 45.666602
3.073696 45.862046
3.073696 46.057489
3.098272 46.252933
3.122848 46.448377
3.122848 46.643821
3.147424 46.839264
3.172 47.034708
3.172 47.230152
3.196576 47.425596
3.221152 47.621039
3.221152 47.816483
3.245728 48.011927
3.270304 48.207370
3.270304 48.402814
3.29488 48.598258
3.29488 48.793702
3.319456 48.989145
3.344032 49.184589
3.344032 49.380033
3.368608 49.575477
3.393184 49.770920
3.393184 49.966364
3.41776 50.161808
3.442336 50.357252
3.442336 50.552695
3.466912 50.748139
3.491488 50.943583
3.491488 51.139027
3.516064 51.334470
3.54064 51.529914
3.54064 51.725358
3.565216 51.920802
3.589792 52.116245
3.589792 52.311689
3.614368 52.507133
3.638944 52.702576
3.638944 52.898020
3.66352 53.093464
3.66352 53.288908
3.688096 53.484351
3.712672 53.679795
3.712672 53.875239
3.737248 54.070683
3.761824 54.266126
3.761824 54.461570
3.7864 54.657014
3.810976 54.852458
3.810976 55.047901
3.835552 55.243345
3.860128 55.438789
3.860128 55.634233
3.884704 55.829676
3.90928 56.025120
3.90928 56.220564
3.933856 56.416007
3.958432 56.611451
3.958432 56.806895
3.983008 57.002339
3.983008 57.197782
4.007584 57.393226
4.03216 57.588670
4.03216 57.784114
4.056736 57.979557
4.081312 58.175001
4.081312 58.370445
4.105888 58.565889
4.130464 58.761332
4.130464 58.956776
4.15504 59.152220
4.179616 59.347664
4.179616 59.543107
4.204192 59.738551
4.228768 59.933995
4.228768 60.129438
4.253344 60.324882
4.27792 60.520326
4.27792 60.715770
4.302496 60.911213
4.302496 61.106657
4.327072 61.302101
4.351648 61.497545
4.351648 61.692988
4.376224 61.888432
4.4008 62.083876
4.4008 62.279320
4.425376 62.474763
4.449952 62.670207
4.449952 62.865651
4.474528 63.061095
4.499104 63.256538
4.499104 63.451982
4.52368 63.647426
4.548256 63.842869
4.548256 64.038313
4.572832 64.233757
4.597408 64.429201
4.597408 64.624644
4.621984 64.820088
4.64656 65.015532
4.64656 65.210976
4.671136 65.406419
4.671136 65.601863
4.695712 65.797307
4.720288 65.992751
4.720288 66.188194
4.744864 66.383638
4.76944 66.579082
4.76944 66.774526
4.794016 66.969969
4.818592 67.165413
4.818592 67.360857
4.843168 67.556301
4.867744 67.751744
4.867744 67.947188
4.89232 68.142632
4.916896 68.338075
4.916896 68.533519
4.941472 68.728963
4.966048 68.924407
4.966048 69.119850
4.990624 69.315294
4.990624 69.510738
5.0152 69.706182
5.039776 69.901625
5.039776 70.097069
5.064352 70.292513
5.088928 70.487957
5.088928 70.683400
5.113504 70.878844
5.13808 71.074288
5.13808 71.269732
5.162656 71.465175
5.187232 71.660619
5.187232 71.856063
5.211808 72.051506
5.236384 72.246950
5.236384 72.442394
5.26096 72.637838
5.285536 72.833281
5.285536 73.028725
5.310112 73.224169
5.334688 73.419613
5.334688 73.615056
5.359264 73.810500
5.359264 74.005944
5.38384 74.201388
5.408416 74.396831
5.408416 74.592275
5.432992 74.787719
5.457568 74.983163
5.457568 75.178606
5.482144 75.374050
5.50672 75.569494
5.50672 75.764937
5.531296 75.960381
5.555872 76.155825
5.555872 76.351269
5.580448 76.546712
5.605024 76.742156
5.605024 76.937600
5.6296 77.133044
5.654176 77.328487
5.654176 77.523931
5.678752 77.719375
5.678752 77.914819
5.703328 78.110262
5.727904 78.305706
5.727904 78.501150
5.75248 78.696594
5.777056 78.892037
5.777056 79.087481
5.801632 79.282925
5.826208 79.478368
5.826208 79.673812
5.850784 79.869256
5.87536 80.064700
5.87536 80.260143
5.899936 80.455587
5.924512 80.651031
5.924512 80.846475
5.949088 81.041918
5.973664 81.237362
5.973664 81.432806
5.99824 81.628250
6.022816 81.823693
6.022816 82.019137
6.047392 82.214581
6.047392 82.410025
6.071968 82.605468
6.096544 82.800912
6.096544 82.996356
6.12112 83.191799
6.145696 83.387243
6.145696 83.582687
6.170272 83.778131
6.194848 83.973574
6.194848 84.169018
6.219424 84.364462
6.244 84.559906
6.244 84.755349
6.268576 84.950793
6.293152 85.146237
6.293152 85.341681
6.317728 85.537124
6.342304 85.732568
6.342304 85.928012
6.36688 86.123456
6.36688 86.318899
6.391456 86.514343
6.416032 86.709787
6.416032 86.905231
6.440608 87.100674
6.465184 87.296118
6.465184 87.491562
6.48976 87.687005
6.514336 87.882449
6.514336 88.077893
6.538912 88.273337
6.563488 88.468780
6.563488 88.664224
6.588064 88.859668
6.61264 89.055112
6.61264 89.250555
6.637216 89.445999
6.661792 89.641443
6.661792 89.836887
6.686368 90.032330
6.710944 90.227774
6.710944 90.423218
6.73552 90.618662
6.73552 90.814105
6.760096 91.009549
6.784672 91.204993
6.784672 91.400436
6.809248 91.595880
6.833824 91.791324
6.833824 91.986768
6.8584 92.182211
6.882976 92.377655
6.882976 92.573099
6.907552 92.768543
6.932128 92.963986
6.932128 93.159430
6.956704 93.354874
6.98128 93.550318
6.98128 93.745761
7.005856 93.941205
7.030432 94.136649
7.030432 94.332093
7.055008 94.527536
7.055008 94.722980
7.079584 94.918424
7.10416 95.113867
7.10416 95.309311
7.128736 95.504755
7.153312 95.700199
7.153312 95.895642
7.177888 96.091086
7.202464 96.286530
7.202464 96.481974
7.22704 96.677417
7.251616 96.872861
7.251616 97.068305
7.276192 97.263749
7.300768 97.459192
7.300768 97.654636
7.325344 97.850080
7.34992 98.045524
7.34992 98.240967
7.374496 98.436411
7.399072 98.631855
7.399072 98.827298
7.423648 99.022742
7.423648 99.218186
7.448224 99.413630
7.4728 99.609073
7.4728 99.804517
7.497376 99.999961
7.521952 100.195405
7.521952 100.390848
7.546528 100.586292
7.571104 100.781736
7.571104 100.977180
7.59568 101.172623
7.620256 101.368067
7.620256 101.563511
7.644832 101.758955
7.669408 101.954398
7.669408 102.149842
7.693984 102.345286
7.71856 102.540729
7.71856 102.736173
7.743136 102.931617
7.743136 103.127061
7.767712 103.322504
7.792288 103.517948
7.792288 103.713392
7.816864 103.908836
7.84144 104.104279
7.84144 104.299723
7.866016 104.495167
7.890592 104.690611
7.890592 104.886054
7.915168 105.081498
7.939744 105.276942
7.939744 105.472386
7.96432 105.667829
7.988896 105.863273
7.988896 106.058717
8.013472 106.254161
8.038048 106.449604
8.038048 106.645048
8.062624 106.840492
8.062624 107.035935
8.0872 107.231379
8.111776 107.426823
8.111776 107.622267
8.136352 107.817710
8.160928 108.013154
8.160928 108.208598
8.185504 108.404042
8.21008 108.599485
8.21008 108.794929
8.234656 108.990373
8.259232 109.185817
8.259232 109.381260
8.283808 109.576704
8.308384 109.772148
8.308384 109.967592
8.33296 110.163035
8.357536 110.358479
8.357536 110.553923
8.382112 110.749366
8.406688 110.944810
8.406688 111.140254
8.431264 111.335698
8.431264 111.531141
8.45584 111.726585
8.480416 111.922029
8.480416 112.117473
8.504992 112.312916
8.529568 112.508360
8.529568 112.703804
8.554144 112.899248
8.57872 113.094691
8.57872 113.290135
8.603296 113.485579
8.627872 113.681023
8.627872 113.876466
8.652448 114.071910
8.677024 114.267354
8.677024 114.462797
8.7016 114.658241
8.726176 114.853685
8.726176 115.049129
8.750752 115.244572
8.750752 115.440016
8.775328 115.635460
8.799904 115.830904
8.799904 116.026347
8.82448 116.221791
8.849056 116.417235
8.849056 116.612679
8.873632 116.808122
8.898208 117.003566
8.898208 117.199010
8.922784 117.394454
8.94736 117.589897
8.94736 117.785341
8.971936 117.980785
8.996512 118.176228
8.996512 118.371672
9.021088 118.567116
9.045664 118.762560
9.045664 118.958003
9.07024 119.153447
9.094816 119.348891
9.094816 119.544335
9.119392 119.739778
9.119392 119.935222
9.143968 120.130666
9.168544 120.326110
9.168544 120.521553
9.19312 120.716997
9.217696 120.912441
9.217696 121.107885
9.242272 121.303328
9.266848 121.498772
9.266848 121.694216
9.291424 121.889660
9.316 122.085103
9.316 122.280547
9.340576 122.475991
9.365152 122.671434
9.365152 122.866878
9.389728 123.062322
9.414304 123.257766
9.414304 123.453209
9.43888 123.648653
9.43888 123.844097
9.463456 124.039541
9.488032 124.234984
9.488032 124.430428
9.512608 124.625872
9.537184 124.821316
9.537184 125.016759
9.56176 125.212203
9.586336 125.407647
9.586336 125.603091
9.610912 125.798534
9.635488 125.993978
9.635488 126.189422
9.660064 126.384865
9.68464 126.580309
9.68464 126.775753
9.709216 126.971197
9.733792 127.166640
9.733792 127.362084
9.758368 127.557528
9.782944 127.752972
9.782944 127.948415
9.80752 128.143859
9.80752 128.339303
9.832096 128.534747
9.856672 128.730190
9.856672 128.925634
9.881248 129.121078
9.905824 129.316522
9.905824 129.511965
9.9304 129.707409
9.954976 129.902853
9.954976 130.098296
9.979552 130.293740
10.004128 130.489184
10.004128 130.684628
10.028704 130.880071
10.05328 131.075515
10.05328 131.270959
10.077856 131.466403
10.102432 131.661846
10.102432 131.857290
10.127008 132.052734
10.127008 132.248178
10.151584 132.443621
10.17616 132.639065
10.17616 132.834509
10.200736 133.029953
10.225312 133.225396
10.225312 133.420840
10.249888 133.616284
10.274464 133.811727
10.274464 134.007171
10.29904 134.202615
10.323616 134.398059
10.323616 134.593502
10.348192 134.788946
10.372768 134.984390
10.372768 135.179834
10.397344 135.375277
10.42192 135.570721
10.42192 135.766165
10.446496 135.961609
10.471072 136.157052
10.471072 136.352496
10.495648 136.547940
10.495648 136.743384
10.520224 136.938827
10.5448 137.134271
10.5448 137.329715
10.569376 137.525158
10.593952 137.720602
10.593952 137.916046
10.618528 138.111490
10.643104 138.306933
10.643104 138.502377
10.66768 138.697821
10.692256 138.893265
10.692256 139.088708
10.716832 139.284152
10.741408 139.479596
10.741408 139.675040
10.765984 139.870483
10.79056 140.065927
10.79056 140.261371
10.815136 140.456815
10.815136 140.652258
10.839712 140.847702
10.864288 141.043146
10.864288 141.238590
10.888864 141.434033
10.91344 141.629477
10.91344 141.824921
10.938016 142.020364
10.962592 142.215808
10.962592 142.411252
10.987168 142.606696
11.011744 142.802139
11.011744 142.997583
11.03632 143.193027
11.060896 143.388471
11.060896 143.583914
11.085472 143.779358
11.110048 143.974802
11.110048 144.170246
11.134624 144.365689
11.134624 144.561133
11.1592 144.756577
11.183776 144.952021
11.183776 145.147464
11.208352 145.342908
11.232928 145.538352
11.232928 145.733795
11.257504 145.929239
11.28208 146.124683
11.28208 146.320127
11.306656 146.515570
11.331232 146.711014
11.331232 146.906458
11.355808 147.101902
11.380384 147.297345
11.380384 147.492789
11.40496 147.688233
11.429536 147.883677
11.429536 148.079120
11.454112 148.274564
11.478688 148.470008
11.478688 148.665452
11.503264 148.860895
11.503264 149.056339
11.52784 149.251783
11.552416 149.447226
11.552416 149.642670
11.576992 149.838114
11.601568 150.033558
11.601568 150.229001
11.626144 150.424445
11.65072 150.619889
11.65072 150.815333
11.675296 151.010776
11.699872 151.206220
11.699872 151.401664
11.724448 151.597108
11.749024 151.792551
11.749024 151.987995
11.7736 152.183439
11.798176 152.378883
11.798176 152.574326
11.822752 152.769770
11.822752 152.965214
11.847328 153.160657
11.871904 153.356101
11.871904 153.551545
11.89648 153.746989
11.921056 153.942432
11.921056 154.137876
11.945632 154.333320
11.970208 154.528764
11.970208 154.724207
11.994784 154.919651
12.01936 155.115095
12.01936 155.310539
12.043936 155.505982
12.068512 155.701426
12.068512 155.896870
12.093088 156.092314
12.117664 156.287757
12.117664 156.483201
12.14224 156.678645
12.166816 156.874088
12.166816 157.069532
12.191392 157.264976
12.191392 157.460420
12.215968 157.655863
12.240544 157.851307
12.240544 158.046751
12.26512 158.242195
12.289696 158.437638
12.289696 158.633082
12.314272 158.828526
12.338848 159.023970
12.338848 159.219413
12.363424 159.414857
12.388 159.610301
12.388 159.805745
12.412576 160.001188
12.437152 160.196632
12.437152 160.392076
12.461728 160.587520
12.486304 160.782963
12.486304 160.978407
12.51088 161.173851
12.51088 161.369294
12.535456 161.564738
12.560032 161.760182
12.560032 161.955626
12.584608 162.151069
12.609184 162.346513
12.609184 162.541957
12.63376 162.737401
12.658336 162.932844
12.658336 163.128288
12.682912 163.323732
12.707488 163.519176
12.707488 163.714619
12.732064 163.910063
12.75664 164.105507
12.75664 164.300951
12.781216 164.496394
12.805792 164.691838
12.805792 164.887282
12.830368 165.082725
12.854944 165.278169
12.854944 165.473613
12.87952 165.669057
12.87952 165.864500
12.904096 166.059944
12.928672 166.255388
12.928672 166.450832
12.953248 166.646275
12.977824 166.841719
12.977824 167.037163
13.0024 167.232607
13.026976 167.428050
13.026976 167.623494
13.051552 167.818938
13.076128 168.014382
13.076128 168.209825
13.100704 168.405269
13.12528 168.600713
13.12528 168.796156
13.149856 168.991600
13.174432 169.187044
13.174432 169.382488
13.199008 169.577931
13.199008 169.773375
13.223584 169.968819
13.24816 170.164263
13.24816 170.359706
13.272736 170.555150
13.297312 170.750594
13.297312 170.946038
13.321888 171.141481
13.346464 171.336925
13.346464 171.532369
13.37104 171.727813
13.395616 171.923256
13.395616 172.118700
13.420192 172.314144
13.444768 172.509587
13.444768 172.705031
13.469344 172.900475
13.49392 173.095919
13.49392 173.291362
13.518496 173.486806
13.543072 173.682250
13.543072 173.877694
13.567648 174.073137
13.567648 174.268581
13.592224 174.464025
13.6168 174.659469
13.6168 174.854912
13.641376 175.050356
13.665952 175.245800
13.665952 175.441244
13.690528 175.636687
13.715104 175.832131
13.715104 176.027575
13.73968 176.223019
13.764256 176.418462
13.764256 176.613906
13.788832 176.809350
13.813408 177.004793
13.813408 177.200237
13.837984 177.395681
13.86256 177.591125
13.86256 177.786568
13.887136 177.982012
13.887136 178.177456
13.911712 178.372900
13.936288 178.568343
13.936288 178.763787
13.960864 178.959231
13.98544 179.154675
13.98544 179.350118
14.010016 179.545562
14.034592 179.741006
14.034592 179.936450
14.059168 180.131893
14.083744 180.327337
14.083744 180.522781
14.10832 180.718224
14.132896 180.913668
14.132896 181.109112
14.157472 181.304556
14.182048 181.499999
14.182048 181.695443
14.206624 181.890887
14.206624 182.086331
14.2312 182.281774
14.255776 182.477218
14.255776 182.672662
14.280352 182.868106
14.304928 183.063549
14.304928 183.258993
14.329504 183.454437
14.35408 183.649881
14.35408 183.845324
14.378656 184.040768
14.403232 184.236212
14.403232 184.431655
14.427808 184.627099
14.452384 184.822543
14.452384 185.017987
14.47696 185.213430
14.501536 185.408874
14.501536 185.604318
14.526112 185.799762
14.550688 185.995205
14.550688 186.190649
14.575264 186.386093
14.575264 186.581537
14.59984 186.776980
14.624416 186.972424
14.624416 187.167868
14.648992 187.363312
14.673568 187.558755
14.673568 187.754199
14.698144 187.949643
14.72272 188.145086
14.72272 188.340530
14.747296 188.535974
14.771872 188.731418
14.771872 188.926861
14.796448 189.122305
14.821024 189.317749
14.821024 189.513193
14.8456 189.708636
14.870176 189.904080
14.870176 190.099524
14.894752 190.294968
14.894752 190.490411
14.919328 190.685855
14.943904 190.881299
14.943904 191.076743
14.96848 191.272186
14.993056 191.467630
14.993056 191.663074
15.017632 191.858517
15.042208 192.053961
15.042208 192.249405
15.066784 192.444849
15.09136 192.640292
15.09136 192.835736
15.115936 193.031180
15.140512 193.226624
15.140512 193.422067
15.165088 193.617511
15.189664 193.812955
15.189664 194.008399
15.21424 194.203842
15.238816 194.399286
15.238816 194.594730
15.263392 194.790174
15.263392 194.985617
15.287968 195.181061
15.312544 195.376505
15.312544 195.571949
15.33712 195.767392
15.361696 195.962836
15.361696 196.158280
15.386272 196.353723
15.410848 196.549167
15.410848 196.744611
15.435424 196.940055
15.46 197.135498
15.46 197.330942
15.484576 197.526386
15.509152 197.721830
15.509152 197.917273
15.533728 198.112717
15.558304 198.308161
15.558304 198.503605
15.58288 198.699048
15.58288 198.894492
15.607456 199.089936
15.632032 199.285380
15.632032 199.480823
15.656608 199.676267
15.681184 199.871711
15.681184 200.067154
15.70576 200.262598
15.730336 200.458042
15.730336 200.653486
15.754912 200.848929
15.779488 201.044373
15.779488 201.239817
15.804064 201.435261
15.82864 201.630704
15.82864 201.826148
15.853216 202.021592
15.877792 202.217036
15.877792 202.412479
15.902368 202.607923
15.926944 202.803367
15.926944 202.998811
15.95152 203.194254
15.95152 203.389698
15.976096 203.585142
16.000672 203.780585
16.000672 203.976029
16.025248 204.171473
16.049824 204.366917
16.049824 204.562360
16.0744 204.757804
16.098976 204.953248
16.098976 205.148692
16.123552 205.344135
16.148128 205.539579
16.148128 205.735023
16.172704 205.930467
16.19728 206.125910
16.19728 206.321354
16.221856 206.516798
16.246432 206.712242
16.246432 206.907685
16.271008 207.103129
16.271008 207.298573
16.295584 207.494016
16.32016 207.689460
16.32016 207.884904
16.344736 208.080348
16.369312 208.275791
16.369312 208.471235
16.393888 208.666679
16.418464 208.862123
16.418464 209.057566
16.44304 209.253010
16.467616 209.448454
16.467616 209.643898
16.492192 209.839341
16.516768 210.034785
16.516768 210.230229
16.541344 210.425673
16.56592 210.621116
16.56592 210.816560
16.590496 211.012004
16.615072 211.207448
16.615072 211.402891
16.639648 211.598335
16.639648 211.793779
16.664224 211.989222
16.6888 212.184666
16.6888 212.380110
16.713376 212.575554
16.737952 212.770997
16.737952 212.966441
16.762528 213.161885
16.787104 213.357329
16.787104 213.552772
16.81168 213.748216
16.836256 213.943660
16.836256 214.139104
16.860832 214.334547
16.885408 214.529991
16.885408 214.725435
16.909984 214.920879
16.93456 215.116322
16.93456 215.311766
16.959136 215.507210
16.959136 215.702653
16.983712 215.898097
17.008288 216.093541
17.008288 216.288985
17.032864 216.484428
17.05744 216.679872
17.05744 216.875316
17.082016 217.070760
17.106592 217.266203
17.106592 217.461647
17.131168 217.657091
17.155744 217.852535
17.155744 218.047978
17.18032 218.243422
17.204896 218.438866
17.204896 218.634310
17.229472 218.829753
17.254048 219.025197
17.254048 219.220641
17.278624 219.416084
17.278624 219.611528
17.3032 219.806972
17.327776 220.002416
17.327776 220.197859
17.352352 220.393303
17.376928 220.588747
17.376928 220.784191
17.401504 220.979634
17.42608 221.175078
17.42608 221.370522
17.450656 221.565966
17.475232 221.761409
17.475232 221.956853
17.499808 222.152297
17.524384 222.347741
17.524384 222.543184
17.54896 222.738628
17.573536 222.934072
17.573536 223.129515
17.598112 223.324959
17.622688 223.520403
17.622688 223.715847
17.647264 223.911290
17.647264 224.106734
17.67184 224.302178
17.696416 224.497622
17.696416 224.693065
17.720992 224.888509
17.745568 225.083953
17.745568 225.279397
17.770144 225.474840
17.79472 225.670284
17.79472 225.865728
17.819296 226.061172
17.843872 226.256615
17.843872 226.452059
17.868448 226.647503
17.893024 226.842946
17.893024 227.038390
17.9176 227.233834
17.942176 227.429278
17.942176 227.624721
17.966752 227.820165
17.966752 228.015609
17.991328 228.211053
18.015904 228.406496
18.015904 228.601940
18.04048 228.797384
18.065056 228.992828
18.065056 229.188271
18.089632 229.383715
18.114208 229.579159
18.114208 229.774603
18.138784 229.970046
18.16336 230.165490
18.16336 230.360934
18.187936 230.556378
18.212512 230.751821
18.212512 230.947265
18.237088 231.142709
18.261664 231.338152
18.261664 231.533596
18.28624 231.729040
18.310816 231.924484
18.310816 232.119927
18.335392 232.315371
18.335392 232.510815
18.359968 232.706259
18.384544 232.901702
18.384544 233.097146
18.40912 233.292590
18.433696 233.488034
18.433696 233.683477
18.458272 233.878921
18.482848 234.074365
18.482848 234.269809
18.507424 234.465252
18.532 234.660696
18.532 234.856140
18.556576 235.051583
18.581152 235.247027
18.581152 235.442471
18.605728 235.637915
18.630304 235.833358
18.630304 236.028802
18.65488 236.224246
18.65488 236.419690
18.679456 236.615133
18.704032 236.810577
18.704032 237.006021
18.728608 237.201465
18.753184 237.396908
18.753184 237.592352
18.77776 237.787796
18.802336 237.983240
18.802336 238.178683
18.826912 238.374127
18.851488 238.569571
18.851488 238.765014
18.876064 238.960458
18.90064 239.155902
18.90064 239.351346
18.925216 239.546789
18.949792 239.742233
18.949792 239.937677
18.974368 240.133121
18.998944 240.328564
18.998944 240.524008
19.02352 240.719452
19.02352 240.914896
19.048096 241.110339
19.072672 241.305783
19.072672 241.501227
19.097248 241.696671
19.121824 241.892114
19.121824 242.087558
19.1464 242.283002
19.170976 242.478445
19.170976 242.673889
19.195552 242.869333
19.220128 243.064777
19.220128 243.260220
19.244704 243.455664
19.26928 243.651108
19.26928 243.846552
19.293856 244.041995
19.318432 244.237439
19.318432 244.432883
19.343008 244.628327
19.343008 244.823770
19.367584 245.019214
19.39216 245.214658
19.39216 245.410102
19.416736 245.605545
19.441312 245.800989
19.441312 245.996433
19.465888 246.191876
19.490464 246.387320
19.490464 246.582764
19.51504 246.778208
19.539616 246.973651
19.539616 247.169095
19.564192 247.364539
19.588768 247.559983
19.588768 247.755426
19.613344 247.950870
19.63792 248.146314
19.63792 248.341758
19.662496 248.537201
19.662496 248.732645
19.687072 248.928089
19.711648 249.123533
19.711648 249.318976
19.736224 249.514420
19.7608 249.709864
19.7608 249.905308
19.785376 250.100751
19.809952 250.296195
19.809952 250.491639
19.834528 250.687082
19.859104 250.882526
19.859104 251.077970
19.88368 251.273414
19.908256 251.468857
19.908256 251.664301
19.932832 251.859745
19.957408 252.055189
19.957408 252.250632
19.981984 252.446076
20.00656 252.641520
20.00656 252.836964
20.031136 253.032407
20.031136 253.227851
20.055712 253.423295
20.080288 253.618739
20.080288 253.814182
20.104864 254.009626
20.12944 254.205070
20.12944 254.400513
20.154016 254.595957
20.178592 254.791401
20.178592 254.986845
20.203168 255.182288
20.227744 255.377732
20.227744 255.573176
20.25232 255.768620
20.276896 255.964063
20.276896 256.159507
20.301472 256.354951
20.326048 256.550395
20.326048 256.745838
20.350624 256.941282
20.350624 257.136726
20.3752 257.332170
20.399776 257.527613
20.399776 257.723057
20.424352 257.918501
20.448928 258.113944
20.448928 258.309388
20.473504 258.504832
20.49808 258.700276
20.49808 258.895719
20.522656 259.091163
20.547232 259.286607
20.547232 259.482051
20.571808 259.677494
20.596384 259.872938
20.596384 260.068382
20.62096 260.263826
20.645536 260.459269
20.645536 260.654713
20.670112 260.850157
20.694688 261.045601
20.694688 261.241044
20.719264 261.436488
20.719264 261.631932
20.74384 261.827375
20.768416 262.022819
20.768416 262.218263
20.792992 262.413707
20.817568 262.609150
20.817568 262.804594
20.842144 263.000038
20.86672 263.195482
20.86672 263.390925
20.891296 263.586369
20.915872 263.781813
20.915872 263.977257
20.940448 264.172700
20.965024 264.368144
20.965024 264.563588
20.9896 264.759032
21.014176 264.954475
21.014176 265.149919
21.038752 265.345363
21.038752 265.540807
21.063328 265.736250
21.087904 265.931694
21.087904 266.127138
21.11248 266.322581
21.137056 266.518025
21.137056 266.713469
21.161632 266.908913
21.186208 267.104356
21.186208 267.299800
21.210784 267.495244
21.23536 267.690688
21.23536 267.886131
21.259936 268.081575
21.284512 268.277019
21.284512 268.472463
21.309088 268.667906
21.333664 268.863350
21.333664 269.058794
21.35824 269.254238
21.382816 269.449681
21.382816 269.645125
21.407392 269.840569
21.407392 270.036012
21.431968 270.231456
21.456544 270.426900
21.456544 270.622344
21.48112 270.817787
21.505696 271.013231
21.505696 271.208675
21.530272 271.404119
21.554848 271.599562
21.554848 271.795006
21.579424 271.990450
21.604 272.185894
21.604 272.381337
21.628576 272.576781
21.653152 272.772225
21.653152 272.967669
21.677728 273.163112
21.702304 273.358556
21.702304 273.554000
21.72688 273.749443
21.72688 273.944887
21.751456 274.140331
21.776032 274.335775
21.776032 274.531218
21.800608 274.726662
21.825184 274.922106
21.825184 275.117550
21.84976 275.312993
21.874336 275.508437
21.874336 275.703881
21.898912 275.899325
21.923488 276.094768
21.923488 276.290212
21.948064 276.485656
21.97264 276.681100
21.97264 276.876543
21.997216 277.071987
22.021792 277.267431
22.021792 277.462874
22.046368 277.658318
22.070944 277.853762
22.070944 278.049206
22.09552 278.244649
22.09552 278.440093
22.120096 278.635537
22.144672 278.830981
22.144672 279.026424
22.169248 279.221868
22.193824 279.417312
22.193824 279.612756
22.2184 279.808199
22.242976 280.003643
22.242976 280.199087
22.267552 280.394531
22.292128 280.589974
22.292128 280.785418
22.316704 280.980862
22.34128 281.176305
22.34128 281.371749
22.365856 281.567193
22.390432 281.762637
22.390432 281.958080
22.415008 282.153524
22.415008 282.348968
22.439584 282.544412
22.46416 282.739855
22.46416 282.935299
22.488736 283.130743
22.513312 283.326187
22.513312 283.521630
22.537888 283.717074
22.562464 283.912518
22.562464 284.107962
22.58704 284.303405
22.611616 284.498849
22.611616 284.694293
22.636192 284.889737
22.660768 285.085180
22.660768 285.280624
22.685344 285.476068
22.70992 285.671511
22.70992 285.866955
22.734496 286.062399
22.734496 286.257843
22.759072 286.453286
22.783648 286.648730
22.783648 286.844174
22.808224 287.039618
22.8328 287.235061
22.8328 287.430505
22.857376 287.625949
22.881952 287.821393
22.881952 288.016836
22.906528 288.212280
22.931104 288.407724
22.931104 288.603168
22.95568 288.798611
22.980256 288.994055
22.980256 289.189499
23.004832 289.384942
23.029408 289.580386
23.029408 289.775830
23.053984 289.971274
23.07856 290.166717
23.07856 290.362161
23.103136 290.557605
23.103136 290.753049
23.127712 290.948492
23.152288 291.143936
23.152288 291.339380
23.176864 291.534824
23.20144 291.730267
23.20144 291.925711
23.226016 292.121155
23.250592 292.316599
23.250592 292.512042
23.275168 292.707486
23.299744 292.902930
23.299744 293.098373
23.32432 293.293817
23.348896 293.489261
23.348896 293.684705
23.373472 293.880148
23.398048 294.075592
23.398048 294.271036
23.422624 294.466480
23.422624 294.661923
23.4472 294.857367
23.471776 295.052811
23.471776 295.248255
23.496352 295.443698
23.520928 295.639142
23.520928 295.834586
23.545504 296.030030
23.57008 296.225473
23.57008 296.420917
23.594656 296.616361
23.619232 296.811804
23.619232 297.007248
23.643808 297.202692
23.668384 297.398136
23.668384 297.593579
23.69296 297.789023
23.717536 297.984467
23.717536 298.179911
23.742112 298.375354
23.766688 298.570798
23.766688 298.766242
23.791264 298.961686
23.791264 299.157129
23.81584 299.352573
23.840416 299.548017
23.840416 299.743461
23.864992 299.938904
23.889568 300.134348
23.889568 300.329792
23.914144 300.525235
23.93872 300.720679
23.93872 300.916123
23.963296 301.111567
23.987872 301.307010
23.987872 301.502454
24.012448 301.697898
24.037024 301.893342
24.037024 302.088785
24.0616 302.284229
24.086176 302.479673
24.086176 302.675117
24.110752 302.870560
24.110752 303.066004
24.135328 303.261448
24.159904 303.456892
24.159904 303.652335
24.18448 303.847779
24.209056 304.043223
24.209056 304.238667
24.233632 304.434110
24.258208 304.629554
24.258208 304.824998
24.282784 305.020441
24.30736 305.215885
24.30736 305.411329
24.331936 305.606773
24.356512 305.802216
24.356512 305.997660
24.381088 306.193104
24.405664 306.388548
24.405664 306.583991
24.43024 306.779435
24.454816 306.974879
24.454816 307.170323
24.479392 307.365766
24.479392 307.561210
24.503968 307.756654
24.528544 307.952098
24.528544 308.147541
24.55312 308.342985
24.577696 308.538429
24.577696 308.733872
24.602272 308.929316
24.626848 309.124760
24.626848 309.320204
24.651424 309.515647
24.676 309.711091
24.676 309.906535
24.700576 310.101979
24.725152 310.297422
24.725152 310.492866
24.749728 310.688310
24.774304 310.883754
24.774304 311.079197
24.79888 311.274641
24.79888 311.470085
24.823456 311.665529
24.848032 311.860972
24.848032 312.056416
24.872608 312.251860
24.897184 312.447303
24.897184 312.642747
24.92176 312.838191
24.946336 313.033635
24.946336 313.229078
24.970912 313.424522
24.995488 313.619966
24.995488 313.815410
25.020064 314.010853
25.04464 314.206297
25.04464 314.401741
25.069216 314.597185
25.093792 314.792628
25.093792 314.988072
25.118368 315.183516
25.142944 315.378960
25.142944 315.574403
25.16752 315.769847
25.16752 315.965291
25.192096 316.160734
25.216672 316.356178
25.216672 316.551622
25.241248 316.747066
25.265824 316.942509
25.265824 317.137953
25.2904 317.333397
25.314976 317.528841
25.314976 317.724284
25.339552 317.919728
25.364128 318.115172
25.364128 318.310616
25.388704 318.506059
25.41328 318.701503
25.41328 318.896947
25.437856 319.092391
25.462432 319.287834
25.462432 319.483278
25.487008 319.678722
25.487008 319.874166
25.511584 320.069609
25.53616 320.265053
25.53616 320.460497
25.560736 320.655940
25.585312 320.851384
25.585312 321.046828
25.609888 321.242272
25.634464 321.437715
25.634464 321.633159
25.65904 321.828603
25.683616 322.024047
25.683616 322.219490
25.708192 322.414934
25.732768 322.610378
25.732768 322.805822
25.757344 323.001265
25.78192 323.196709
25.78192 323.392153
25.806496 323.587597
25.806496 323.783040
25.831072 323.978484
25.855648 324.173928
25.855648 324.369371
25.880224 324.564815
25.9048 324.760259
25.9048 324.955703
25.929376 325.151146
25.953952 325.346590
25.953952 325.542034
25.978528 325.737478
26.003104 325.932921
26.003104 326.128365
26.02768 326.323809
26.052256 326.519253
26.052256 326.714696
26.076832 326.910140
26.101408 327.105584
26.101408 327.301028
26.125984 327.496471
26.15056 327.691915
26.15056 327.887359
26.175136 328.082802
26.175136 328.278246
26.199712 328.473690
26.224288 328.669134
26.224288 328.864577
26.248864 329.060021
26.27344 329.255465
26.27344 329.450909
26.298016 329.646352
26.322592 329.841796
26.322592 330.037240
26.347168 330.232684
26.371744 330.428127
26.371744 330.623571
26.39632 330.819015
26.420896 331.014459
26.420896 331.209902
26.445472 331.405346
26.470048 331.600790
26.470048 331.796233
26.494624 331.991677
26.494624 332.187121
26.5192 332.382565
26.543776 332.578008
26.543776 332.773452
26.568352 332.968896
26.592928 333.164340
26.592928 333.359783
26.617504 333.555227
26.64208 333.750671
26.64208 333.946115
26.666656 334.141558
26.691232 334.337002
26.691232 334.532446
26.715808 334.727890
26.740384 334.923333
26.740384 335.118777
26.76496 335.314221
26.789536 335.509664
26.789536 335.705108
26.814112 335.900552
26.838688 336.095996
26.838688 336.291439
26.863264 336.486883
26.863264 336.682327
26.88784 336.877771
26.912416 337.073214
26.912416 337.268658
26.936992 337.464102
26.961568 337.659546
26.961568 337.854989
26.986144 338.050433
27.01072 338.245877
27.01072 338.441321
27.035296 338.636764
27.059872 338.832208
27.059872 339.027652
27.084448 339.223096
27.109024 339.418539
27.109024 339.613983
27.1336 339.809427
27.158176 340.004870
27.158176 340.200314
27.182752 340.395758
27.182752 340.591202
27.207328 340.786645
27.231904 340.982089
27.231904 341.177533
27.25648 341.372977
27.281056 341.568420
27.281056 341.763864
27.305632 341.959308
27.330208 342.154752
27.330208 342.350195
27.354784 342.545639
27.37936 342.741083
27.37936 342.936527
27.403936 343.131970
27.428512 343.327414
27.428512 343.522858
27.453088 343.718301
27.477664 343.913745
27.477664 344.109189
27.50224 344.304633
27.526816 344.500076
27.526816 344.695520
27.551392 344.890964
27.551392 345.086408
27.575968 345.281851
27.600544 345.477295
27.600544 345.672739
27.62512 345.868183
27.649696 346.063626
27.649696 346.259070
27.674272 346.454514
27.698848 346.649958
27.698848 346.845401
27.723424 347.040845
27.748 347.236289
27.748 347.431732
27.772576 347.627176
27.797152 347.822620
27.797152 348.018064
27.821728 348.213507
27.846304 348.408951
27.846304 348.604395
27.87088 348.799839
27.87088 348.995282
27.895456 349.190726
27.920032 349.386170
27.920032 349.581614
27.944608 349.777057
27.969184 349.972501
27.969184 350.167945
27.99376 350.363389
28.018336 350.558832
28.018336 350.754276
28.042912 350.949720
28.067488 351.145163
28.067488 351.340607
28.092064 351.536051
28.11664 351.731495
28.11664 351.926938
28.141216 352.122382
28.165792 352.317826
28.165792 352.513270
28.190368 352.708713
28.214944 352.904157
28.214944 353.099601
28.23952 353.295045
28.23952 353.490488
28.264096 353.685932
28.288672 353.881376
28.288672 354.076820
28.313248 354.272263
28.337824 354.467707
28.337824 354.663151
28.3624 354.858595
28.386976 355.054038
28.386976 355.249482
28.411552 355.444926
28.436128 355.640369
28.436128 355.835813
28.460704 356.031257
28.48528 356.226701
28.48528 356.422144
28.509856 356.617588
28.534432 356.813032
28.534432 357.008476
28.559008 357.203919
28.559008 357.399363
28.583584 357.594807
28.60816 357.790251
28.60816 357.985694
28.632736 358.181138
28.657312 358.376582
28.657312 358.572026
28.681888 358.767469
28.706464 358.962913
28.706464 359.158357
28.73104 359.353800
28.755616 359.549244
28.755616 359.744688
28.780192 359.940132
28.804768 360.135575
28.804768 360.331019
28.829344 360.526463
28.85392 360.721907
28.85392 360.917350
28.878496 361.112794
28.878496 361.308238
28.903072 361.503682
28.927648 361.699125
28.927648 361.894569
28.952224 362.090013
28.9768 362.285457
28.9768 362.480900
29.001376 362.676344
29.025952 362.871788
29.025952 363.067231
29.050528 363.262675
29.075104 363.458119
29.075104 363.653563
29.09968 363.849006
29.124256 364.044450
29.124256 364.239894
29.148832 364.435338
29.173408 364.630781
29.173408 364.826225
29.197984 365.021669
29.22256 365.217113
29.22256 365.412556
29.247136 365.608000
29.247136 365.803444
29.271712 365.998888
29.296288 366.194331
29.296288 366.389775
29.320864 366.585219
29.34544 366.780662
29.34544 366.976106
29.370016 367.171550
29.394592 367.366994
29.394592 367.562437
29.419168 367.757881
29.443744 367.953325
29.443744 368.148769
29.46832 368.344212
29.492896 368.539656
29.492896 368.735100
29.517472 368.930544
29.542048 369.125987
29.542048 369.321431
29.566624 369.516875
29.566624 369.712319
29.5912 369.907762
29.615776 370.103206
29.615776 370.298650
29.640352 370.494093
29.664928 370.689537
29.664928 370.884981
29.689504 371.080425
29.71408 371.275868
29.71408 371.471312
29.738656 371.666756
29.763232 371.862200
29.763232 372.057643
29.787808 372.253087
29.812384 372.448531
29.812384 372.643975
29.83696 372.839418
29.861536 373.034862
29.861536 373.230306
29.886112 373.425750
29.910688 373.621193
29.910688 373.816637
29.935264 374.012081
29.935264 374.207525
29.95984 374.402968
29.984416 374.598412
29.984416 374.793856
30.008992 374.989299
30.033568 375.184743
30.033568 375.380187
30.058144 375.575631
30.08272 375.771074
30.08272 375.966518
30.107296 376.161962
30.131872 376.357406
30.131872 376.552849
30.156448 376.748293
30.181024 376.943737
30.181024 377.139181
30.2056 377.334624
30.230176 377.530068
30.230176 377.725512
30.254752 377.920956
30.254752 378.116399
30.279328 378.311843
30.303904 378.507287
30.303904 378.702730
30.32848 378.898174
30.353056 379.093618
30.353056 379.289062
30.377632 379.484505
30.402208 379.679949
30.402208 379.875393
30.426784 380.070837
30.45136 380.266280
30.45136 380.461724
30.475936 380.657168
30.500512 380.852612
30.500512 381.048055
30.525088 381.243499
30.549664 381.438943
30.549664 381.634387
30.57424 381.829830
30.598816 382.025274
30.598816 382.220718
30.623392 382.416161
30.623392 382.611605
30.647968 382.807049
30.672544 383.002493
30.672544 383.197936
30.69712 383.393380
30.721696 383.588824
30.721696 383.784268
30.746272 383.979711
30.770848 384.175155
30.770848 384.370599
30.795424 384.566043
30.82 384.761486
30.82 384.956930
30.844576 385.152374
30.869152 385.347818
30.869152 385.543261
30.893728 385.738705
30.918304 385.934149
30.918304 386.129592
30.94288 386.325036
30.94288 386.520480
30.967456 386.715924
30.992032 386.911367
30.992032 387.106811
31.016608 387.302255
31.041184 387.497699
31.041184 387.693142
31.06576 387.888586
31.090336 388.084030
31.090336 388.279474
31.114912 388.474917
31.139488 388.670361
31.139488 388.865805
31.164064 389.061249
31.18864 389.256692
31.18864 389.452136
31.213216 389.647580
31.237792 389.843023
31.237792 390.038467
31.262368 390.233911
31.286944 390.429355
31.286944 390.624798
31.31152 390.820242
31.31152 391.015686
31.336096 391.211130
31.360672 391.406573
31.360672 391.602017
31.385248 391.797461
31.409824 391.992905
31.409824 392.188348
31.4344 392.383792
31.458976 392.579236
31.458976 392.774680
31.483552 392.970123
31.508128 393.165567
31.508128 393.361011
31.532704 393.556455
31.55728 393.751898
31.55728 393.947342
31.581856 394.142786
31.606432 394.338229
31.606432 394.533673
31.631008 394.729117
31.631008 394.924561
31.655584 395.120004
31.68016 395.315448
31.68016 395.510892
31.704736 395.706336
31.729312 395.901779
31.729312 396.097223
31.753888 396.292667
31.778464 396.488111
31.778464 396.683554
31.80304 396.878998
31.827616 397.074442
31.827616 397.269886
31.852192 397.465329
31.876768 397.660773
31.876768 397.856217
31.901344 398.051660
31.92592 398.247104
31.92592 398.442548
31.950496 398.637992
31.950496 398.833435
31.975072 399.028879
31.999648 399.224323
31.999648 399.419767
32.024224 399.615210
32.0488 399.810654
32.0488 400.006098
32.073376 400.201542
32.097952 400.396985
32.097952 400.592429
32.122528 400.787873
32.147104 400.983317
32.147104 401.178760
32.17168 401.374204
32.196256 401.569648
32.196256 401.765091
32.220832 401.960535
32.245408 402.155979
32.245408 402.351423
32.269984 402.546866
32.29456 402.742310
32.29456 402.937754
32.319136 403.133198
32.319136 403.328641
32.343712 403.524085
32.368288 403.719529
32.368288 403.914973
32.392864 404.110416
32.41744 404.305860
32.41744 404.501304
32.442016 404.696748
32.466592 404.892191
32.466592 405.087635
32.491168 405.283079
32.515744 405.478522
32.515744 405.673966
32.54032 405.869410
32.564896 406.064854
32.564896 406.260297
32.589472 406.455741
32.614048 406.651185
32.614048 406.846629
32.638624 407.042072
32.638624 407.237516
32.6632 407.432960
32.687776 407.628404
32.687776 407.823847
32.712352 408.019291
32.736928 408.214735
32.736928 408.410179
32.761504 408.605622
32.78608 408.801066
32.78608 408.996510
32.810656 409.191954
32.835232 409.387397
32.835232 409.582841
32.859808 409.778285
32.884384 409.973728
32.884384 410.169172
32.90896 410.364616
32.933536 410.560060
32.933536 410.755503
32.958112 410.950947
32.982688 411.146391
32.982688 411.341835
33.007264 411.537278
33.007264 411.732722
33.03184 411.928166
33.056416 412.123610
33.056416 412.319053
33.080992 412.514497
33.105568 412.709941
33.105568 412.905385
33.130144 413.100828
33.15472 413.296272
33.15472 413.491716
33.179296 413.687159
33.203872 413.882603
33.203872 414.078047
33.228448 414.273491
33.253024 414.468934
33.253024 414.664378
33.2776 414.859822
33.302176 415.055266
33.302176 415.250709
33.326752 415.446153
33.326752 415.641597
33.351328 415.837041
33.375904 416.032484
33.375904 416.227928
33.40048 416.423372
33.425056 416.618816
33.425056 416.814259
33.449632 417.009703
33.474208 417.205147
33.474208 417.400590
33.498784 417.596034
33.52336 417.791478
33.52336 417.986922
33.547936 418.182365
33.572512 418.377809
33.572512 418.573253
33.597088 418.768697
33.621664 418.964140
33.621664 419.159584
33.64624 419.355028
33.670816 419.550472
33.670816 419.745915
33.695392 419.941359
33.695392 420.136803
33.719968 420.332247
33.744544 420.527690
33.744544 420.723134
33.76912 420.918578
33.793696 421.114021
33.793696 421.309465
33.818272 421.504909
33.842848 421.700353
33.842848 421.895796
33.867424 422.091240
33.892 422.286684
33.892 422.482128
33.916576 422.677571
33.941152 422.873015
33.941152 423.068459
33.965728 423.263903
33.990304 423.459346
33.990304 423.654790
34.01488 423.850234
34.01488 424.045678
34.039456 424.241121
34.064032 424.436565
34.064032 424.632009
34.088608 424.827452
34.113184 425.022896
34.113184 425.218340
34.13776 425.413784
34.162336 425.609227
34.162336 425.804671
34.186912 426.000115
34.211488 426.195559
34.211488 426.391002
34.236064 426.586446
34.26064 426.781890
34.26064 426.977334
34.285216 427.172777
34.309792 427.368221
34.309792 427.563665
34.334368 427.759109
34.358944 427.954552
34.358944 428.149996
34.38352 428.345440
34.38352 428.540884
34.408096 428.736327
34.432672 428.931771
34.432672 429.127215
34.457248 429.322658
34.481824 429.518102
34.481824 429.713546
34.5064 429.908990
34.530976 430.104433
34.530976 430.299877
34.555552 430.495321
34.580128 430.690765
34.580128 430.886208
34.604704 431.081652
34.62928 431.277096
34.62928 431.472540
34.653856 431.667983
34.678432 431.863427
34.678432 432.058871
34.703008 432.254315
34.703008 432.449758
34.727584 432.645202
34.75216 432.840646
34.75216 433.036089
34.776736 433.231533
34.801312 433.426977
34.801312 433.622421
34.825888 433.817864
34.850464 434.013308
34.850464 434.208752
34.87504 434.404196
34.899616 434.599639
34.899616 434.795083
34.924192 434.990527
34.948768 435.185971
34.948768 435.381414
34.973344 435.576858
34.99792 435.772302
34.99792 435.967746
35.022496 436.163189
35.022496 436.358633
35.047072 436.554077
35.071648 436.749520
35.071648 436.944964
35.096224 437.140408
35.1208 437.335852
35.1208 437.531295
35.145376 437.726739
35.169952 437.922183
35.169952 438.117627
35.194528 438.313070
35.219104 438.508514
35.219104 438.703958
35.24368 438.899402
35.268256 439.094845
35.268256 439.290289
35.292832 439.485733
35.317408 439.681177
35.317408 439.876620
35.341984 440.072064
35.36656 440.267508
35.36656 440.462951
35.391136 440.658395
35.391136 440.853839
35.415712 441.049283
35.440288 441.244726
35.440288 441.440170
35.464864 441.635614
35.48944 441.831058
35.48944 442.026501
35.514016 442.221945
35.538592 442.417389
35.538592 442.612833
35.563168 442.808276
35.587744 443.003720
35.587744 443.199164
35.61232 443.394608
35.636896 443.590051
35.636896 443.785495
35.661472 443.980939
35.686048 444.176383
35.686048 444.371826
35.710624 444.567270
35.710624 444.762714
35.7352 444.958157
35.759776 445.153601
35.759776 445.349045
35.784352 445.544489
35.808928 445.739932
35.808928 445.935376
35.833504 446.130820
35.85808 446.326264
35.85808 446.521707
35.882656 446.717151
35.907232 446.912595
35.907232 447.108039
35.931808 447.303482
35.956384 447.498926
35.956384 447.694370
35.98096 447.889814
36.005536 448.085257
36.005536 448.280701
36.030112 448.476145
36.054688 448.671588
36.054688 448.867032
36.079264 449.062476
36.079264 449.257920
36.10384 449.453363
36.128416 449.648807
36.128416 449.844251
36.152992 450.039695
36.177568 450.235138
36.177568 450.430582
36.202144 450.626026
36.22672 450.821470
36.22672 451.016913
36.251296 451.212357
36.275872 451.407801
36.275872 451.603245
36.300448 451.798688
36.325024 451.994132
36.325024 452.189576
36.3496 452.385019
36.374176 452.580463
36.374176 452.775907
36.398752 452.971351
36.398752 453.166794
36.423328 453.362238
36.447904 453.557682
36.447904 453.753126
36.47248 453.948569
36.497056 454.144013
36.497056 454.339457
36.521632 454.534901
36.546208 454.730344
36.546208 454.925788
36.570784 455.121232
36.59536 455.316676
36.59536 455.512119
36.619936 455.707563
36.644512 455.903007
36.644512 456.098450
36.669088 456.293894
36.693664 456.489338
36.693664 456.684782
36.71824 456.880225
36.742816 457.075669
36.742816 457.271113
36.767392 457.466557
36.767392 457.662000
36.791968 457.857444
36.816544 458.052888
36.816544 458.248332
36.84112 458.443775
36.865696 458.639219
36.865696 458.834663
36.890272 459.030107
36.914848 459.225550
36.914848 459.420994
36.939424 459.616438
36.964 459.811881
36.964 460.007325
36.988576 460.202769
37.013152 460.398213
37.013152 460.593656
37.037728 460.789100
37.062304 460.984544
37.062304 461.179988
37.08688 461.375431
37.08688 461.570875
37.111456 461.766319
37.136032 461.961763
37.136032 462.157206
37.160608 462.352650
37.185184 462.548094
37.185184 462.743538
37.20976 462.938981
37.234336 463.134425
37.234336 463.329869
37.258912 463.525313
37.283488 463.720756
37.283488 463.916200
37.308064 464.111644
37.33264 464.307087
37.33264 464.502531
37.357216 464.697975
37.381792 464.893419
37.381792 465.088862
37.406368 465.284306
37.430944 465.479750
37.430944 465.675194
37.45552 465.870637
37.45552 466.066081
37.480096 466.261525
37.504672 466.456969
37.504672 466.652412
37.529248 466.847856
37.553824 467.043300
37.553824 467.238744
37.5784 467.434187
37.602976 467.629631
37.602976 467.825075
37.627552 468.020518
37.652128 468.215962
37.652128 468.411406
37.676704 468.606850
37.70128 468.802293
37.70128 468.997737
37.725856 469.193181
37.750432 469.388625
37.750432 469.584068
37.775008 469.779512
37.775008 469.974956
37.799584 470.170400
37.82416 470.365843
37.82416 470.561287
37.848736 470.756731
37.873312 470.952175
37.873312 471.147618
37.897888 471.343062
37.922464 471.538506
37.922464 471.733949
37.94704 471.929393
37.971616 472.124837
37.971616 472.320281
37.996192 472.515724
38.020768 472.711168
38.020768 472.906612
38.045344 473.102056
38.06992 473.297499
38.06992 473.492943
38.094496 473.688387
38.094496 473.883831
38.119072 474.079274
38.143648 474.274718
38.143648 474.470162
38.168224 474.665606
38.1928 474.861049
38.1928 475.056493
38.217376 475.251937
38.241952 475.447380
38.241952 475.642824
38.266528 475.838268
38.291104 476.033712
38.291104 476.229155
38.31568 476.424599
38.340256 476.620043
38.340256 476.815487
38.364832 477.010930
38.389408 477.206374
38.389408 477.401818
38.413984 477.597262
38.43856 477.792705
38.43856 477.988149
38.463136 478.183593
38.463136 478.379037
38.487712 478.574480
38.512288 478.769924
38.512288 478.965368
38.536864 479.160811
38.56144 479.356255
38.56144 479.551699
38.586016 479.747143
38.610592 479.942586
38.610592 480.138030
38.635168 480.333474
38.659744 480.528918
38.659744 480.724361
38.68432 480.919805
38.708896 481.115249
38.708896 481.310693
38.733472 481.506136
38.758048 481.701580
38.758048 481.897024
38.782624 482.092468
38.782624 482.287911
38.8072 482.483355
38.831776 482.678799
38.831776 482.874243
38.856352 483.069686
38.880928 483.265130
38.880928 483.460574
38.905504 483.656017
38.93008 483.851461
38.93008 484.046905
38.954656 484.242349
38.979232 484.437792
38.979232 484.633236
39.003808 484.828680
39.028384 485.024124
39.028384 485.219567
39.05296 485.415011
39.077536 485.610455
39.077536 485.805899
39.102112 486.001342
39.126688 486.196786
39.126688 486.392230
39.151264 486.587674
39.151264 486.783117
39.17584 486.978561
39.200416 487.174005
39.200416 487.369448
39.224992 487.564892
39.249568 487.760336
39.249568 487.955780
39.274144 488.151223
39.29872 488.346667
39.29872 488.542111
39.323296 488.737555
39.347872 488.932998
39.347872 489.128442
39.372448 489.323886
39.397024 489.519330
39.397024 489.714773
39.4216 489.910217
39.446176 490.105661
39.446176 490.301105
39.470752 490.496548
39.470752 490.691992
39.495328 490.887436
39.519904 491.082879
39.519904 491.278323
39.54448 491.473767
39.569056 491.669211
39.569056 491.864654
39.593632 492.060098
39.618208 492.255542
39.618208 492.450986
39.642784 492.646429
39.66736 492.841873
39.66736 493.037317
39.691936 493.232761
39.716512 493.428204
39.716512 493.623648
39.741088 493.819092
39.765664 494.014536
39.765664 494.209979
39.79024 494.405423
39.814816 494.600867
39.814816 494.796310
39.839392 494.991754
39.839392 495.187198
39.863968 495.382642
39.888544 495.578085
39.888544 495.773529
39.91312 495.968973
39.937696 496.164417
39.937696 496.359860
39.962272 496.555304
39.986848 496.750748
39.986848 496.946192
