0.1 0.007019
0.2032 0.014039
0.3064 1.281759
0.3064 2.556498
0.9364 3.831237
0.98432 1.288778
1.08752 5.105977
1.08752 6.380716
1.56224 2.563518
1.66544 7.655455
2.14016 3.838257
2.24336 8.930195
2.71808 5.112996
2.82128 10.204934
2.92544 11.479673
3.296 6.387736
3.3992 12.754413
3.3992 14.029152
3.87392 7.662475
3.97712 15.303891
4.45184 8.937214
4.55504 16.578631
5.02976 10.211953
5.13296 17.853370
5.13296 19.128109
5.60768 11.486693
5.71088 20.402849
6.1856 12.761432
6.2888 21.677588
6.76352 14.036171
7.34144 15.310911
7.65296 22.952327
7.91936 16.585650
8.02256 24.227066
8.02256 25.501806
8.49728 17.860389
8.60048 26.776545
9.0752 19.135129
9.1784 28.051284
9.65312 20.409868
9.75632 29.326024
9.75632 30.600763
10.23104 21.684607
10.33424 31.875502
10.80896 22.959347
10.91216 33.150242
11.38688 24.234086
11.49008 34.424981
11.9648 25.508825
12.54272 26.783565
13.12064 28.058304
13.69856 29.333043
14.27648 30.607783
14.37968 35.699720
14.8544 31.882522
14.9576 36.974460
15.43232 33.157261
15.53552 38.249199
16.01024 34.432000
16.11344 39.523938
16.58816 35.706740
16.69136 40.798678
17.16608 36.981479
17.26928 42.073417
17.26928 43.348156
17.744 38.256218
17.8472 44.622895
18.32192 39.530958
18.42512 45.897635
18.89984 40.805697
19.00304 47.172374
19.47776 42.080436
19.58096 48.447113
20.05568 43.355176
20.15888 49.721853
20.15888 50.996592
20.6336 44.629915
20.7368 52.271331
21.21152 45.904654
21.31472 53.546071
21.78944 47.179394
21.89264 54.820810
22.36736 48.454133
22.47056 56.095549
22.94528 49.728872
23.04848 57.370289
23.5232 51.003612
23.6264 58.645028
23.6264 59.919767
24.10112 52.278351
24.20432 61.194507
24.67904 53.553090
24.78224 62.469246
25.25696 54.827829
25.36016 63.743985
25.83488 56.102569
25.93808 65.018724
26.4128 57.377308
26.516 66.293464
26.99072 58.652047
27.09392 67.568203
27.56864 59.926787
27.67184 68.842942
28.14656 61.201526
28.24976 70.117682
28.24976 71.392421
28.72448 62.476265
28.82768 72.667160
29.3024 63.751005
29.4056 73.941900
29.88032 65.025744
29.98352 75.216639
30.45824 66.300483
30.56144 76.491378
31.03616 67.575223
31.13936 77.766118
31.61408 68.849962
31.71728 79.040857
32.192 70.124701
32.2952 80.315596
32.76992 71.399441
32.87312 81.590336
32.87312 82.865075
33.34784 72.674180
33.45104 84.139814
33.92576 73.948919
34.02896 85.414554
34.50368 75.223658
34.60688 86.689293
35.0816 76.498398
35.1848 87.964032
35.65952 77.773137
35.76272 89.238771
36.23744 79.047876
36.34064 90.513511
36.81536 80.322616
36.91856 91.788250
37.39328 81.597355
37.49648 93.062989
37.9712 82.872094
38.0744 94.337729
38.54912 84.146834
38.65232 95.612468
38.65232 96.887207
39.12704 85.421573
39.23024 98.161947
39.70496 86.696312
39.80816 99.436686
40.28288 87.971052
40.8608 89.245791
41.43872 90.520530
42.01664 91.795270
42.59456 93.070009
43.17248 94.344748
43.7504 95.619488
44.32832 96.894227
44.90624 98.168966
45.48416 99.443705
