0.1 0.007028
0.2032 0.014057
0.3064 1.100658
0.3064 2.194288
0.90112 1.107687
0.9364 3.287918
1.00432 4.381547
1.00432 5.475177
1.39584 2.201316
1.49904 6.568807
1.89056 3.294946
1.99376 7.662437
2.38528 4.388576
2.48848 8.756066
2.75904 9.849696
2.88 5.482206
2.9832 10.943326
2.9832 12.036956
3.37472 6.575835
3.47792 13.130585
3.86944 7.669465
3.97264 14.224215
4.36416 8.763095
4.46736 15.317845
4.46736 16.411475
4.85888 9.856725
4.96208 17.505104
5.3536 10.950354
5.4568 18.598734
5.84832 12.043984
6.34304 13.137614
6.83776 14.231244
7.33248 15.324873
7.8272 16.418503
7.9304 19.692364
7.9304 20.785994
8.32192 17.512133
8.42512 21.879623
8.81664 18.605763
8.91984 22.973253
9.31136 19.699392
9.41456 24.066883
9.80608 20.793022
9.90928 25.160513
10.3008 21.886652
10.404 26.254142
10.404 27.347772
10.79552 22.980282
10.89872 28.441402
11.29024 24.073911
11.39344 29.535032
11.78496 25.167541
11.88816 30.628661
12.27968 26.261171
12.38288 31.722291
12.7744 27.354801
12.8776 32.815921
12.8776 33.909551
13.26912 28.448430
13.37232 35.003180
13.76384 29.542060
13.86704 36.096810
14.25856 30.635690
14.36176 37.190440
14.75328 31.729320
14.85648 38.284070
15.248 32.822949
15.3512 39.377699
15.74272 33.916579
15.84592 40.471329
15.84592 41.564959
16.23744 35.010209
16.34064 42.658589
16.73216 36.103839
16.83536 43.752218
17.22688 37.197468
17.33008 44.845848
17.7216 38.291098
17.8248 45.939478
18.21632 39.384728
18.31952 47.033108
18.71104 40.478358
18.81424 48.126737
19.20576 41.571987
19.30896 49.220367
19.70048 42.665617
19.80368 50.313997
19.80368 51.407627
20.1952 43.759247
20.2984 52.501256
20.68992 44.852877
20.79312 53.594886
21.18464 45.946506
21.28784 54.688516
21.67936 47.040136
21.78256 55.782146
22.17408 48.133766
22.27728 56.875775
22.6688 49.227396
22.772 57.969405
23.16352 50.321025
23.26672 59.063035
23.65824 51.414655
23.76144 60.156665
23.76144 61.250294
24.15296 52.508285
24.25616 62.343924
24.64768 53.601915
24.75088 63.437554
25.1424 54.695544
25.2456 64.531184
25.63712 55.789174
25.74032 65.624813
26.13184 56.882804
26.23504 66.718443
26.62656 57.976434
26.72976 67.812073
27.12128 59.070063
27.22448 68.905703
27.616 60.163693
27.7192 69.999332
28.11072 61.257323
28.21392 71.092962
28.60544 62.350953
28.70864 72.186592
28.70864 73.280222
29.10016 63.444582
29.20336 74.373851
29.59488 64.538212
29.69808 75.467481
30.0896 65.631842
30.1928 76.561111
30.58432 66.725472
30.68752 77.654741
31.07904 67.819101
31.18224 78.748370
31.57376 68.912731
31.67696 79.842000
32.06848 70.006361
32.17168 80.935630
32.5632 71.099991
32.6664 82.029260
33.05792 72.193620
33.16112 83.122889
33.55264 73.287250
33.65584 84.216519
33.65584 85.310149
34.04736 74.380880
34.15056 86.403779
34.54208 75.474510
34.64528 87.497408
35.0368 76.568139
35.14 88.591038
35.53152 77.661769
35.63472 89.684668
36.02624 78.755399
36.12944 90.778297
36.52096 79.849028
36.62416 91.871927
37.01568 80.942658
37.11888 92.965557
37.5104 82.036288
37.6136 94.059187
38.00512 83.129918
38.10832 95.152816
38.49984 84.223547
38.60304 96.246446
38.99456 85.317177
39.09776 97.340076
39.48928 86.410807
39.59248 98.433706
39.59248 99.527335
39.984 87.504437
40.47872 88.598066
40.97344 89.691696
41.46816 90.785326
41.96288 91.878956
42.4576 92.972585
42.95232 94.066215
43.44704 95.159845
43.94176 96.253475
44.43648 97.347104
44.9312 98.440734
45.42592 99.534364
