0.1 0.195515
0.1 0.391029
0.1 0.586544
0.1 0.782059
0.1 0.800828
0.132768 0.996343
0.132768 1.191857
0.132768 1.387372
0.132768 1.582887
0.132768 1.601656
0.165536 1.797171
0.165536 1.992685
0.165536 2.188200
0.165536 2.383715
0.165536 2.402484
0.198304 2.597999
0.198304 2.793513
0.198304 2.989028
0.198304 3.184543
0.198304 3.203312
0.231072 3.398827
0.231072 3.594341
0.231072 3.789856
0.231072 3.985371
0.231072 4.004140
0.26384 4.199655
0.26384 4.395170
0.26384 4.590684
0.26384 4.786199
0.26384 4.804968
0.296608 5.000483
0.296608 5.195998
0.296608 5.391512
0.296608 5.587027
0.296608 5.605796
0.329376 5.801311
0.329376 5.996826
0.329376 6.192340
0.329376 6.387855
0.329376 6.406624
0.362144 6.602139
0.362144 6.797654
0.362144 6.993168
0.362144 7.188683
0.362144 7.207452
0.394912 7.402967
0.394912 7.598482
0.394912 7.793996
0.394912 7.989511
0.394912 8.008280
0.42768 8.203795
0.42768 8.399310
0.42768 8.594824
0.42768 8.790339
0.42768 8.809108
0.460448 9.004623
0.460448 9.200138
0.460448 9.395652
0.460448 9.591167
0.460448 9.609937
0.493216 9.805451
0.493216 10.000966
0.493216 10.196481
0.493216 10.391995
0.493216 10.410765
0.525984 10.606279
0.525984 10.801794
0.525984 10.997309
0.525984 11.192823
0.525984 11.211593
0.558752 11.407107
0.558752 11.602622
0.558752 11.798137
0.558752 11.993651
0.558752 12.012421
0.59152 12.207935
0.59152 12.403450
0.59152 12.598965
0.59152 12.794479
0.59152 12.813249
0.624288 13.008763
0.624288 13.204278
0.624288 13.399793
0.624288 13.595307
0.624288 13.614077
0.657056 13.809591
0.657056 14.005106
0.657056 14.200621
0.657056 14.396135
0.657056 14.414905
0.689824 14.610419
0.689824 14.805934
0.689824 15.001449
0.689824 15.196963
0.722592 15.392478
0.722592 15.587993
0.722592 15.783507
0.75536 15.979022
0.75536 16.174537
0.788128 16.370051
0.788128 16.565566
0.788128 16.761081
0.820896 16.956595
0.820896 17.152110
0.853664 17.347625
0.853664 17.543139
0.853664 17.738654
0.886432 17.934169
0.886432 18.129683
0.9192 18.325198
0.9192 18.520713
0.9192 18.716227
0.951968 18.911742
0.951968 19.107257
0.984736 19.302771
0.984736 19.498286
0.984736 19.693801
1.017504 19.889315
1.017504 20.084830
1.050272 20.280345
1.050272 20.475859
1.050272 20.671374
1.08304 20.866889
1.08304 21.062403
1.115808 21.257918
1.115808 21.453433
1.115808 21.648947
1.148576 21.844462
1.148576 22.039976
1.181344 22.235491
1.181344 22.431006
1.181344 22.626520
1.214112 22.822035
1.214112 23.017550
1.24688 23.213064
1.24688 23.408579
1.24688 23.604094
1.279648 23.799608
1.279648 23.995123
1.312416 24.190638
1.312416 24.386152
1.312416 24.581667
1.345184 24.777182
1.345184 24.972696
1.377952 25.168211
1.377952 25.363726
1.41072 25.559240
1.41072 25.754755
1.443488 25.950270
1.443488 26.145784
1.476256 26.341299
1.476256 26.536814
1.509024 26.732328
1.509024 26.927843
1.541792 27.123358
1.541792 27.318872
1.57456 27.514387
1.57456 27.709902
1.607328 27.905416
1.607328 28.100931
1.640096 28.296446
1.640096 28.491960
1.672864 28.687475
1.672864 28.882990
1.705632 29.078504
1.705632 29.274019
1.7384 29.469534
1.7384 29.665048
1.771168 29.860563
1.771168 30.056078
1.803936 30.251592
1.803936 30.447107
1.836704 30.642621
1.836704 30.838136
1.869472 31.033651
1.869472 31.229165
1.90224 31.424680
1.90224 31.620195
1.935008 31.815709
1.935008 32.011224
1.967776 32.206739
1.967776 32.402253
1.967776 32.597768
2.000544 32.793283
2.000544 32.988797
2.033312 33.184312
2.033312 33.379827
2.06608 33.575341
2.06608 33.770856
2.098848 33.966371
2.098848 34.161885
2.131616 34.357400
2.131616 34.552915
2.164384 34.748429
2.164384 34.943944
2.197152 35.139459
2.197152 35.334973
2.22992 35.530488
2.22992 35.726003
2.262688 35.921517
2.262688 36.117032
2.295456 36.312547
2.295456 36.508061
2.328224 36.703576
2.328224 36.899091
2.360992 37.094605
2.360992 37.290120
2.39376 37.485635
2.39376 37.681149
2.426528 37.876664
2.426528 38.072179
2.459296 38.267693
2.459296 38.463208
2.492064 38.658723
2.492064 38.854237
2.524832 39.049752
2.524832 39.245266
2.5576 39.440781
2.5576 39.636296
2.590368 39.831810
2.590368 40.027325
2.623136 40.222840
2.623136 40.418354
2.655904 40.613869
2.655904 40.809384
2.655904 41.004898
2.688672 41.200413
2.688672 41.395928
2.72144 41.591442
2.72144 41.786957
2.754208 41.982472
2.754208 42.177986
2.786976 42.373501
2.786976 42.569016
2.819744 42.764530
2.819744 42.960045
2.852512 43.155560
2.852512 43.351074
2.88528 43.546589
2.88528 43.742104
2.918048 43.937618
2.918048 44.133133
2.950816 44.328648
2.950816 44.524162
2.983584 44.719677
2.983584 44.915192
3.016352 45.110706
3.016352 45.306221
3.04912 45.501736
3.04912 45.697250
3.081888 45.892765
3.081888 46.088280
3.114656 46.283794
3.114656 46.479309
3.147424 46.674824
3.147424 46.870338
3.180192 47.065853
3.180192 47.261368
3.21296 47.456882
3.21296 47.652397
3.245728 47.847911
3.245728 48.043426
3.278496 48.238941
3.278496 48.434455
3.311264 48.629970
3.311264 48.825485
3.344032 49.020999
3.344032 49.216514
3.344032 49.412029
3.3768 49.607543
3.3768 49.803058
3.409568 49.998573
3.409568 50.194087
3.442336 50.389602
3.442336 50.585117
3.475104 50.780631
3.475104 50.976146
3.507872 51.171661
3.507872 51.367175
3.54064 51.562690
3.54064 51.758205
3.573408 51.953719
3.573408 52.149234
3.606176 52.344749
3.606176 52.540263
3.638944 52.735778
3.638944 52.931293
3.671712 53.126807
3.671712 53.322322
3.70448 53.517837
3.70448 53.713351
3.737248 53.908866
3.737248 54.104381
3.770016 54.299895
3.770016 54.495410
3.802784 54.690925
3.802784 54.886439
3.835552 55.081954
3.835552 55.277469
3.86832 55.472983
3.86832 55.668498
3.901088 55.864013
3.901088 56.059527
3.933856 56.255042
3.933856 56.450556
3.966624 56.646071
3.966624 56.841586
3.999392 57.037100
3.999392 57.232615
4.03216 57.428130
4.03216 57.623644
4.03216 57.819159
4.064928 58.014674
4.064928 58.210188
4.097696 58.405703
4.097696 58.601218
4.130464 58.796732
4.130464 58.992247
4.163232 59.187762
4.163232 59.383276
4.196 59.578791
4.196 59.774306
4.228768 59.969820
4.228768 60.165335
4.261536 60.360850
4.261536 60.556364
4.294304 60.751879
4.294304 60.947394
4.327072 61.142908
4.327072 61.338423
4.35984 61.533938
4.35984 61.729452
4.392608 61.924967
4.392608 62.120482
4.425376 62.315996
4.425376 62.511511
4.458144 62.707026
4.458144 62.902540
4.490912 63.098055
4.490912 63.293570
4.52368 63.489084
4.52368 63.684599
4.556448 63.880114
4.556448 64.075628
4.589216 64.271143
4.589216 64.466658
4.621984 64.662172
4.621984 64.857687
4.654752 65.053201
4.654752 65.248716
4.68752 65.444231
4.68752 65.639745
4.720288 65.835260
4.720288 66.030775
4.720288 66.226289
4.753056 66.421804
4.753056 66.617319
4.785824 66.812833
4.785824 67.008348
4.818592 67.203863
4.818592 67.399377
4.85136 67.594892
4.85136 67.790407
4.884128 67.985921
4.884128 68.181436
4.916896 68.376951
4.916896 68.572465
4.949664 68.767980
4.949664 68.963495
4.982432 69.159009
4.982432 69.354524
5.0152 69.550039
5.0152 69.745553
5.047968 69.941068
5.047968 70.136583
5.080736 70.332097
5.080736 70.527612
5.113504 70.723127
5.113504 70.918641
5.146272 71.114156
5.146272 71.309671
5.17904 71.505185
5.17904 71.700700
5.211808 71.896215
5.211808 72.091729
5.244576 72.287244
5.244576 72.482759
5.277344 72.678273
5.277344 72.873788
5.310112 73.069303
5.310112 73.264817
5.34288 73.460332
5.34288 73.655846
5.375648 73.851361
5.375648 74.046876
5.408416 74.242390
5.408416 74.437905
5.408416 74.633420
5.441184 74.828934
5.441184 75.024449
5.473952 75.219964
5.473952 75.415478
5.50672 75.610993
5.50672 75.806508
5.539488 76.002022
5.539488 76.197537
5.572256 76.393052
5.572256 76.588566
5.605024 76.784081
5.605024 76.979596
5.637792 77.175110
5.637792 77.370625
5.67056 77.566140
5.67056 77.761654
5.703328 77.957169
5.703328 78.152684
5.736096 78.348198
5.736096 78.543713
5.768864 78.739228
5.768864 78.934742
5.801632 79.130257
5.801632 79.325772
5.8344 79.521286
5.8344 79.716801
5.867168 79.912316
5.867168 80.107830
5.899936 80.303345
5.899936 80.498860
5.932704 80.694374
5.932704 80.889889
5.965472 81.085404
5.965472 81.280918
5.99824 81.476433
5.99824 81.671948
6.031008 81.867462
6.031008 82.062977
6.063776 82.258491
6.063776 82.454006
6.063776 82.649521
6.096544 82.845035
6.096544 83.040550
6.129312 83.236065
6.129312 83.431579
6.16208 83.627094
6.16208 83.822609
6.194848 84.018123
6.194848 84.213638
6.227616 84.409153
6.227616 84.604667
6.260384 84.800182
6.260384 84.995697
6.293152 85.191211
6.293152 85.386726
6.32592 85.582241
6.32592 85.777755
6.358688 85.973270
6.358688 86.168785
6.391456 86.364299
6.391456 86.559814
6.424224 86.755329
6.424224 86.950843
6.456992 87.146358
6.456992 87.341873
6.48976 87.537387
6.48976 87.732902
6.522528 87.928417
6.522528 88.123931
6.555296 88.319446
6.555296 88.514961
6.588064 88.710475
6.588064 88.905990
6.620832 89.101505
6.620832 89.297019
6.6536 89.492534
6.6536 89.688049
6.686368 89.883563
6.686368 90.079078
6.719136 90.274593
6.719136 90.470107
6.751904 90.665622
6.751904 90.861136
6.751904 91.056651
6.784672 91.252166
6.784672 91.447680
6.81744 91.643195
6.81744 91.838710
6.850208 92.034224
6.850208 92.229739
6.882976 92.425254
6.882976 92.620768
6.915744 92.816283
6.915744 93.011798
6.948512 93.207312
6.948512 93.402827
6.98128 93.598342
6.98128 93.793856
7.014048 93.989371
7.014048 94.184886
7.046816 94.380400
7.046816 94.575915
7.079584 94.771430
7.079584 94.966944
7.112352 95.162459
7.112352 95.357974
7.14512 95.553488
7.14512 95.749003
7.177888 95.944518
7.177888 96.140032
7.210656 96.335547
7.210656 96.531062
7.243424 96.726576
7.243424 96.922091
7.276192 97.117606
7.276192 97.313120
7.30896 97.508635
7.30896 97.704150
7.341728 97.899664
7.341728 98.095179
7.374496 98.290694
7.374496 98.486208
7.407264 98.681723
7.407264 98.877238
7.440032 99.072752
7.440032 99.268267
7.440032 99.463781
7.4728 99.659296
7.4728 99.854811
7.505568 100.050325
7.505568 100.245840
7.538336 100.441355
7.538336 100.636869
7.571104 100.832384
7.571104 101.027899
7.603872 101.223413
7.603872 101.418928
7.63664 101.614443
7.63664 101.809957
7.669408 102.005472
7.669408 102.200987
7.702176 102.396501
7.702176 102.592016
7.734944 102.787531
7.734944 102.983045
7.767712 103.178560
7.767712 103.374075
7.80048 103.569589
7.80048 103.765104
7.833248 103.960619
7.833248 104.156133
7.866016 104.351648
7.866016 104.547163
7.898784 104.742677
7.898784 104.938192
7.931552 105.133707
7.931552 105.329221
7.96432 105.524736
7.96432 105.720251
7.997088 105.915765
7.997088 106.111280
8.029856 106.306795
8.029856 106.502309
8.062624 106.697824
8.062624 106.893339
8.095392 107.088853
8.095392 107.284368
8.12816 107.479883
8.12816 107.675397
8.12816 107.870912
8.160928 108.066426
8.160928 108.261941
8.193696 108.457456
8.193696 108.652970
8.226464 108.848485
8.226464 109.044000
8.259232 109.239514
8.259232 109.435029
8.292 109.630544
8.292 109.826058
8.324768 110.021573
8.324768 110.217088
8.357536 110.412602
8.357536 110.608117
8.390304 110.803632
8.390304 110.999146
8.423072 111.194661
8.423072 111.390176
8.45584 111.585690
8.45584 111.781205
8.488608 111.976720
8.488608 112.172234
8.521376 112.367749
8.521376 112.563264
8.554144 112.758778
8.554144 112.954293
8.586912 113.149808
8.586912 113.345322
8.61968 113.540837
8.61968 113.736352
8.652448 113.931866
8.652448 114.127381
8.685216 114.322896
8.685216 114.518410
8.717984 114.713925
8.717984 114.909440
8.750752 115.104954
8.750752 115.300469
8.78352 115.495984
8.78352 115.691498
8.816288 115.887013
8.816288 116.082528
8.816288 116.278042
8.849056 116.473557
8.849056 116.669071
8.881824 116.864586
8.881824 117.060101
8.914592 117.255615
8.914592 117.451130
8.94736 117.646645
8.94736 117.842159
8.980128 118.037674
8.980128 118.233189
9.012896 118.428703
9.012896 118.624218
9.045664 118.819733
9.045664 119.015247
9.078432 119.210762
9.078432 119.406277
9.1112 119.601791
9.1112 119.797306
9.143968 119.992821
9.143968 120.188335
9.176736 120.383850
9.176736 120.579365
9.209504 120.774879
9.209504 120.970394
9.242272 121.165909
9.242272 121.361423
9.27504 121.556938
9.27504 121.752453
9.307808 121.947967
9.307808 122.143482
9.340576 122.338997
9.340576 122.534511
9.373344 122.730026
9.373344 122.925541
9.406112 123.121055
9.406112 123.316570
9.43888 123.512085
9.43888 123.707599
9.471648 123.903114
9.471648 124.098629
9.471648 124.294143
9.504416 124.489658
9.504416 124.685173
9.537184 124.880687
9.537184 125.076202
9.569952 125.271716
9.569952 125.467231
9.60272 125.662746
9.60272 125.858260
9.635488 126.053775
9.635488 126.249290
9.668256 126.444804
9.668256 126.640319
9.701024 126.835834
9.701024 127.031348
9.733792 127.226863
9.733792 127.422378
9.76656 127.617892
9.76656 127.813407
9.799328 128.008922
9.799328 128.204436
9.832096 128.399951
9.832096 128.595466
9.864864 128.790980
9.864864 128.986495
9.897632 129.182010
9.897632 129.377524
9.9304 129.573039
9.9304 129.768554
9.963168 129.964068
9.963168 130.159583
9.995936 130.355098
9.995936 130.550612
10.028704 130.746127
10.028704 130.941642
10.061472 131.137156
10.061472 131.332671
10.09424 131.528186
10.09424 131.723700
10.127008 131.919215
10.127008 132.114730
10.159776 132.310244
10.159776 132.505759
10.159776 132.701274
10.192544 132.896788
10.192544 133.092303
10.225312 133.287818
10.225312 133.483332
10.25808 133.678847
10.25808 133.874361
10.290848 134.069876
10.290848 134.265391
10.323616 134.460905
10.323616 134.656420
10.356384 134.851935
10.356384 135.047449
10.389152 135.242964
10.389152 135.438479
10.42192 135.633993
10.42192 135.829508
10.454688 136.025023
10.454688 136.220537
10.487456 136.416052
10.487456 136.611567
10.520224 136.807081
10.520224 137.002596
10.552992 137.198111
10.552992 137.393625
10.58576 137.589140
10.58576 137.784655
10.618528 137.980169
10.618528 138.175684
10.651296 138.371199
10.651296 138.566713
10.684064 138.762228
10.684064 138.957743
10.716832 139.153257
10.716832 139.348772
10.7496 139.544287
10.7496 139.739801
10.782368 139.935316
10.782368 140.130831
10.815136 140.326345
10.815136 140.521860
10.847904 140.717375
10.847904 140.912889
10.847904 141.108404
10.880672 141.303919
10.880672 141.499433
10.91344 141.694948
10.91344 141.890463
10.946208 142.085977
10.946208 142.281492
10.978976 142.477006
10.978976 142.672521
11.011744 142.868036
11.011744 143.063550
11.044512 143.259065
11.044512 143.454580
11.07728 143.650094
11.07728 143.845609
11.110048 144.041124
11.110048 144.236638
11.142816 144.432153
11.142816 144.627668
11.175584 144.823182
11.175584 145.018697
11.208352 145.214212
11.208352 145.409726
11.24112 145.605241
11.24112 145.800756
11.273888 145.996270
11.273888 146.191785
11.306656 146.387300
11.306656 146.582814
11.339424 146.778329
11.339424 146.973844
11.372192 147.169358
11.372192 147.364873
11.40496 147.560388
11.40496 147.755902
11.437728 147.951417
11.437728 148.146932
11.470496 148.342446
11.470496 148.537961
11.503264 148.733476
11.503264 148.928990
11.536032 149.124505
11.536032 149.320020
11.536032 149.515534
11.5688 149.711049
11.5688 149.906564
11.601568 150.102078
11.601568 150.297593
11.634336 150.493108
11.634336 150.688622
11.667104 150.884137
11.667104 151.079651
11.699872 151.275166
11.699872 151.470681
11.73264 151.666195
11.73264 151.861710
11.765408 152.057225
11.765408 152.252739
11.798176 152.448254
11.798176 152.643769
11.830944 152.839283
11.830944 153.034798
11.863712 153.230313
11.863712 153.425827
11.89648 153.621342
11.89648 153.816857
11.929248 154.012371
11.929248 154.207886
11.962016 154.403401
11.962016 154.598915
11.994784 154.794430
11.994784 154.989945
12.027552 155.185459
12.027552 155.380974
12.06032 155.576489
12.06032 155.772003
12.093088 155.967518
12.093088 156.163033
12.125856 156.358547
12.125856 156.554062
12.158624 156.749577
12.158624 156.945091
12.191392 157.140606
12.191392 157.336121
12.22416 157.531635
12.22416 157.727150
12.22416 157.922665
12.256928 158.118179
12.256928 158.313694
12.289696 158.509209
12.289696 158.704723
12.322464 158.900238
12.322464 159.095753
12.355232 159.291267
12.355232 159.486782
12.388 159.682296
12.388 159.877811
12.420768 160.073326
12.420768 160.268840
12.453536 160.464355
12.453536 160.659870
12.486304 160.855384
12.486304 161.050899
12.519072 161.246414
12.519072 161.441928
12.55184 161.637443
12.55184 161.832958
12.584608 162.028472
12.584608 162.223987
12.617376 162.419502
12.617376 162.615016
12.650144 162.810531
12.650144 163.006046
12.682912 163.201560
12.682912 163.397075
12.71568 163.592590
12.71568 163.788104
12.748448 163.983619
12.748448 164.179134
12.781216 164.374648
12.781216 164.570163
12.813984 164.765678
12.813984 164.961192
12.846752 165.156707
12.846752 165.352222
12.87952 165.547736
12.87952 165.743251
12.912288 165.938766
12.912288 166.134280
12.912288 166.329795
12.945056 166.525310
12.945056 166.720824
12.977824 166.916339
12.977824 167.111854
13.010592 167.307368
13.010592 167.502883
13.04336 167.698398
13.04336 167.893912
13.076128 168.089427
13.076128 168.284942
13.108896 168.480456
13.108896 168.675971
13.141664 168.871485
13.141664 169.067000
13.174432 169.262515
13.174432 169.458029
13.2072 169.653544
13.2072 169.849059
13.239968 170.044573
13.239968 170.240088
13.272736 170.435603
13.272736 170.631117
13.305504 170.826632
13.305504 171.022147
13.338272 171.217661
13.338272 171.413176
13.37104 171.608691
13.37104 171.804205
13.403808 171.999720
13.403808 172.195235
13.436576 172.390749
13.436576 172.586264
13.469344 172.781779
13.469344 172.977293
13.502112 173.172808
13.502112 173.368323
13.53488 173.563837
13.53488 173.759352
13.567648 173.954867
13.567648 174.150381
13.567648 174.345896
13.600416 174.541411
13.600416 174.736925
13.633184 174.932440
13.633184 175.127955
13.665952 175.323469
13.665952 175.518984
13.69872 175.714499
13.69872 175.910013
13.731488 176.105528
13.731488 176.301043
13.764256 176.496557
13.764256 176.692072
13.797024 176.887587
13.797024 177.083101
13.829792 177.278616
13.829792 177.474130
13.86256 177.669645
13.86256 177.865160
13.895328 178.060674
13.895328 178.256189
13.928096 178.451704
13.928096 178.647218
13.960864 178.842733
13.960864 179.038248
13.993632 179.233762
13.993632 179.429277
14.0264 179.624792
14.0264 179.820306
14.059168 180.015821
14.059168 180.211336
14.091936 180.406850
14.091936 180.602365
14.124704 180.797880
14.124704 180.993394
14.157472 181.188909
14.157472 181.384424
14.19024 181.579938
14.19024 181.775453
14.223008 181.970968
14.223008 182.166482
14.255776 182.361997
14.255776 182.557512
14.255776 182.753026
14.288544 182.948541
14.288544 183.144056
14.321312 183.339570
14.321312 183.535085
14.35408 183.730600
14.35408 183.926114
14.386848 184.121629
14.386848 184.317144
14.419616 184.512658
14.419616 184.708173
14.452384 184.903688
14.452384 185.099202
14.485152 185.294717
14.485152 185.490232
14.51792 185.685746
14.51792 185.881261
14.550688 186.076775
14.550688 186.272290
14.583456 186.467805
14.583456 186.663319
14.616224 186.858834
14.616224 187.054349
14.648992 187.249863
14.648992 187.445378
14.68176 187.640893
14.68176 187.836407
14.714528 188.031922
14.714528 188.227437
14.747296 188.422951
14.747296 188.618466
14.780064 188.813981
14.780064 189.009495
14.812832 189.205010
14.812832 189.400525
14.8456 189.596039
14.8456 189.791554
14.878368 189.987069
14.878368 190.182583
14.911136 190.378098
14.911136 190.573613
14.943904 190.769127
14.943904 190.964642
14.943904 191.160157
14.976672 191.355671
14.976672 191.551186
15.00944 191.746701
15.00944 191.942215
15.042208 192.137730
15.042208 192.333245
15.074976 192.528759
15.074976 192.724274
15.107744 192.919789
15.107744 193.115303
15.140512 193.310818
15.140512 193.506333
15.17328 193.701847
15.17328 193.897362
15.206048 194.092877
15.206048 194.288391
15.238816 194.483906
15.238816 194.679420
15.271584 194.874935
15.271584 195.070450
15.304352 195.265964
15.304352 195.461479
15.33712 195.656994
15.33712 195.852508
15.369888 196.048023
15.369888 196.243538
15.402656 196.439052
15.402656 196.634567
15.435424 196.830082
15.435424 197.025596
15.468192 197.221111
15.468192 197.416626
15.50096 197.612140
15.50096 197.807655
15.533728 198.003170
15.533728 198.198684
15.566496 198.394199
15.566496 198.589714
15.599264 198.785228
15.599264 198.980743
15.632032 199.176258
15.632032 199.371772
15.632032 199.567287
15.6648 199.762802
15.6648 199.958316
15.697568 200.153831
15.697568 200.349346
15.730336 200.544860
15.730336 200.740375
15.763104 200.935890
15.763104 201.131404
15.795872 201.326919
15.795872 201.522434
15.82864 201.717948
15.82864 201.913463
15.861408 202.108978
15.861408 202.304492
15.894176 202.500007
15.894176 202.695522
15.926944 202.891036
15.926944 203.086551
15.959712 203.282065
15.959712 203.477580
15.99248 203.673095
15.99248 203.868609
16.025248 204.064124
16.025248 204.259639
16.058016 204.455153
16.058016 204.650668
16.090784 204.846183
16.090784 205.041697
16.123552 205.237212
16.123552 205.432727
16.15632 205.628241
16.15632 205.823756
16.189088 206.019271
16.189088 206.214785
16.221856 206.410300
16.221856 206.605815
16.254624 206.801329
16.254624 206.996844
16.287392 207.192359
16.287392 207.387873
16.32016 207.583388
16.32016 207.778903
16.32016 207.974417
16.352928 208.169932
16.352928 208.365447
16.385696 208.560961
16.385696 208.756476
16.418464 208.951991
16.418464 209.147505
16.451232 209.343020
16.451232 209.538535
16.484 209.734049
16.484 209.929564
16.516768 210.125079
16.516768 210.320593
16.549536 210.516108
16.549536 210.711623
16.582304 210.907137
16.582304 211.102652
16.615072 211.298167
16.615072 211.493681
16.64784 211.689196
16.64784 211.884710
16.680608 212.080225
16.680608 212.275740
16.713376 212.471254
16.713376 212.666769
16.746144 212.862284
16.746144 213.057798
16.778912 213.253313
16.778912 213.448828
16.81168 213.644342
16.81168 213.839857
16.844448 214.035372
16.844448 214.230886
16.877216 214.426401
16.877216 214.621916
16.909984 214.817430
16.909984 215.012945
16.942752 215.208460
16.942752 215.403974
16.97552 215.599489
16.97552 215.795004
17.008288 215.990518
17.008288 216.186033
17.008288 216.381548
17.041056 216.577062
17.041056 216.772577
17.073824 216.968092
17.073824 217.163606
17.106592 217.359121
17.106592 217.554636
17.13936 217.750150
17.13936 217.945665
17.172128 218.141180
17.172128 218.336694
17.204896 218.532209
17.204896 218.727724
17.237664 218.923238
17.237664 219.118753
17.270432 219.314268
17.270432 219.509782
17.3032 219.705297
17.3032 219.900812
17.335968 220.096326
17.335968 220.291841
17.368736 220.487355
17.368736 220.682870
17.401504 220.878385
17.401504 221.073899
17.434272 221.269414
17.434272 221.464929
17.46704 221.660443
17.46704 221.855958
17.499808 222.051473
17.499808 222.246987
17.532576 222.442502
17.532576 222.638017
17.565344 222.833531
17.565344 223.029046
17.598112 223.224561
17.598112 223.420075
17.63088 223.615590
17.63088 223.811105
17.663648 224.006619
17.663648 224.202134
17.663648 224.397649
17.696416 224.593163
17.696416 224.788678
17.729184 224.984193
17.729184 225.179707
17.761952 225.375222
17.761952 225.570737
17.79472 225.766251
17.79472 225.961766
17.827488 226.157281
17.827488 226.352795
17.860256 226.548310
17.860256 226.743825
17.893024 226.939339
17.893024 227.134854
17.925792 227.330369
17.925792 227.525883
17.95856 227.721398
17.95856 227.916913
17.991328 228.112427
17.991328 228.307942
18.024096 228.503457
18.024096 228.698971
18.056864 228.894486
18.056864 229.090000
18.089632 229.285515
18.089632 229.481030
18.1224 229.676544
18.1224 229.872059
18.155168 230.067574
18.155168 230.263088
18.187936 230.458603
18.187936 230.654118
18.220704 230.849632
18.220704 231.045147
18.253472 231.240662
18.253472 231.436176
18.28624 231.631691
18.28624 231.827206
18.319008 232.022720
18.319008 232.218235
18.351776 232.413750
18.351776 232.609264
18.351776 232.804779
18.384544 233.000294
18.384544 233.195808
18.417312 233.391323
18.417312 233.586838
18.45008 233.782352
18.45008 233.977867
18.482848 234.173382
18.482848 234.368896
18.515616 234.564411
18.515616 234.759926
18.548384 234.955440
18.548384 235.150955
18.581152 235.346470
18.581152 235.541984
18.61392 235.737499
18.61392 235.933014
18.646688 236.128528
18.646688 236.324043
18.679456 236.519558
18.679456 236.715072
18.712224 236.910587
18.712224 237.106102
18.744992 237.301616
18.744992 237.497131
18.77776 237.692645
18.77776 237.888160
18.810528 238.083675
18.810528 238.279189
18.843296 238.474704
18.843296 238.670219
18.876064 238.865733
18.876064 239.061248
18.908832 239.256763
18.908832 239.452277
18.9416 239.647792
18.9416 239.843307
18.974368 240.038821
18.974368 240.234336
19.007136 240.429851
19.007136 240.625365
19.039904 240.820880
19.039904 241.016395
19.039904 241.211909
19.072672 241.407424
19.072672 241.602939
19.10544 241.798453
19.10544 241.993968
19.138208 242.189483
19.138208 242.384997
19.170976 242.580512
19.170976 242.776027
19.203744 242.971541
19.203744 243.167056
19.236512 243.362571
19.236512 243.558085
19.26928 243.753600
19.26928 243.949115
19.302048 244.144629
19.302048 244.340144
19.334816 244.535659
19.334816 244.731173
19.367584 244.926688
19.367584 245.122203
19.400352 245.317717
19.400352 245.513232
19.43312 245.708747
19.43312 245.904261
19.465888 246.099776
19.465888 246.295290
19.498656 246.490805
19.498656 246.686320
19.531424 246.881834
19.531424 247.077349
19.564192 247.272864
19.564192 247.468378
19.59696 247.663893
19.59696 247.859408
19.629728 248.054922
19.629728 248.250437
19.662496 248.445952
19.662496 248.641466
19.695264 248.836981
19.695264 249.032496
19.728032 249.228010
19.728032 249.423525
19.728032 249.619040
19.7608 249.814554
19.7608 250.010069
19.793568 250.205584
19.793568 250.401098
19.826336 250.596613
19.826336 250.792128
19.859104 250.987642
19.859104 251.183157
19.891872 251.378672
19.891872 251.574186
19.92464 251.769701
19.92464 251.965216
19.957408 252.160730
19.957408 252.356245
19.990176 252.551760
19.990176 252.747274
20.022944 252.942789
20.022944 253.138304
20.055712 253.333818
20.055712 253.529333
20.08848 253.724848
20.08848 253.920362
20.121248 254.115877
20.121248 254.311392
20.154016 254.506906
20.154016 254.702421
20.186784 254.897935
20.186784 255.093450
20.219552 255.288965
20.219552 255.484479
20.25232 255.679994
20.25232 255.875509
20.285088 256.071023
20.285088 256.266538
20.317856 256.462053
20.317856 256.657567
20.350624 256.853082
20.350624 257.048597
20.383392 257.244111
20.383392 257.439626
20.41616 257.635141
20.41616 257.830655
20.41616 258.026170
20.448928 258.221685
20.448928 258.417199
20.481696 258.612714
20.481696 258.808229
20.514464 259.003743
20.514464 259.199258
20.547232 259.394773
20.547232 259.590287
20.58 259.785802
20.58 259.981317
20.612768 260.176831
20.612768 260.372346
20.645536 260.567861
20.645536 260.763375
20.678304 260.958890
20.678304 261.154405
20.711072 261.349919
20.711072 261.545434
20.74384 261.740949
20.74384 261.936463
20.776608 262.131978
20.776608 262.327493
20.809376 262.523007
20.809376 262.718522
20.842144 262.914037
20.842144 263.109551
20.874912 263.305066
20.874912 263.500580
20.90768 263.696095
20.90768 263.891610
20.940448 264.087124
20.940448 264.282639
20.973216 264.478154
20.973216 264.673668
21.005984 264.869183
21.005984 265.064698
21.038752 265.260212
21.038752 265.455727
21.07152 265.651242
21.07152 265.846756
21.104288 266.042271
21.104288 266.237786
21.104288 266.433300
21.137056 266.628815
21.137056 266.824330
21.169824 267.019844
21.169824 267.215359
21.202592 267.410874
21.202592 267.606388
21.23536 267.801903
21.23536 267.997418
21.268128 268.192932
21.268128 268.388447
21.300896 268.583962
21.300896 268.779476
21.333664 268.974991
21.333664 269.170506
21.366432 269.366020
21.366432 269.561535
21.3992 269.757050
21.3992 269.952564
21.431968 270.148079
21.431968 270.343594
21.464736 270.539108
21.464736 270.734623
21.497504 270.930138
21.497504 271.125652
21.530272 271.321167
21.530272 271.516682
21.56304 271.712196
21.56304 271.907711
21.595808 272.103225
21.595808 272.298740
21.628576 272.494255
21.628576 272.689769
21.661344 272.885284
21.661344 273.080799
21.694112 273.276313
21.694112 273.471828
21.72688 273.667343
21.72688 273.862857
21.759648 274.058372
21.759648 274.253887
21.759648 274.449401
21.792416 274.644916
21.792416 274.840431
21.825184 275.035945
21.825184 275.231460
21.857952 275.426975
21.857952 275.622489
21.89072 275.818004
21.89072 276.013519
21.923488 276.209033
21.923488 276.404548
21.956256 276.600063
21.956256 276.795577
21.989024 276.991092
21.989024 277.186607
22.021792 277.382121
22.021792 277.577636
22.05456 277.773151
22.05456 277.968665
22.087328 278.164180
22.087328 278.359695
22.120096 278.555209
22.120096 278.750724
22.152864 278.946239
22.152864 279.141753
22.185632 279.337268
22.185632 279.532783
22.2184 279.728297
22.2184 279.923812
22.251168 280.119327
22.251168 280.314841
22.283936 280.510356
22.283936 280.705870
22.316704 280.901385
22.316704 281.096900
22.349472 281.292414
22.349472 281.487929
22.38224 281.683444
22.38224 281.878958
22.415008 282.074473
22.415008 282.269988
22.447776 282.465502
22.447776 282.661017
22.447776 282.856532
22.480544 283.052046
22.480544 283.247561
22.513312 283.443076
22.513312 283.638590
22.54608 283.834105
22.54608 284.029620
22.578848 284.225134
22.578848 284.420649
22.611616 284.616164
22.611616 284.811678
22.644384 285.007193
22.644384 285.202708
22.677152 285.398222
22.677152 285.593737
22.70992 285.789252
22.70992 285.984766
22.742688 286.180281
22.742688 286.375796
22.775456 286.571310
22.775456 286.766825
22.808224 286.962340
22.808224 287.157854
22.840992 287.353369
22.840992 287.548884
22.87376 287.744398
22.87376 287.939913
22.906528 288.135428
22.906528 288.330942
22.939296 288.526457
22.939296 288.721972
22.972064 288.917486
22.972064 289.113001
23.004832 289.308515
23.004832 289.504030
23.0376 289.699545
23.0376 289.895059
23.070368 290.090574
23.070368 290.286089
23.103136 290.481603
23.103136 290.677118
23.135904 290.872633
23.135904 291.068147
23.135904 291.263662
23.168672 291.459177
23.168672 291.654691
23.20144 291.850206
23.20144 292.045721
23.234208 292.241235
23.234208 292.436750
23.266976 292.632265
23.266976 292.827779
23.299744 293.023294
23.299744 293.218809
23.332512 293.414323
23.332512 293.609838
23.36528 293.805353
23.36528 294.000867
23.398048 294.196382
23.398048 294.391897
23.430816 294.587411
23.430816 294.782926
23.463584 294.978441
23.463584 295.173955
23.496352 295.369470
23.496352 295.564985
23.52912 295.760499
23.52912 295.956014
23.561888 296.151529
23.561888 296.347043
23.594656 296.542558
23.594656 296.738073
23.627424 296.933587
23.627424 297.129102
23.660192 297.324617
23.660192 297.520131
23.69296 297.715646
23.69296 297.911160
23.725728 298.106675
23.725728 298.302190
23.758496 298.497704
23.758496 298.693219
23.791264 298.888734
23.791264 299.084248
23.824032 299.279763
23.824032 299.475278
23.824032 299.670792
23.8568 299.866307
23.8568 300.061822
23.889568 300.257336
23.889568 300.452851
23.922336 300.648366
23.922336 300.843880
23.955104 301.039395
23.955104 301.234910
23.987872 301.430424
23.987872 301.625939
24.02064 301.821454
24.02064 302.016968
24.053408 302.212483
24.053408 302.407998
24.086176 302.603512
24.086176 302.799027
24.118944 302.994542
24.118944 303.190056
24.151712 303.385571
24.151712 303.581086
24.18448 303.776600
24.18448 303.972115
24.217248 304.167630
24.217248 304.363144
24.250016 304.558659
24.250016 304.754174
24.282784 304.949688
24.282784 305.145203
24.315552 305.340718
24.315552 305.536232
24.34832 305.731747
24.34832 305.927262
24.381088 306.122776
24.381088 306.318291
24.413856 306.513805
24.413856 306.709320
24.446624 306.904835
24.446624 307.100349
24.479392 307.295864
24.479392 307.491379
24.51216 307.686893
24.51216 307.882408
24.51216 308.077923
24.544928 308.273437
24.544928 308.468952
24.577696 308.664467
24.577696 308.859981
24.610464 309.055496
24.610464 309.251011
24.643232 309.446525
24.643232 309.642040
24.676 309.837555
24.676 310.033069
24.708768 310.228584
24.708768 310.424099
24.741536 310.619613
24.741536 310.815128
24.774304 311.010643
24.774304 311.206157
24.807072 311.401672
24.807072 311.597187
24.83984 311.792701
24.83984 311.988216
24.872608 312.183731
24.872608 312.379245
24.905376 312.574760
24.905376 312.770275
24.938144 312.965789
24.938144 313.161304
24.970912 313.356819
24.970912 313.552333
25.00368 313.747848
25.00368 313.943363
25.036448 314.138877
25.036448 314.334392
25.069216 314.529907
25.069216 314.725421
25.101984 314.920936
25.101984 315.116450
25.134752 315.311965
25.134752 315.507480
25.16752 315.702994
25.16752 315.898509
25.200288 316.094024
25.200288 316.289538
25.200288 316.485053
25.233056 316.680568
25.233056 316.876082
25.265824 317.071597
25.265824 317.267112
25.298592 317.462626
25.298592 317.658141
25.33136 317.853656
25.33136 318.049170
25.364128 318.244685
25.364128 318.440200
25.396896 318.635714
25.396896 318.831229
25.429664 319.026744
25.429664 319.222258
25.462432 319.417773
25.462432 319.613288
25.4952 319.808802
25.4952 320.004317
25.527968 320.199832
25.527968 320.395346
25.560736 320.590861
25.560736 320.786376
25.593504 320.981890
25.593504 321.177405
25.626272 321.372920
25.626272 321.568434
25.65904 321.763949
25.65904 321.959464
25.691808 322.154978
25.691808 322.350493
25.724576 322.546008
25.724576 322.741522
25.757344 322.937037
25.757344 323.132552
25.790112 323.328066
25.790112 323.523581
25.82288 323.719095
25.82288 323.914610
25.855648 324.110125
25.855648 324.305639
25.855648 324.501154
25.888416 324.696669
25.888416 324.892183
25.921184 325.087698
25.921184 325.283213
25.953952 325.478727
25.953952 325.674242
25.98672 325.869757
25.98672 326.065271
26.019488 326.260786
26.019488 326.456301
26.052256 326.651815
26.052256 326.847330
26.085024 327.042845
26.085024 327.238359
26.117792 327.433874
26.117792 327.629389
26.15056 327.824903
26.15056 328.020418
26.183328 328.215933
26.183328 328.411447
26.216096 328.606962
26.216096 328.802477
26.248864 328.997991
26.248864 329.193506
26.281632 329.389021
26.281632 329.584535
26.3144 329.780050
26.3144 329.975565
26.347168 330.171079
26.347168 330.366594
26.379936 330.562109
26.379936 330.757623
26.412704 330.953138
26.412704 331.148653
26.445472 331.344167
26.445472 331.539682
26.47824 331.735197
26.47824 331.930711
26.511008 332.126226
26.511008 332.321740
26.543776 332.517255
26.543776 332.712770
26.543776 332.908284
26.576544 333.103799
26.576544 333.299314
26.609312 333.494828
26.609312 333.690343
26.64208 333.885858
26.64208 334.081372
26.674848 334.276887
26.674848 334.472402
26.707616 334.667916
26.707616 334.863431
26.740384 335.058946
26.740384 335.254460
26.773152 335.449975
26.773152 335.645490
26.80592 335.841004
26.80592 336.036519
26.838688 336.232034
26.838688 336.427548
26.871456 336.623063
26.871456 336.818578
26.904224 337.014092
26.904224 337.209607
26.936992 337.405122
26.936992 337.600636
26.96976 337.796151
26.96976 337.991666
27.002528 338.187180
27.002528 338.382695
27.035296 338.578210
27.035296 338.773724
27.068064 338.969239
27.068064 339.164754
27.100832 339.360268
27.100832 339.555783
27.1336 339.751298
27.1336 339.946812
27.166368 340.142327
27.166368 340.337842
27.199136 340.533356
27.199136 340.728871
27.231904 340.924385
27.231904 341.119900
27.231904 341.315415
27.264672 341.510929
27.264672 341.706444
27.29744 341.901959
27.29744 342.097473
27.330208 342.292988
27.330208 342.488503
27.362976 342.684017
27.362976 342.879532
27.395744 343.075047
27.395744 343.270561
27.428512 343.466076
27.428512 343.661591
27.46128 343.857105
27.46128 344.052620
27.494048 344.248135
27.494048 344.443649
27.526816 344.639164
27.526816 344.834679
27.559584 345.030193
27.559584 345.225708
27.592352 345.421223
27.592352 345.616737
27.62512 345.812252
27.62512 346.007767
27.657888 346.203281
27.657888 346.398796
27.690656 346.594311
27.690656 346.789825
27.723424 346.985340
27.723424 347.180855
27.756192 347.376369
27.756192 347.571884
27.78896 347.767399
27.78896 347.962913
27.821728 348.158428
27.821728 348.353943
27.854496 348.549457
27.854496 348.744972
27.887264 348.940487
27.887264 349.136001
27.920032 349.331516
27.920032 349.527030
27.920032 349.722545
27.9528 349.918060
27.9528 350.113574
27.985568 350.309089
27.985568 350.504604
28.018336 350.700118
28.018336 350.895633
28.051104 351.091148
28.051104 351.286662
28.083872 351.482177
28.083872 351.677692
28.11664 351.873206
28.11664 352.068721
28.149408 352.264236
28.149408 352.459750
28.182176 352.655265
28.182176 352.850780
28.214944 353.046294
28.214944 353.241809
28.247712 353.437324
28.247712 353.632838
28.28048 353.828353
28.28048 354.023868
28.313248 354.219382
28.313248 354.414897
28.346016 354.610412
28.346016 354.805926
28.378784 355.001441
28.378784 355.196956
28.411552 355.392470
28.411552 355.587985
28.44432 355.783500
28.44432 355.979014
28.477088 356.174529
28.477088 356.370044
28.509856 356.565558
28.509856 356.761073
28.542624 356.956588
28.542624 357.152102
28.575392 357.347617
28.575392 357.543132
28.60816 357.738646
28.60816 357.934161
28.60816 358.129675
28.640928 358.325190
28.640928 358.520705
28.673696 358.716219
28.673696 358.911734
28.706464 359.107249
28.706464 359.302763
28.739232 359.498278
28.739232 359.693793
28.772 359.889307
28.772 360.084822
28.804768 360.280337
28.804768 360.475851
28.837536 360.671366
28.837536 360.866881
28.870304 361.062395
28.870304 361.257910
28.903072 361.453425
28.903072 361.648939
28.93584 361.844454
28.93584 362.039969
28.968608 362.235483
28.968608 362.430998
29.001376 362.626513
29.001376 362.822027
29.034144 363.017542
29.034144 363.213057
29.066912 363.408571
29.066912 363.604086
29.09968 363.799601
29.09968 363.995115
29.132448 364.190630
29.132448 364.386145
29.165216 364.581659
29.165216 364.777174
29.197984 364.972689
29.197984 365.168203
29.230752 365.363718
29.230752 365.559233
29.26352 365.754747
29.26352 365.950262
29.296288 366.145777
29.296288 366.341291
29.296288 366.536806
29.329056 366.732320
29.329056 366.927835
29.361824 367.123350
29.361824 367.318864
29.394592 367.514379
29.394592 367.709894
29.42736 367.905408
29.42736 368.100923
29.460128 368.296438
29.460128 368.491952
29.492896 368.687467
29.492896 368.882982
29.525664 369.078496
29.525664 369.274011
29.558432 369.469526
29.558432 369.665040
29.5912 369.860555
29.5912 370.056070
29.623968 370.251584
29.623968 370.447099
29.656736 370.642614
29.656736 370.838128
29.689504 371.033643
29.689504 371.229158
29.722272 371.424672
29.722272 371.620187
29.75504 371.815702
29.75504 372.011216
29.787808 372.206731
29.787808 372.402246
29.820576 372.597760
29.820576 372.793275
29.853344 372.988790
29.853344 373.184304
29.886112 373.379819
29.886112 373.575334
29.91888 373.770848
29.91888 373.966363
29.951648 374.161878
29.951648 374.357392
29.951648 374.552907
29.984416 374.748422
29.984416 374.943936
30.017184 375.139451
30.017184 375.334965
30.049952 375.530480
30.049952 375.725995
30.08272 375.921509
30.08272 376.117024
30.115488 376.312539
30.115488 376.508053
30.148256 376.703568
30.148256 376.899083
30.181024 377.094597
30.181024 377.290112
30.213792 377.485627
30.213792 377.681141
30.24656 377.876656
30.24656 378.072171
30.279328 378.267685
30.279328 378.463200
30.312096 378.658715
30.312096 378.854229
30.344864 379.049744
30.344864 379.245259
30.377632 379.440773
30.377632 379.636288
30.4104 379.831803
30.4104 380.027317
30.443168 380.222832
30.443168 380.418347
30.475936 380.613861
30.475936 380.809376
30.508704 381.004891
30.508704 381.200405
30.541472 381.395920
30.541472 381.591435
30.57424 381.786949
30.57424 381.982464
30.607008 382.177979
30.607008 382.373493
30.639776 382.569008
30.639776 382.764523
30.639776 382.960037
30.672544 383.155552
30.672544 383.351067
30.705312 383.546581
30.705312 383.742096
30.73808 383.937610
30.73808 384.133125
30.770848 384.328640
30.770848 384.524154
30.803616 384.719669
30.803616 384.915184
30.836384 385.110698
30.836384 385.306213
30.869152 385.501728
30.869152 385.697242
30.90192 385.892757
30.90192 386.088272
30.934688 386.283786
30.934688 386.479301
30.967456 386.674816
30.967456 386.870330
31.000224 387.065845
31.000224 387.261360
31.032992 387.456874
31.032992 387.652389
31.06576 387.847904
31.06576 388.043418
31.098528 388.238933
31.098528 388.434448
31.131296 388.629962
31.131296 388.825477
31.164064 389.020992
31.164064 389.216506
31.196832 389.412021
31.196832 389.607536
31.2296 389.803050
31.2296 389.998565
31.262368 390.194080
31.262368 390.389594
31.295136 390.585109
31.295136 390.780624
31.327904 390.976138
31.327904 391.171653
31.327904 391.367168
31.360672 391.562682
31.360672 391.758197
31.39344 391.953712
31.39344 392.149226
31.426208 392.344741
31.426208 392.540255
31.458976 392.735770
31.458976 392.931285
31.491744 393.126799
31.491744 393.322314
31.524512 393.517829
31.524512 393.713343
31.55728 393.908858
31.55728 394.104373
31.590048 394.299887
31.590048 394.495402
31.622816 394.690917
31.622816 394.886431
31.655584 395.081946
31.655584 395.277461
31.688352 395.472975
31.688352 395.668490
31.72112 395.864005
31.72112 396.059519
31.753888 396.255034
31.753888 396.450549
31.786656 396.646063
31.786656 396.841578
31.819424 397.037093
31.819424 397.232607
31.852192 397.428122
31.852192 397.623637
31.88496 397.819151
31.88496 398.014666
31.917728 398.210181
31.917728 398.405695
31.950496 398.601210
31.950496 398.796725
31.983264 398.992239
31.983264 399.187754
32.016032 399.383269
32.016032 399.578783
32.016032 399.774298
32.0488 399.969813
32.0488 400.165327
32.081568 400.360842
32.081568 400.556357
32.114336 400.751871
32.114336 400.947386
32.147104 401.142900
32.147104 401.338415
32.179872 401.533930
32.179872 401.729444
32.21264 401.924959
32.21264 402.120474
32.245408 402.315988
32.245408 402.511503
32.278176 402.707018
32.278176 402.902532
32.310944 403.098047
32.310944 403.293562
32.343712 403.489076
32.343712 403.684591
32.37648 403.880106
32.37648 404.075620
32.409248 404.271135
32.409248 404.466650
32.442016 404.662164
32.442016 404.857679
32.474784 405.053194
32.474784 405.248708
32.507552 405.444223
32.507552 405.639738
32.54032 405.835252
32.54032 406.030767
32.573088 406.226282
32.573088 406.421796
32.605856 406.617311
32.605856 406.812826
32.638624 407.008340
32.638624 407.203855
32.671392 407.399370
32.671392 407.594884
32.70416 407.790399
32.70416 407.985914
32.70416 408.181428
32.736928 408.376943
32.736928 408.572458
32.769696 408.767972
32.769696 408.963487
32.802464 409.159002
32.802464 409.354516
32.835232 409.550031
32.835232 409.745545
32.868 409.941060
32.868 410.136575
32.900768 410.332089
32.900768 410.527604
32.933536 410.723119
32.933536 410.918633
32.966304 411.114148
32.966304 411.309663
32.999072 411.505177
32.999072 411.700692
33.03184 411.896207
33.03184 412.091721
33.064608 412.287236
33.064608 412.482751
33.097376 412.678265
33.097376 412.873780
33.130144 413.069295
33.130144 413.264809
33.162912 413.460324
33.162912 413.655839
33.19568 413.851353
33.19568 414.046868
33.228448 414.242383
33.228448 414.437897
33.261216 414.633412
33.261216 414.828927
33.293984 415.024441
33.293984 415.219956
33.326752 415.415471
33.326752 415.610985
33.35952 415.806500
33.35952 416.002015
33.392288 416.197529
33.392288 416.393044
33.392288 416.588559
33.425056 416.784073
33.425056 416.979588
33.457824 417.175103
33.457824 417.370617
33.490592 417.566132
33.490592 417.761647
33.52336 417.957161
33.52336 418.152676
33.556128 418.348190
33.556128 418.543705
33.588896 418.739220
33.588896 418.934734
33.621664 419.130249
33.621664 419.325764
33.654432 419.521278
33.654432 419.716793
33.6872 419.912308
33.6872 420.107822
33.719968 420.303337
33.719968 420.498852
33.752736 420.694366
33.752736 420.889881
33.785504 421.085396
33.785504 421.280910
33.818272 421.476425
33.818272 421.671940
33.85104 421.867454
33.85104 422.062969
33.883808 422.258484
33.883808 422.453998
33.916576 422.649513
33.916576 422.845028
33.949344 423.040542
33.949344 423.236057
33.982112 423.431572
33.982112 423.627086
34.01488 423.822601
34.01488 424.018116
34.047648 424.213630
34.047648 424.409145
34.047648 424.604660
34.080416 424.800174
34.080416 424.995689
34.113184 425.191204
34.113184 425.386718
34.145952 425.582233
34.145952 425.777748
34.17872 425.973262
34.17872 426.168777
34.211488 426.364292
34.211488 426.559806
34.244256 426.755321
34.244256 426.950835
34.277024 427.146350
34.277024 427.341865
34.309792 427.537379
34.309792 427.732894
34.34256 427.928409
34.34256 428.123923
34.375328 428.319438
34.375328 428.514953
34.408096 428.710467
34.408096 428.905982
34.440864 429.101497
34.440864 429.297011
34.473632 429.492526
34.473632 429.688041
34.5064 429.883555
34.5064 430.079070
34.539168 430.274585
34.539168 430.470099
34.571936 430.665614
34.571936 430.861129
34.604704 431.056643
34.604704 431.252158
34.637472 431.447673
34.637472 431.643187
34.67024 431.838702
34.67024 432.034217
34.703008 432.229731
34.703008 432.425246
34.735776 432.620761
34.735776 432.816275
34.735776 433.011790
34.768544 433.207305
34.768544 433.402819
34.801312 433.598334
34.801312 433.793849
34.83408 433.989363
34.83408 434.184878
34.866848 434.380393
34.866848 434.575907
34.899616 434.771422
34.899616 434.966937
34.932384 435.162451
34.932384 435.357966
34.965152 435.553480
34.965152 435.748995
34.99792 435.944510
34.99792 436.140024
35.030688 436.335539
35.030688 436.531054
35.063456 436.726568
35.063456 436.922083
35.096224 437.117598
35.096224 437.313112
35.128992 437.508627
35.128992 437.704142
35.16176 437.899656
35.16176 438.095171
35.194528 438.290686
35.194528 438.486200
35.227296 438.681715
35.227296 438.877230
35.260064 439.072744
35.260064 439.268259
35.292832 439.463774
35.292832 439.659288
35.3256 439.854803
35.3256 440.050318
35.358368 440.245832
35.358368 440.441347
35.391136 440.636862
35.391136 440.832376
35.423904 441.027891
35.423904 441.223406
35.423904 441.418920
35.456672 441.614435
35.456672 441.809950
35.48944 442.005464
35.48944 442.200979
35.522208 442.396494
35.522208 442.592008
35.554976 442.787523
35.554976 442.983038
35.587744 443.178552
35.587744 443.374067
35.620512 443.569582
35.620512 443.765096
35.65328 443.960611
35.65328 444.156125
35.686048 444.351640
35.686048 444.547155
35.718816 444.742669
35.718816 444.938184
35.751584 445.133699
35.751584 445.329213
35.784352 445.524728
35.784352 445.720243
35.81712 445.915757
35.81712 446.111272
35.849888 446.306787
35.849888 446.502301
35.882656 446.697816
35.882656 446.893331
35.915424 447.088845
35.915424 447.284360
35.948192 447.479875
35.948192 447.675389
35.98096 447.870904
35.98096 448.066419
36.013728 448.261933
36.013728 448.457448
36.046496 448.652963
36.046496 448.848477
36.079264 449.043992
36.079264 449.239507
36.112032 449.435021
36.112032 449.630536
36.112032 449.826051
36.1448 450.021565
36.1448 450.217080
36.177568 450.412595
36.177568 450.608109
36.210336 450.803624
36.210336 450.999139
36.243104 451.194653
36.243104 451.390168
36.275872 451.585683
36.275872 451.781197
36.30864 451.976712
36.30864 452.172227
36.341408 452.367741
36.341408 452.563256
36.374176 452.758770
36.374176 452.954285
36.406944 453.149800
36.406944 453.345314
36.439712 453.540829
36.439712 453.736344
36.47248 453.931858
36.47248 454.127373
36.505248 454.322888
36.505248 454.518402
36.538016 454.713917
36.538016 454.909432
36.570784 455.104946
36.570784 455.300461
36.603552 455.495976
36.603552 455.691490
36.63632 455.887005
36.63632 456.082520
36.669088 456.278034
36.669088 456.473549
36.701856 456.669064
36.701856 456.864578
36.734624 457.060093
36.734624 457.255608
36.767392 457.451122
36.767392 457.646637
36.80016 457.842152
36.80016 458.037666
36.80016 458.233181
36.832928 458.428696
36.832928 458.624210
36.865696 458.819725
36.865696 459.015240
36.898464 459.210754
36.898464 459.406269
36.931232 459.601784
36.931232 459.797298
36.964 459.992813
36.964 460.188328
36.996768 460.383842
36.996768 460.579357
37.029536 460.774872
37.029536 460.970386
37.062304 461.165901
37.062304 461.361415
37.095072 461.556930
37.095072 461.752445
37.12784 461.947959
37.12784 462.143474
37.160608 462.338989
37.160608 462.534503
37.193376 462.730018
37.193376 462.925533
37.226144 463.121047
37.226144 463.316562
37.258912 463.512077
37.258912 463.707591
37.29168 463.903106
37.29168 464.098621
37.324448 464.294135
37.324448 464.489650
37.357216 464.685165
37.357216 464.880679
37.389984 465.076194
37.389984 465.271709
37.422752 465.467223
37.422752 465.662738
37.45552 465.858253
37.45552 466.053767
37.488288 466.249282
37.488288 466.444797
37.488288 466.640311
37.521056 466.835826
37.521056 467.031341
37.553824 467.226855
37.553824 467.422370
37.586592 467.617885
37.586592 467.813399
37.61936 468.008914
37.61936 468.204429
37.652128 468.399943
37.652128 468.595458
37.684896 468.790973
37.684896 468.986487
37.717664 469.182002
37.717664 469.377517
37.750432 469.573031
37.750432 469.768546
37.7832 469.964060
37.7832 470.159575
37.815968 470.355090
37.815968 470.550604
37.848736 470.746119
37.848736 470.941634
37.881504 471.137148
37.881504 471.332663
37.914272 471.528178
37.914272 471.723692
37.94704 471.919207
37.94704 472.114722
37.979808 472.310236
37.979808 472.505751
38.012576 472.701266
38.012576 472.896780
38.045344 473.092295
38.045344 473.287810
38.078112 473.483324
38.078112 473.678839
38.11088 473.874354
38.11088 474.069868
38.143648 474.265383
38.143648 474.460898
38.143648 474.656412
38.176416 474.851927
38.176416 475.047442
38.209184 475.242956
38.209184 475.438471
38.241952 475.633986
38.241952 475.829500
38.27472 476.025015
38.27472 476.220530
38.307488 476.416044
38.307488 476.611559
38.340256 476.807074
38.340256 477.002588
38.373024 477.198103
38.373024 477.393618
38.405792 477.589132
38.405792 477.784647
38.43856 477.980162
38.43856 478.175676
38.471328 478.371191
38.471328 478.566705
38.504096 478.762220
38.504096 478.957735
38.536864 479.153249
38.536864 479.348764
38.569632 479.544279
38.569632 479.739793
38.6024 479.935308
38.6024 480.130823
38.635168 480.326337
38.635168 480.521852
38.667936 480.717367
38.667936 480.912881
38.700704 481.108396
38.700704 481.303911
38.733472 481.499425
38.733472 481.694940
38.76624 481.890455
38.76624 482.085969
38.799008 482.281484
38.799008 482.476999
38.831776 482.672513
38.831776 482.868028
38.831776 483.063543
38.864544 483.259057
38.864544 483.454572
38.897312 483.650087
38.897312 483.845601
38.93008 484.041116
38.93008 484.236631
38.962848 484.432145
38.962848 484.627660
38.995616 484.823175
38.995616 485.018689
39.028384 485.214204
39.028384 485.409719
39.061152 485.605233
39.061152 485.800748
39.09392 485.996263
39.09392 486.191777
39.126688 486.387292
39.126688 486.582807
39.159456 486.778321
39.159456 486.973836
39.192224 487.169350
39.192224 487.364865
39.224992 487.560380
39.224992 487.755894
39.25776 487.951409
39.25776 488.146924
39.290528 488.342438
39.290528 488.537953
39.323296 488.733468
39.323296 488.928982
39.356064 489.124497
39.356064 489.320012
39.388832 489.515526
39.388832 489.711041
39.4216 489.906556
39.4216 490.102070
39.454368 490.297585
39.454368 490.493100
39.487136 490.688614
39.487136 490.884129
39.519904 491.079644
39.519904 491.275158
39.519904 491.470673
39.552672 491.666188
39.552672 491.861702
39.58544 492.057217
39.58544 492.252732
39.618208 492.448246
39.618208 492.643761
39.650976 492.839276
39.650976 493.034790
39.683744 493.230305
39.683744 493.425820
39.716512 493.621334
39.716512 493.816849
39.74928 494.012364
39.74928 494.207878
39.782048 494.403393
39.782048 494.598908
39.814816 494.794422
39.814816 494.989937
39.847584 495.185452
39.847584 495.380966
39.880352 495.576481
39.880352 495.771995
39.91312 495.967510
39.91312 496.163025
39.945888 496.358539
39.945888 496.554054
39.978656 496.749569
39.978656 496.945083
