0.1 0.166000
0.1 0.182000
0.1 0.198000
0.1 0.199152
0.124576 0.190576
0.124576 0.206576
0.124576 0.222576
0.124576 0.223728
0.149152 0.215152
0.149152 0.231152
0.149152 0.247152
0.149152 0.248304
0.173728 0.239728
0.173728 0.255728
0.173728 0.271728
0.173728 0.272880
0.198304 0.264304
0.198304 0.280304
0.198304 0.296304
0.198304 0.297456
0.22288 0.288880
0.22288 0.304880
0.22288 0.320880
0.22288 0.322032
0.247456 0.313456
0.247456 0.329456
0.247456 0.345456
0.247456 0.346608
0.272032 0.338032
0.272032 0.354032
0.272032 0.370032
0.272032 0.371184
0.296608 0.362608
0.296608 0.378608
0.296608 0.394608
0.296608 0.395760
0.321184 0.387184
0.321184 0.403184
0.321184 0.419184
0.321184 0.420336
0.34576 0.411760
0.34576 0.427760
0.34576 0.443760
0.34576 0.444912
0.370336 0.436336
0.370336 0.452336
0.370336 0.468336
0.370336 0.469488
0.394912 0.460912
0.394912 0.476912
0.394912 0.492912
0.394912 0.494064
0.419488 0.485488
0.419488 0.501488
0.419488 0.517488
0.419488 0.518640
0.444064 0.510064
0.444064 0.526064
0.444064 0.542064
0.444064 0.543216
0.46864 0.534640
0.46864 0.550640
0.46864 0.566640
0.46864 0.567792
0.493216 0.559216
0.493216 0.575216
0.493216 0.591216
0.493216 0.592368
0.517792 0.583792
0.517792 0.599792
0.517792 0.615792
0.517792 0.616944
0.542368 0.608368
0.542368 0.624368
0.542368 0.640368
0.542368 0.641520
0.566944 0.632944
0.566944 0.648944
0.566944 0.664944
0.566944 0.666096
0.59152 0.657520
0.59152 0.673520
0.59152 0.689520
0.59152 0.690672
0.616096 0.682096
0.616096 0.698096
0.616096 0.714096
0.616096 0.715248
0.640672 0.706672
0.640672 0.722672
0.640672 0.738672
0.640672 0.739824
0.665248 0.731248
0.665248 0.747248
0.665248 0.763248
0.689824 0.754672
0.689824 0.770672
0.7144 0.762096
0.7144 0.778096
0.738976 0.769520
0.738976 0.785520
0.763552 0.776944
0.763552 0.792944
0.788128 0.784368
0.788128 0.800368
0.812704 0.791792
0.812704 0.807792
0.83728 0.799216
0.83728 0.815216
0.861856 0.806640
0.861856 0.822640
0.886432 0.814064
0.886432 0.830064
0.911008 0.821488
0.911008 0.837488
0.935584 0.828912
0.935584 0.844912
0.96016 0.836336
0.96016 0.852336
0.984736 0.843760
0.984736 0.859760
1.009312 0.851184
1.009312 0.867184
1.033888 0.858608
1.033888 0.874608
1.058464 0.866032
1.058464 0.882032
1.08304 0.873456
1.08304 0.889456
1.107616 0.880880
1.107616 0.896880
1.132192 0.888304
1.132192 0.904304
1.156768 0.895728
1.156768 0.911728
1.181344 0.903152
1.181344 0.919152
1.20592 0.910576
1.20592 0.926576
1.230496 0.918000
1.230496 0.934000
1.255072 0.925424
1.255072 0.941424
1.279648 0.932848
1.279648 0.948848
1.304224 0.940272
1.3288 0.931696
1.3288 0.947696
1.353376 0.939120
1.377952 0.930544
1.377952 0.946544
1.402528 0.937968
1.427104 0.929392
1.427104 0.945392
1.45168 0.936816
1.476256 0.928240
1.476256 0.944240
1.500832 0.935664
1.525408 0.927088
1.525408 0.943088
1.549984 0.934512
1.57456 0.925936
1.57456 0.941936
1.599136 0.933360
1.599136 0.949360
1.623712 0.940784
1.648288 0.932208
1.648288 0.948208
1.672864 0.939632
1.69744 0.931056
1.69744 0.947056
1.722016 0.938480
1.746592 0.929904
1.746592 0.945904
1.771168 0.937328
1.795744 0.928752
1.795744 0.944752
1.82032 0.936176
1.844896 0.927600
1.844896 0.943600
1.869472 0.935024
1.894048 0.926448
1.894048 0.942448
1.918624 0.933872
1.918624 0.949872
1.9432 0.941296
1.967776 0.932720
1.967776 0.948720
1.992352 0.940144
2.016928 0.931568
2.016928 0.947568
2.041504 0.938992
2.06608 0.930416
2.06608 0.946416
2.090656 0.937840
2.115232 0.929264
2.115232 0.945264
2.139808 0.936688
2.164384 0.928112
2.164384 0.944112
2.18896 0.935536
2.213536 0.926960
2.213536 0.942960
2.238112 0.934384
2.262688 0.925808
2.262688 0.941808
2.287264 0.933232
2.287264 0.949232
2.31184 0.940656
2.336416 0.932080
2.336416 0.948080
2.360992 0.939504
2.385568 0.930928
2.385568 0.946928
2.410144 0.938352
2.43472 0.929776
2.43472 0.945776
2.459296 0.937200
2.483872 0.928624
2.483872 0.944624
2.508448 0.936048
2.533024 0.927472
2.533024 0.943472
2.5576 0.934896
2.582176 0.926320
2.582176 0.942320
2.606752 0.933744
2.606752 0.949744
2.631328 0.941168
2.655904 0.932592
2.655904 0.948592
2.68048 0.940016
2.705056 0.931440
2.705056 0.947440
2.729632 0.938864
2.754208 0.930288
2.754208 0.946288
2.778784 0.937712
2.80336 0.929136
2.80336 0.945136
2.827936 0.936560
2.852512 0.927984
2.852512 0.943984
2.877088 0.935408
2.901664 0.926832
2.901664 0.942832
2.92624 0.934256
2.950816 0.925680
2.950816 0.941680
2.975392 0.933104
2.975392 0.949104
2.999968 0.940528
3.024544 0.931952
3.024544 0.947952
3.04912 0.939376
3.073696 0.930800
3.073696 0.946800
3.098272 0.938224
3.122848 0.929648
3.122848 0.945648
3.147424 0.937072
3.172 0.928496
3.172 0.944496
3.196576 0.935920
3.221152 0.927344
3.221152 0.943344
3.245728 0.934768
3.270304 0.926192
3.270304 0.942192
3.29488 0.933616
3.29488 0.949616
3.319456 0.941040
3.344032 0.932464
3.344032 0.948464
3.368608 0.939888
3.393184 0.931312
3.393184 0.947312
3.41776 0.938736
3.442336 0.930160
3.442336 0.946160
3.466912 0.937584
3.491488 0.929008
3.491488 0.945008
3.516064 0.936432
3.54064 0.927856
3.54064 0.943856
3.565216 0.935280
3.589792 0.926704
3.589792 0.942704
3.614368 0.934128
3.638944 0.925552
3.638944 0.941552
3.66352 0.932976
3.66352 0.948976
3.688096 0.940400
3.712672 0.931824
3.712672 0.947824
3.737248 0.939248
3.761824 0.930672
3.761824 0.946672
3.7864 0.938096
3.810976 0.929520
3.810976 0.945520
3.835552 0.936944
3.860128 0.928368
3.860128 0.944368
3.884704 0.935792
3.90928 0.927216
3.90928 0.943216
3.933856 0.934640
3.958432 0.926064
3.958432 0.942064
3.983008 0.933488
3.983008 0.949488
4.007584 0.940912
4.03216 0.932336
4.03216 0.948336
4.056736 0.939760
4.081312 0.931184
4.081312 0.947184
4.105888 0.938608
4.130464 0.930032
4.130464 0.946032
4.15504 0.937456
4.179616 0.928880
4.179616 0.944880
4.204192 0.936304
4.228768 0.927728
4.228768 0.943728
4.253344 0.935152
4.27792 0.926576
4.27792 0.942576
4.302496 0.934000
4.302496 0.950000
4.327072 0.941424
4.351648 0.932848
4.351648 0.948848
4.376224 0.940272
4.4008 0.931696
4.4008 0.947696
4.425376 0.939120
4.449952 0.930544
4.449952 0.946544
4.474528 0.937968
4.499104 0.929392
4.499104 0.945392
4.52368 0.936816
4.548256 0.928240
4.548256 0.944240
4.572832 0.935664
4.597408 0.927088
4.597408 0.943088
4.621984 0.934512
4.64656 0.925936
4.64656 0.941936
4.671136 0.933360
4.671136 0.949360
4.695712 0.940784
4.720288 0.932208
4.720288 0.948208
4.744864 0.939632
4.76944 0.931056
4.76944 0.947056
4.794016 0.938480
4.818592 0.929904
4.818592 0.945904
4.843168 0.937328
4.867744 0.928752
4.867744 0.944752
4.89232 0.936176
4.916896 0.927600
4.916896 0.943600
4.941472 0.935024
4.966048 0.926448
4.966048 0.942448
4.990624 0.933872
4.990624 0.949872
5.0152 0.941296
5.039776 0.932720
5.039776 0.948720
5.064352 0.940144
5.088928 0.931568
5.088928 0.947568
5.113504 0.938992
5.13808 0.930416
5.13808 0.946416
5.162656 0.937840
5.187232 0.929264
5.187232 0.945264
5.211808 0.936688
5.236384 0.928112
5.236384 0.944112
5.26096 0.935536
5.285536 0.926960
5.285536 0.942960
5.310112 0.934384
5.334688 0.925808
5.334688 0.941808
5.359264 0.933232
5.359264 0.949232
5.38384 0.940656
5.408416 0.932080
5.408416 0.948080
5.432992 0.939504
5.457568 0.930928
5.457568 0.946928
5.482144 0.938352
5.50672 0.929776
5.50672 0.945776
5.531296 0.937200
5.555872 0.928624
5.555872 0.944624
5.580448 0.936048
5.605024 0.927472
5.605024 0.943472
5.6296 0.934896
5.654176 0.926320
5.654176 0.942320
5.678752 0.933744
5.678752 0.949744
5.703328 0.941168
5.727904 0.932592
5.727904 0.948592
5.75248 0.940016
5.777056 0.931440
5.777056 0.947440
5.801632 0.938864
5.826208 0.930288
5.826208 0.946288
5.850784 0.937712
5.87536 0.929136
5.87536 0.945136
5.899936 0.936560
5.924512 0.927984
5.924512 0.943984
5.949088 0.935408
5.973664 0.926832
5.973664 0.942832
5.99824 0.934256
6.022816 0.925680
6.022816 0.941680
6.047392 0.933104
6.047392 0.949104
6.071968 0.940528
6.096544 0.931952
6.096544 0.947952
6.12112 0.939376
6.145696 0.930800
6.145696 0.946800
6.170272 0.938224
6.194848 0.929648
6.194848 0.945648
6.219424 0.937072
6.244 0.928496
6.244 0.944496
6.268576 0.935920
6.293152 0.927344
6.293152 0.943344
6.317728 0.934768
6.342304 0.926192
6.342304 0.942192
6.36688 0.933616
6.36688 0.949616
6.391456 0.941040
6.416032 0.932464
6.416032 0.948464
6.440608 0.939888
6.465184 0.931312
6.465184 0.947312
6.48976 0.938736
6.514336 0.930160
6.514336 0.946160
6.538912 0.937584
6.563488 0.929008
6.563488 0.945008
6.588064 0.936432
6.61264 0.927856
6.61264 0.943856
6.637216 0.935280
6.661792 0.926704
6.661792 0.942704
6.686368 0.934128
6.710944 0.925552
6.710944 0.941552
6.73552 0.932976
6.73552 0.948976
6.760096 0.940400
6.784672 0.931824
6.784672 0.947824
6.809248 0.939248
6.833824 0.930672
6.833824 0.946672
6.8584 0.938096
6.882976 0.929520
6.882976 0.945520
6.907552 0.936944
6.932128 0.928368
6.932128 0.944368
6.956704 0.935792
6.98128 0.927216
6.98128 0.943216
7.005856 0.934640
7.030432 0.926064
7.030432 0.942064
7.055008 0.933488
7.055008 0.949488
7.079584 0.940912
7.10416 0.932336
7.10416 0.948336
7.128736 0.939760
7.153312 0.931184
7.153312 0.947184
7.177888 0.938608
7.202464 0.930032
7.202464 0.946032
7.22704 0.937456
7.251616 0.928880
7.251616 0.944880
7.276192 0.936304
7.300768 0.927728
7.300768 0.943728
7.325344 0.935152
7.34992 0.926576
7.34992 0.942576
7.374496 0.934000
7.399072 0.925424
7.399072 0.941424
7.423648 0.932848
7.423648 0.948848
7.448224 0.940272
7.4728 0.931696
7.4728 0.947696
7.497376 0.939120
7.521952 0.930544
7.521952 0.946544
7.546528 0.937968
7.571104 0.929392
7.571104 0.945392
7.59568 0.936816
7.620256 0.928240
7.620256 0.944240
7.644832 0.935664
7.669408 0.927088
7.669408 0.943088
7.693984 0.934512
7.71856 0.925936
7.71856 0.941936
7.743136 0.933360
7.743136 0.949360
7.767712 0.940784
7.792288 0.932208
7.792288 0.948208
7.816864 0.939632
7.84144 0.931056
7.84144 0.947056
7.866016 0.938480
7.890592 0.929904
7.890592 0.945904
7.915168 0.937328
7.939744 0.928752
7.939744 0.944752
7.96432 0.936176
7.988896 0.927600
7.988896 0.943600
8.013472 0.935024
8.038048 0.926448
8.038048 0.942448
8.062624 0.933872
8.062624 0.949872
8.0872 0.941296
8.111776 0.932720
8.111776 0.948720
8.136352 0.940144
8.160928 0.931568
8.160928 0.947568
8.185504 0.938992
8.21008 0.930416
8.21008 0.946416
8.234656 0.937840
8.259232 0.929264
8.259232 0.945264
8.283808 0.936688
8.308384 0.928112
8.308384 0.944112
8.33296 0.935536
8.357536 0.926960
8.357536 0.942960
8.382112 0.934384
8.406688 0.925808
8.406688 0.941808
8.431264 0.933232
8.431264 0.949232
8.45584 0.940656
8.480416 0.932080
8.480416 0.948080
8.504992 0.939504
8.529568 0.930928
8.529568 0.946928
8.554144 0.938352
8.57872 0.929776
8.57872 0.945776
8.603296 0.937200
8.627872 0.928624
8.627872 0.944624
8.652448 0.936048
8.677024 0.927472
8.677024 0.943472
8.7016 0.934896
8.726176 0.926320
8.726176 0.942320
8.750752 0.933744
8.750752 0.949744
8.775328 0.941168
8.799904 0.932592
8.799904 0.948592
8.82448 0.940016
8.849056 0.931440
8.849056 0.947440
8.873632 0.938864
8.898208 0.930288
8.898208 0.946288
8.922784 0.937712
8.94736 0.929136
8.94736 0.945136
8.971936 0.936560
8.996512 0.927984
8.996512 0.943984
9.021088 0.935408
9.045664 0.926832
9.045664 0.942832
9.07024 0.934256
9.094816 0.925680
9.094816 0.941680
9.119392 0.933104
9.119392 0.949104
9.143968 0.940528
9.168544 0.931952
9.168544 0.947952
9.19312 0.939376
9.217696 0.930800
9.217696 0.946800
9.242272 0.938224
9.266848 0.929648
9.266848 0.945648
9.291424 0.937072
9.316 0.928496
9.316 0.944496
9.340576 0.935920
9.365152 0.927344
9.365152 0.943344
9.389728 0.934768
9.414304 0.926192
9.414304 0.942192
9.43888 0.933616
9.43888 0.949616
9.463456 0.941040
9.488032 0.932464
9.488032 0.948464
9.512608 0.939888
9.537184 0.931312
9.537184 0.947312
9.56176 0.938736
9.586336 0.930160
9.586336 0.946160
9.610912 0.937584
9.635488 0.929008
9.635488 0.945008
9.660064 0.936432
9.68464 0.927856
9.68464 0.943856
9.709216 0.935280
9.733792 0.926704
9.733792 0.942704
9.758368 0.934128
9.782944 0.925552
9.782944 0.941552
9.80752 0.932976
9.80752 0.948976
9.832096 0.940400
9.856672 0.931824
9.856672 0.947824
9.881248 0.939248
9.905824 0.930672
9.905824 0.946672
9.9304 0.938096
9.954976 0.929520
9.954976 0.945520
9.979552 0.936944
10.004128 0.928368
10.004128 0.944368
10.028704 0.935792
10.05328 0.927216
10.05328 0.943216
10.077856 0.934640
10.102432 0.926064
10.102432 0.942064
10.127008 0.933488
10.127008 0.949488
10.151584 0.940912
10.17616 0.932336
10.17616 0.948336
10.200736 0.939760
10.225312 0.931184
10.225312 0.947184
10.249888 0.938608
10.274464 0.930032
10.274464 0.946032
10.29904 0.937456
10.323616 0.928880
10.323616 0.944880
10.348192 0.936304
10.372768 0.927728
10.372768 0.943728
10.397344 0.935152
10.42192 0.926576
10.42192 0.942576
10.446496 0.934000
10.471072 0.925424
10.471072 0.941424
10.495648 0.932848
10.495648 0.948848
10.520224 0.940272
10.5448 0.931696
10.5448 0.947696
10.569376 0.939120
10.593952 0.930544
10.593952 0.946544
10.618528 0.937968
10.643104 0.929392
10.643104 0.945392
10.66768 0.936816
10.692256 0.928240
10.692256 0.944240
10.716832 0.935664
10.741408 0.927088
10.741408 0.943088
10.765984 0.934512
10.79056 0.925936
10.79056 0.941936
10.815136 0.933360
10.815136 0.949360
10.839712 0.940784
10.864288 0.932208
10.864288 0.948208
10.888864 0.939632
10.91344 0.931056
10.91344 0.947056
10.938016 0.938480
10.962592 0.929904
10.962592 0.945904
10.987168 0.937328
11.011744 0.928752
11.011744 0.944752
11.03632 0.936176
11.060896 0.927600
11.060896 0.943600
11.085472 0.935024
11.110048 0.926448
11.110048 0.942448
11.134624 0.933872
11.134624 0.949872
11.1592 0.941296
11.183776 0.932720
11.183776 0.948720
11.208352 0.940144
11.232928 0.931568
11.232928 0.947568
11.257504 0.938992
11.28208 0.930416
11.28208 0.946416
11.306656 0.937840
11.331232 0.929264
11.331232 0.945264
11.355808 0.936688
11.380384 0.928112
11.380384 0.944112
11.40496 0.935536
11.429536 0.926960
11.429536 0.942960
11.454112 0.934384
11.478688 0.925808
11.478688 0.941808
11.503264 0.933232
11.503264 0.949232
11.52784 0.940656
11.552416 0.932080
11.552416 0.948080
11.576992 0.939504
11.601568 0.930928
11.601568 0.946928
11.626144 0.938352
11.65072 0.929776
11.65072 0.945776
11.675296 0.937200
11.699872 0.928624
11.699872 0.944624
11.724448 0.936048
11.749024 0.927472
11.749024 0.943472
11.7736 0.934896
11.798176 0.926320
11.798176 0.942320
11.822752 0.933744
11.822752 0.949744
11.847328 0.941168
11.871904 0.932592
11.871904 0.948592
11.89648 0.940016
11.921056 0.931440
11.921056 0.947440
11.945632 0.938864
11.970208 0.930288
11.970208 0.946288
11.994784 0.937712
12.01936 0.929136
12.01936 0.945136
12.043936 0.936560
12.068512 0.927984
12.068512 0.943984
12.093088 0.935408
12.117664 0.926832
12.117664 0.942832
12.14224 0.934256
12.166816 0.925680
12.166816 0.941680
12.191392 0.933104
12.191392 0.949104
12.215968 0.940528
12.240544 0.931952
12.240544 0.947952
12.26512 0.939376
12.289696 0.930800
12.289696 0.946800
12.314272 0.938224
12.338848 0.929648
12.338848 0.945648
12.363424 0.937072
12.388 0.928496
12.388 0.944496
12.412576 0.935920
12.437152 0.927344
12.437152 0.943344
12.461728 0.934768
12.486304 0.926192
12.486304 0.942192
12.51088 0.933616
12.51088 0.949616
12.535456 0.941040
12.560032 0.932464
12.560032 0.948464
12.584608 0.939888
12.609184 0.931312
12.609184 0.947312
12.63376 0.938736
12.658336 0.930160
12.658336 0.946160
12.682912 0.937584
12.707488 0.929008
12.707488 0.945008
12.732064 0.936432
12.75664 0.927856
12.75664 0.943856
12.781216 0.935280
12.805792 0.926704
12.805792 0.942704
12.830368 0.934128
12.854944 0.925552
12.854944 0.941552
12.87952 0.932976
12.87952 0.948976
12.904096 0.940400
12.928672 0.931824
12.928672 0.947824
12.953248 0.939248
12.977824 0.930672
12.977824 0.946672
13.0024 0.938096
13.026976 0.929520
13.026976 0.945520
13.051552 0.936944
13.076128 0.928368
13.076128 0.944368
13.100704 0.935792
13.12528 0.927216
13.12528 0.943216
13.149856 0.934640
13.174432 0.926064
13.174432 0.942064
13.199008 0.933488
13.199008 0.949488
13.223584 0.940912
13.24816 0.932336
13.24816 0.948336
13.272736 0.939760
13.297312 0.931184
13.297312 0.947184
13.321888 0.938608
13.346464 0.930032
13.346464 0.946032
13.37104 0.937456
13.395616 0.928880
13.395616 0.944880
13.420192 0.936304
13.444768 0.927728
13.444768 0.943728
13.469344 0.935152
13.49392 0.926576
13.49392 0.942576
13.518496 0.934000
13.543072 0.925424
13.543072 0.941424
13.567648 0.932848
13.567648 0.948848
13.592224 0.940272
13.6168 0.931696
13.6168 0.947696
13.641376 0.939120
13.665952 0.930544
13.665952 0.946544
13.690528 0.937968
13.715104 0.929392
13.715104 0.945392
13.73968 0.936816
13.764256 0.928240
13.764256 0.944240
13.788832 0.935664
13.813408 0.927088
13.813408 0.943088
13.837984 0.934512
13.86256 0.925936
13.86256 0.941936
13.887136 0.933360
13.887136 0.949360
13.911712 0.940784
13.936288 0.932208
13.936288 0.948208
13.960864 0.939632
13.98544 0.931056
13.98544 0.947056
14.010016 0.938480
14.034592 0.929904
14.034592 0.945904
14.059168 0.937328
14.083744 0.928752
14.083744 0.944752
14.10832 0.936176
14.132896 0.927600
14.132896 0.943600
14.157472 0.935024
14.182048 0.926448
14.182048 0.942448
14.206624 0.933872
14.206624 0.949872
14.2312 0.941296
14.255776 0.932720
14.255776 0.948720
14.280352 0.940144
14.304928 0.931568
14.304928 0.947568
14.329504 0.938992
14.35408 0.930416
14.35408 0.946416
14.378656 0.937840
14.403232 0.929264
14.403232 0.945264
14.427808 0.936688
14.452384 0.928112
14.452384 0.944112
14.47696 0.935536
14.501536 0.926960
14.501536 0.942960
14.526112 0.934384
14.550688 0.925808
14.550688 0.941808
14.575264 0.933232
14.575264 0.949232
14.59984 0.940656
14.624416 0.932080
14.624416 0.948080
14.648992 0.939504
14.673568 0.930928
14.673568 0.946928
14.698144 0.938352
14.72272 0.929776
14.72272 0.945776
14.747296 0.937200
14.771872 0.928624
14.771872 0.944624
14.796448 0.936048
14.821024 0.927472
14.821024 0.943472
14.8456 0.934896
14.870176 0.926320
14.870176 0.942320
14.894752 0.933744
14.894752 0.949744
14.919328 0.941168
14.943904 0.932592
14.943904 0.948592
14.96848 0.940016
14.993056 0.931440
14.993056 0.947440
15.017632 0.938864
15.042208 0.930288
15.042208 0.946288
15.066784 0.937712
15.09136 0.929136
15.09136 0.945136
15.115936 0.936560
15.140512 0.927984
15.140512 0.943984
15.165088 0.935408
15.189664 0.926832
15.189664 0.942832
15.21424 0.934256
15.238816 0.925680
15.238816 0.941680
15.263392 0.933104
15.263392 0.949104
15.287968 0.940528
15.312544 0.931952
15.312544 0.947952
15.33712 0.939376
15.361696 0.930800
15.361696 0.946800
15.386272 0.938224
15.410848 0.929648
15.410848 0.945648
15.435424 0.937072
15.46 0.928496
15.46 0.944496
15.484576 0.935920
15.509152 0.927344
15.509152 0.943344
15.533728 0.934768
15.558304 0.926192
15.558304 0.942192
15.58288 0.933616
15.58288 0.949616
15.607456 0.941040
15.632032 0.932464
15.632032 0.948464
15.656608 0.939888
15.681184 0.931312
15.681184 0.947312
15.70576 0.938736
15.730336 0.930160
15.730336 0.946160
15.754912 0.937584
15.779488 0.929008
15.779488 0.945008
15.804064 0.936432
15.82864 0.927856
15.82864 0.943856
15.853216 0.935280
15.877792 0.926704
15.877792 0.942704
15.902368 0.934128
15.926944 0.925552
15.926944 0.941552
15.95152 0.932976
15.95152 0.948976
15.976096 0.940400
16.000672 0.931824
16.000672 0.947824
16.025248 0.939248
16.049824 0.930672
16.049824 0.946672
16.0744 0.938096
16.098976 0.929520
16.098976 0.945520
16.123552 0.936944
16.148128 0.928368
16.148128 0.944368
16.172704 0.935792
16.19728 0.927216
16.19728 0.943216
16.221856 0.934640
16.246432 0.926064
16.246432 0.942064
16.271008 0.933488
16.271008 0.949488
16.295584 0.940912
16.32016 0.932336
16.32016 0.948336
16.344736 0.939760
16.369312 0.931184
16.369312 0.947184
16.393888 0.938608
16.418464 0.930032
16.418464 0.946032
16.44304 0.937456
16.467616 0.928880
16.467616 0.944880
16.492192 0.936304
16.516768 0.927728
16.516768 0.943728
16.541344 0.935152
16.56592 0.926576
16.56592 0.942576
16.590496 0.934000
16.615072 0.925424
16.615072 0.941424
16.639648 0.932848
16.639648 0.948848
16.664224 0.940272
16.6888 0.931696
16.6888 0.947696
16.713376 0.939120
16.737952 0.930544
16.737952 0.946544
16.762528 0.937968
16.787104 0.929392
16.787104 0.945392
16.81168 0.936816
16.836256 0.928240
16.836256 0.944240
16.860832 0.935664
16.885408 0.927088
16.885408 0.943088
16.909984 0.934512
16.93456 0.925936
16.93456 0.941936
16.959136 0.933360
16.959136 0.949360
16.983712 0.940784
17.008288 0.932208
17.008288 0.948208
17.032864 0.939632
17.05744 0.931056
17.05744 0.947056
17.082016 0.938480
17.106592 0.929904
17.106592 0.945904
17.131168 0.937328
17.155744 0.928752
17.155744 0.944752
17.18032 0.936176
17.204896 0.927600
17.204896 0.943600
17.229472 0.935024
17.254048 0.926448
17.254048 0.942448
17.278624 0.933872
17.278624 0.949872
17.3032 0.941296
17.327776 0.932720
17.327776 0.948720
17.352352 0.940144
17.376928 0.931568
17.376928 0.947568
17.401504 0.938992
17.42608 0.930416
17.42608 0.946416
17.450656 0.937840
17.475232 0.929264
17.475232 0.945264
17.499808 0.936688
17.524384 0.928112
17.524384 0.944112
17.54896 0.935536
17.573536 0.926960
17.573536 0.942960
17.598112 0.934384
17.622688 0.925808
17.622688 0.941808
17.647264 0.933232
17.647264 0.949232
17.67184 0.940656
17.696416 0.932080
17.696416 0.948080
17.720992 0.939504
17.745568 0.930928
17.745568 0.946928
17.770144 0.938352
17.79472 0.929776
17.79472 0.945776
17.819296 0.937200
17.843872 0.928624
17.843872 0.944624
17.868448 0.936048
17.893024 0.927472
17.893024 0.943472
17.9176 0.934896
17.942176 0.926320
17.942176 0.942320
17.966752 0.933744
17.966752 0.949744
17.991328 0.941168
18.015904 0.932592
18.015904 0.948592
18.04048 0.940016
18.065056 0.931440
18.065056 0.947440
18.089632 0.938864
18.114208 0.930288
18.114208 0.946288
18.138784 0.937712
18.16336 0.929136
18.16336 0.945136
18.187936 0.936560
18.212512 0.927984
18.212512 0.943984
18.237088 0.935408
18.261664 0.926832
18.261664 0.942832
18.28624 0.934256
18.310816 0.925680
18.310816 0.941680
18.335392 0.933104
18.335392 0.949104
18.359968 0.940528
18.384544 0.931952
18.384544 0.947952
18.40912 0.939376
18.433696 0.930800
18.433696 0.946800
18.458272 0.938224
18.482848 0.929648
18.482848 0.945648
18.507424 0.937072
18.532 0.928496
18.532 0.944496
18.556576 0.935920
18.581152 0.927344
18.581152 0.943344
18.605728 0.934768
18.630304 0.926192
18.630304 0.942192
18.65488 0.933616
18.65488 0.949616
18.679456 0.941040
18.704032 0.932464
18.704032 0.948464
18.728608 0.939888
18.753184 0.931312
18.753184 0.947312
18.77776 0.938736
18.802336 0.930160
18.802336 0.946160
18.826912 0.937584
18.851488 0.929008
18.851488 0.945008
18.876064 0.936432
18.90064 0.927856
18.90064 0.943856
18.925216 0.935280
18.949792 0.926704
18.949792 0.942704
18.974368 0.934128
18.998944 0.925552
18.998944 0.941552
19.02352 0.932976
19.02352 0.948976
19.048096 0.940400
19.072672 0.931824
19.072672 0.947824
19.097248 0.939248
19.121824 0.930672
19.121824 0.946672
19.1464 0.938096
19.170976 0.929520
19.170976 0.945520
19.195552 0.936944
19.220128 0.928368
19.220128 0.944368
19.244704 0.935792
19.26928 0.927216
19.26928 0.943216
19.293856 0.934640
19.318432 0.926064
19.318432 0.942064
19.343008 0.933488
19.343008 0.949488
19.367584 0.940912
19.39216 0.932336
19.39216 0.948336
19.416736 0.939760
19.441312 0.931184
19.441312 0.947184
19.465888 0.938608
19.490464 0.930032
19.490464 0.946032
19.51504 0.937456
19.539616 0.928880
19.539616 0.944880
19.564192 0.936304
19.588768 0.927728
19.588768 0.943728
19.613344 0.935152
19.63792 0.926576
19.63792 0.942576
19.662496 0.934000
19.662496 0.950000
19.687072 0.941424
19.711648 0.932848
19.711648 0.948848
19.736224 0.940272
19.7608 0.931696
19.7608 0.947696
19.785376 0.939120
19.809952 0.930544
19.809952 0.946544
19.834528 0.937968
19.859104 0.929392
19.859104 0.945392
19.88368 0.936816
19.908256 0.928240
19.908256 0.944240
19.932832 0.935664
19.957408 0.927088
19.957408 0.943088
19.981984 0.934512
20.00656 0.925936
20.00656 0.941936
20.031136 0.933360
20.031136 0.949360
20.055712 0.940784
20.080288 0.932208
20.080288 0.948208
20.104864 0.939632
20.12944 0.931056
20.12944 0.947056
20.154016 0.938480
20.178592 0.929904
20.178592 0.945904
20.203168 0.937328
20.227744 0.928752
20.227744 0.944752
20.25232 0.936176
20.276896 0.927600
20.276896 0.943600
20.301472 0.935024
20.326048 0.926448
20.326048 0.942448
20.350624 0.933872
20.350624 0.949872
20.3752 0.941296
20.399776 0.932720
20.399776 0.948720
20.424352 0.940144
20.448928 0.931568
20.448928 0.947568
20.473504 0.938992
20.49808 0.930416
20.49808 0.946416
20.522656 0.937840
20.547232 0.929264
20.547232 0.945264
20.571808 0.936688
20.596384 0.928112
20.596384 0.944112
20.62096 0.935536
20.645536 0.926960
20.645536 0.942960
20.670112 0.934384
20.694688 0.925808
20.694688 0.941808
20.719264 0.933232
20.719264 0.949232
20.74384 0.940656
20.768416 0.932080
20.768416 0.948080
20.792992 0.939504
20.817568 0.930928
20.817568 0.946928
20.842144 0.938352
20.86672 0.929776
20.86672 0.945776
20.891296 0.937200
20.915872 0.928624
20.915872 0.944624
20.940448 0.936048
20.965024 0.927472
20.965024 0.943472
20.9896 0.934896
21.014176 0.926320
21.014176 0.942320
21.038752 0.933744
21.038752 0.949744
21.063328 0.941168
21.087904 0.932592
21.087904 0.948592
21.11248 0.940016
21.137056 0.931440
21.137056 0.947440
21.161632 0.938864
21.186208 0.930288
21.186208 0.946288
21.210784 0.937712
21.23536 0.929136
21.23536 0.945136
21.259936 0.936560
21.284512 0.927984
21.284512 0.943984
21.309088 0.935408
21.333664 0.926832
21.333664 0.942832
21.35824 0.934256
21.382816 0.925680
21.382816 0.941680
21.407392 0.933104
21.407392 0.949104
21.431968 0.940528
21.456544 0.931952
21.456544 0.947952
21.48112 0.939376
21.505696 0.930800
21.505696 0.946800
21.530272 0.938224
21.554848 0.929648
21.554848 0.945648
21.579424 0.937072
21.604 0.928496
21.604 0.944496
21.628576 0.935920
21.653152 0.927344
21.653152 0.943344
21.677728 0.934768
21.702304 0.926192
21.702304 0.942192
21.72688 0.933616
21.72688 0.949616
21.751456 0.941040
21.776032 0.932464
21.776032 0.948464
21.800608 0.939888
21.825184 0.931312
21.825184 0.947312
21.84976 0.938736
21.874336 0.930160
21.874336 0.946160
21.898912 0.937584
21.923488 0.929008
21.923488 0.945008
21.948064 0.936432
21.97264 0.927856
21.97264 0.943856
21.997216 0.935280
22.021792 0.926704
22.021792 0.942704
22.046368 0.934128
22.070944 0.925552
22.070944 0.941552
22.09552 0.932976
22.09552 0.948976
22.120096 0.940400
22.144672 0.931824
22.144672 0.947824
22.169248 0.939248
22.193824 0.930672
22.193824 0.946672
22.2184 0.938096
22.242976 0.929520
22.242976 0.945520
22.267552 0.936944
22.292128 0.928368
22.292128 0.944368
22.316704 0.935792
22.34128 0.927216
22.34128 0.943216
22.365856 0.934640
22.390432 0.926064
22.390432 0.942064
22.415008 0.933488
22.415008 0.949488
22.439584 0.940912
22.46416 0.932336
22.46416 0.948336
22.488736 0.939760
22.513312 0.931184
22.513312 0.947184
22.537888 0.938608
22.562464 0.930032
22.562464 0.946032
22.58704 0.937456
22.611616 0.928880
22.611616 0.944880
22.636192 0.936304
22.660768 0.927728
22.660768 0.943728
22.685344 0.935152
22.70992 0.926576
22.70992 0.942576
22.734496 0.934000
22.734496 0.950000
22.759072 0.941424
22.783648 0.932848
22.783648 0.948848
22.808224 0.940272
22.8328 0.931696
22.8328 0.947696
22.857376 0.939120
22.881952 0.930544
22.881952 0.946544
22.906528 0.937968
22.931104 0.929392
22.931104 0.945392
22.95568 0.936816
22.980256 0.928240
22.980256 0.944240
23.004832 0.935664
23.029408 0.927088
23.029408 0.943088
23.053984 0.934512
23.07856 0.925936
23.07856 0.941936
23.103136 0.933360
23.103136 0.949360
23.127712 0.940784
23.152288 0.932208
23.152288 0.948208
23.176864 0.939632
23.20144 0.931056
23.20144 0.947056
23.226016 0.938480
23.250592 0.929904
23.250592 0.945904
23.275168 0.937328
23.299744 0.928752
23.299744 0.944752
23.32432 0.936176
23.348896 0.927600
23.348896 0.943600
23.373472 0.935024
23.398048 0.926448
23.398048 0.942448
23.422624 0.933872
23.422624 0.949872
23.4472 0.941296
23.471776 0.932720
23.471776 0.948720
23.496352 0.940144
23.520928 0.931568
23.520928 0.947568
23.545504 0.938992
23.57008 0.930416
23.57008 0.946416
23.594656 0.937840
23.619232 0.929264
23.619232 0.945264
23.643808 0.936688
23.668384 0.928112
23.668384 0.944112
23.69296 0.935536
23.717536 0.926960
23.717536 0.942960
23.742112 0.934384
23.766688 0.925808
23.766688 0.941808
23.791264 0.933232
23.791264 0.949232
23.81584 0.940656
23.840416 0.932080
23.840416 0.948080
23.864992 0.939504
23.889568 0.930928
23.889568 0.946928
23.914144 0.938352
23.93872 0.929776
23.93872 0.945776
23.963296 0.937200
23.987872 0.928624
23.987872 0.944624
24.012448 0.936048
24.037024 0.927472
24.037024 0.943472
24.0616 0.934896
24.086176 0.926320
24.086176 0.942320
24.110752 0.933744
24.110752 0.949744
24.135328 0.941168
24.159904 0.932592
24.159904 0.948592
24.18448 0.940016
24.209056 0.931440
24.209056 0.947440
24.233632 0.938864
24.258208 0.930288
24.258208 0.946288
24.282784 0.937712
24.30736 0.929136
24.30736 0.945136
24.331936 0.936560
24.356512 0.927984
24.356512 0.943984
24.381088 0.935408
24.405664 0.926832
24.405664 0.942832
24.43024 0.934256
24.454816 0.925680
24.454816 0.941680
24.479392 0.933104
24.479392 0.949104
24.503968 0.940528
24.528544 0.931952
24.528544 0.947952
24.55312 0.939376
24.577696 0.930800
24.577696 0.946800
24.602272 0.938224
24.626848 0.929648
24.626848 0.945648
24.651424 0.937072
24.676 0.928496
24.676 0.944496
24.700576 0.935920
24.725152 0.927344
24.725152 0.943344
24.749728 0.934768
24.774304 0.926192
24.774304 0.942192
24.79888 0.933616
24.79888 0.949616
24.823456 0.941040
24.848032 0.932464
24.848032 0.948464
24.872608 0.939888
24.897184 0.931312
24.897184 0.947312
24.92176 0.938736
24.946336 0.930160
24.946336 0.946160
24.970912 0.937584
24.995488 0.929008
24.995488 0.945008
25.020064 0.936432
25.04464 0.927856
25.04464 0.943856
25.069216 0.935280
25.093792 0.926704
25.093792 0.942704
25.118368 0.934128
25.142944 0.925552
25.142944 0.941552
25.16752 0.932976
25.16752 0.948976
25.192096 0.940400
25.216672 0.931824
25.216672 0.947824
25.241248 0.939248
25.265824 0.930672
25.265824 0.946672
25.2904 0.938096
25.314976 0.929520
25.314976 0.945520
25.339552 0.936944
25.364128 0.928368
25.364128 0.944368
25.388704 0.935792
25.41328 0.927216
25.41328 0.943216
25.437856 0.934640
25.462432 0.926064
25.462432 0.942064
25.487008 0.933488
25.487008 0.949488
25.511584 0.940912
25.53616 0.932336
25.53616 0.948336
25.560736 0.939760
25.585312 0.931184
25.585312 0.947184
25.609888 0.938608
25.634464 0.930032
25.634464 0.946032
25.65904 0.937456
25.683616 0.928880
25.683616 0.944880
25.708192 0.936304
25.732768 0.927728
25.732768 0.943728
25.757344 0.935152
25.78192 0.926576
25.78192 0.942576
25.806496 0.934000
25.806496 0.950000
25.831072 0.941424
25.855648 0.932848
25.855648 0.948848
25.880224 0.940272
25.9048 0.931696
25.9048 0.947696
25.929376 0.939120
25.953952 0.930544
25.953952 0.946544
25.978528 0.937968
26.003104 0.929392
26.003104 0.945392
26.02768 0.936816
26.052256 0.928240
26.052256 0.944240
26.076832 0.935664
26.101408 0.927088
26.101408 0.943088
26.125984 0.934512
26.15056 0.925936
26.15056 0.941936
26.175136 0.933360
26.175136 0.949360
26.199712 0.940784
26.224288 0.932208
26.224288 0.948208
26.248864 0.939632
26.27344 0.931056
26.27344 0.947056
26.298016 0.938480
26.322592 0.929904
26.322592 0.945904
26.347168 0.937328
26.371744 0.928752
26.371744 0.944752
26.39632 0.936176
26.420896 0.927600
26.420896 0.943600
26.445472 0.935024
26.470048 0.926448
26.470048 0.942448
26.494624 0.933872
26.494624 0.949872
26.5192 0.941296
26.543776 0.932720
26.543776 0.948720
26.568352 0.940144
26.592928 0.931568
26.592928 0.947568
26.617504 0.938992
26.64208 0.930416
26.64208 0.946416
26.666656 0.937840
26.691232 0.929264
26.691232 0.945264
26.715808 0.936688
26.740384 0.928112
26.740384 0.944112
26.76496 0.935536
26.789536 0.926960
26.789536 0.942960
26.814112 0.934384
26.838688 0.925808
26.838688 0.941808
26.863264 0.933232
26.863264 0.949232
26.88784 0.940656
26.912416 0.932080
26.912416 0.948080
26.936992 0.939504
26.961568 0.930928
26.961568 0.946928
26.986144 0.938352
27.01072 0.929776
27.01072 0.945776
27.035296 0.937200
27.059872 0.928624
27.059872 0.944624
27.084448 0.936048
27.109024 0.927472
27.109024 0.943472
27.1336 0.934896
27.158176 0.926320
27.158176 0.942320
27.182752 0.933744
27.182752 0.949744
27.207328 0.941168
27.231904 0.932592
27.231904 0.948592
27.25648 0.940016
27.281056 0.931440
27.281056 0.947440
27.305632 0.938864
27.330208 0.930288
27.330208 0.946288
27.354784 0.937712
27.37936 0.929136
27.37936 0.945136
27.403936 0.936560
27.428512 0.927984
27.428512 0.943984
27.453088 0.935408
27.477664 0.926832
27.477664 0.942832
27.50224 0.934256
27.526816 0.925680
27.526816 0.941680
27.551392 0.933104
27.551392 0.949104
27.575968 0.940528
27.600544 0.931952
27.600544 0.947952
27.62512 0.939376
27.649696 0.930800
27.649696 0.946800
27.674272 0.938224
27.698848 0.929648
27.698848 0.945648
27.723424 0.937072
27.748 0.928496
27.748 0.944496
27.772576 0.935920
27.797152 0.927344
27.797152 0.943344
27.821728 0.934768
27.846304 0.926192
27.846304 0.942192
27.87088 0.933616
27.87088 0.949616
27.895456 0.941040
27.920032 0.932464
27.920032 0.948464
27.944608 0.939888
27.969184 0.931312
27.969184 0.947312
27.99376 0.938736
28.018336 0.930160
28.018336 0.946160
28.042912 0.937584
28.067488 0.929008
28.067488 0.945008
28.092064 0.936432
28.11664 0.927856
28.11664 0.943856
28.141216 0.935280
28.165792 0.926704
28.165792 0.942704
28.190368 0.934128
28.214944 0.925552
28.214944 0.941552
28.23952 0.932976
28.23952 0.948976
28.264096 0.940400
28.288672 0.931824
28.288672 0.947824
28.313248 0.939248
28.337824 0.930672
28.337824 0.946672
28.3624 0.938096
28.386976 0.929520
28.386976 0.945520
28.411552 0.936944
28.436128 0.928368
28.436128 0.944368
28.460704 0.935792
28.48528 0.927216
28.48528 0.943216
28.509856 0.934640
28.534432 0.926064
28.534432 0.942064
28.559008 0.933488
28.559008 0.949488
28.583584 0.940912
28.60816 0.932336
28.60816 0.948336
28.632736 0.939760
28.657312 0.931184
28.657312 0.947184
28.681888 0.938608
28.706464 0.930032
28.706464 0.946032
28.73104 0.937456
28.755616 0.928880
28.755616 0.944880
28.780192 0.936304
28.804768 0.927728
28.804768 0.943728
28.829344 0.935152
28.85392 0.926576
28.85392 0.942576
28.878496 0.934000
28.878496 0.950000
28.903072 0.941424
28.927648 0.932848
28.927648 0.948848
28.952224 0.940272
28.9768 0.931696
28.9768 0.947696
29.001376 0.939120
29.025952 0.930544
29.025952 0.946544
29.050528 0.937968
29.075104 0.929392
29.075104 0.945392
29.09968 0.936816
29.124256 0.928240
29.124256 0.944240
29.148832 0.935664
29.173408 0.927088
29.173408 0.943088
29.197984 0.934512
29.22256 0.925936
29.22256 0.941936
29.247136 0.933360
29.247136 0.949360
29.271712 0.940784
29.296288 0.932208
29.296288 0.948208
29.320864 0.939632
29.34544 0.931056
29.34544 0.947056
29.370016 0.938480
29.394592 0.929904
29.394592 0.945904
29.419168 0.937328
29.443744 0.928752
29.443744 0.944752
29.46832 0.936176
29.492896 0.927600
29.492896 0.943600
29.517472 0.935024
29.542048 0.926448
29.542048 0.942448
29.566624 0.933872
29.566624 0.949872
29.5912 0.941296
29.615776 0.932720
29.615776 0.948720
29.640352 0.940144
29.664928 0.931568
29.664928 0.947568
29.689504 0.938992
29.71408 0.930416
29.71408 0.946416
29.738656 0.937840
29.763232 0.929264
29.763232 0.945264
29.787808 0.936688
29.812384 0.928112
29.812384 0.944112
29.83696 0.935536
29.861536 0.926960
29.861536 0.942960
29.886112 0.934384
29.910688 0.925808
29.910688 0.941808
29.935264 0.933232
29.935264 0.949232
29.95984 0.940656
29.984416 0.932080
29.984416 0.948080
30.008992 0.939504
30.033568 0.930928
30.033568 0.946928
30.058144 0.938352
30.08272 0.929776
30.08272 0.945776
30.107296 0.937200
30.131872 0.928624
30.131872 0.944624
30.156448 0.936048
30.181024 0.927472
30.181024 0.943472
30.2056 0.934896
30.230176 0.926320
30.230176 0.942320
30.254752 0.933744
30.254752 0.949744
30.279328 0.941168
30.303904 0.932592
30.303904 0.948592
30.32848 0.940016
30.353056 0.931440
30.353056 0.947440
30.377632 0.938864
30.402208 0.930288
30.402208 0.946288
30.426784 0.937712
30.45136 0.929136
30.45136 0.945136
30.475936 0.936560
30.500512 0.927984
30.500512 0.943984
30.525088 0.935408
30.549664 0.926832
30.549664 0.942832
30.57424 0.934256
30.598816 0.925680
30.598816 0.941680
30.623392 0.933104
30.623392 0.949104
30.647968 0.940528
30.672544 0.931952
30.672544 0.947952
30.69712 0.939376
30.721696 0.930800
30.721696 0.946800
30.746272 0.938224
30.770848 0.929648
30.770848 0.945648
30.795424 0.937072
30.82 0.928496
30.82 0.944496
30.844576 0.935920
30.869152 0.927344
30.869152 0.943344
30.893728 0.934768
30.918304 0.926192
30.918304 0.942192
30.94288 0.933616
30.94288 0.949616
30.967456 0.941040
30.992032 0.932464
30.992032 0.948464
31.016608 0.939888
31.041184 0.931312
31.041184 0.947312
31.06576 0.938736
31.090336 0.930160
31.090336 0.946160
31.114912 0.937584
31.139488 0.929008
31.139488 0.945008
31.164064 0.936432
31.18864 0.927856
31.18864 0.943856
31.213216 0.935280
31.237792 0.926704
31.237792 0.942704
31.262368 0.934128
31.286944 0.925552
31.286944 0.941552
31.31152 0.932976
31.31152 0.948976
31.336096 0.940400
31.360672 0.931824
31.360672 0.947824
31.385248 0.939248
31.409824 0.930672
31.409824 0.946672
31.4344 0.938096
31.458976 0.929520
31.458976 0.945520
31.483552 0.936944
31.508128 0.928368
31.508128 0.944368
31.532704 0.935792
31.55728 0.927216
31.55728 0.943216
31.581856 0.934640
31.606432 0.926064
31.606432 0.942064
31.631008 0.933488
31.631008 0.949488
31.655584 0.940912
31.68016 0.932336
31.68016 0.948336
31.704736 0.939760
31.729312 0.931184
31.729312 0.947184
31.753888 0.938608
31.778464 0.930032
31.778464 0.946032
31.80304 0.937456
31.827616 0.928880
31.827616 0.944880
31.852192 0.936304
31.876768 0.927728
31.876768 0.943728
31.901344 0.935152
31.92592 0.926576
31.92592 0.942576
31.950496 0.934000
31.950496 0.950000
31.975072 0.941424
31.999648 0.932848
31.999648 0.948848
32.024224 0.940272
32.0488 0.931696
32.0488 0.947696
32.073376 0.939120
32.097952 0.930544
32.097952 0.946544
32.122528 0.937968
32.147104 0.929392
32.147104 0.945392
32.17168 0.936816
32.196256 0.928240
32.196256 0.944240
32.220832 0.935664
32.245408 0.927088
32.245408 0.943088
32.269984 0.934512
32.29456 0.925936
32.29456 0.941936
32.319136 0.933360
32.319136 0.949360
32.343712 0.940784
32.368288 0.932208
32.368288 0.948208
32.392864 0.939632
32.41744 0.931056
32.41744 0.947056
32.442016 0.938480
32.466592 0.929904
32.466592 0.945904
32.491168 0.937328
32.515744 0.928752
32.515744 0.944752
32.54032 0.936176
32.564896 0.927600
32.564896 0.943600
32.589472 0.935024
32.614048 0.926448
32.614048 0.942448
32.638624 0.933872
32.638624 0.949872
32.6632 0.941296
32.687776 0.932720
32.687776 0.948720
32.712352 0.940144
32.736928 0.931568
32.736928 0.947568
32.761504 0.938992
32.78608 0.930416
32.78608 0.946416
32.810656 0.937840
32.835232 0.929264
32.835232 0.945264
32.859808 0.936688
32.884384 0.928112
32.884384 0.944112
32.90896 0.935536
32.933536 0.926960
32.933536 0.942960
32.958112 0.934384
32.982688 0.925808
32.982688 0.941808
33.007264 0.933232
33.007264 0.949232
33.03184 0.940656
33.056416 0.932080
33.056416 0.948080
33.080992 0.939504
33.105568 0.930928
33.105568 0.946928
33.130144 0.938352
33.15472 0.929776
33.15472 0.945776
33.179296 0.937200
33.203872 0.928624
33.203872 0.944624
33.228448 0.936048
33.253024 0.927472
33.253024 0.943472
33.2776 0.934896
33.302176 0.926320
33.302176 0.942320
33.326752 0.933744
33.326752 0.949744
33.351328 0.941168
33.375904 0.932592
33.375904 0.948592
33.40048 0.940016
33.425056 0.931440
33.425056 0.947440
33.449632 0.938864
33.474208 0.930288
33.474208 0.946288
33.498784 0.937712
33.52336 0.929136
33.52336 0.945136
33.547936 0.936560
33.572512 0.927984
33.572512 0.943984
33.597088 0.935408
33.621664 0.926832
33.621664 0.942832
33.64624 0.934256
33.670816 0.925680
33.670816 0.941680
33.695392 0.933104
33.695392 0.949104
33.719968 0.940528
33.744544 0.931952
33.744544 0.947952
33.76912 0.939376
33.793696 0.930800
33.793696 0.946800
33.818272 0.938224
33.842848 0.929648
33.842848 0.945648
33.867424 0.937072
33.892 0.928496
33.892 0.944496
33.916576 0.935920
33.941152 0.927344
33.941152 0.943344
33.965728 0.934768
33.990304 0.926192
33.990304 0.942192
34.01488 0.933616
34.01488 0.949616
34.039456 0.941040
34.064032 0.932464
34.064032 0.948464
34.088608 0.939888
34.113184 0.931312
34.113184 0.947312
34.13776 0.938736
34.162336 0.930160
34.162336 0.946160
34.186912 0.937584
34.211488 0.929008
34.211488 0.945008
34.236064 0.936432
34.26064 0.927856
34.26064 0.943856
34.285216 0.935280
34.309792 0.926704
34.309792 0.942704
34.334368 0.934128
34.358944 0.925552
34.358944 0.941552
34.38352 0.932976
34.38352 0.948976
34.408096 0.940400
34.432672 0.931824
34.432672 0.947824
34.457248 0.939248
34.481824 0.930672
34.481824 0.946672
34.5064 0.938096
34.530976 0.929520
34.530976 0.945520
34.555552 0.936944
34.580128 0.928368
34.580128 0.944368
34.604704 0.935792
34.62928 0.927216
34.62928 0.943216
34.653856 0.934640
34.678432 0.926064
34.678432 0.942064
34.703008 0.933488
34.703008 0.949488
34.727584 0.940912
34.75216 0.932336
34.75216 0.948336
34.776736 0.939760
34.801312 0.931184
34.801312 0.947184
34.825888 0.938608
34.850464 0.930032
34.850464 0.946032
34.87504 0.937456
34.899616 0.928880
34.899616 0.944880
34.924192 0.936304
34.948768 0.927728
34.948768 0.943728
34.973344 0.935152
34.99792 0.926576
34.99792 0.942576
35.022496 0.934000
35.022496 0.950000
35.047072 0.941424
35.071648 0.932848
35.071648 0.948848
35.096224 0.940272
35.1208 0.931696
35.1208 0.947696
35.145376 0.939120
35.169952 0.930544
35.169952 0.946544
35.194528 0.937968
35.219104 0.929392
35.219104 0.945392
35.24368 0.936816
35.268256 0.928240
35.268256 0.944240
35.292832 0.935664
35.317408 0.927088
35.317408 0.943088
35.341984 0.934512
35.36656 0.925936
35.36656 0.941936
35.391136 0.933360
35.391136 0.949360
35.415712 0.940784
35.440288 0.932208
35.440288 0.948208
35.464864 0.939632
35.48944 0.931056
35.48944 0.947056
35.514016 0.938480
35.538592 0.929904
35.538592 0.945904
35.563168 0.937328
35.587744 0.928752
35.587744 0.944752
35.61232 0.936176
35.636896 0.927600
35.636896 0.943600
35.661472 0.935024
35.686048 0.926448
35.686048 0.942448
35.710624 0.933872
35.710624 0.949872
35.7352 0.941296
35.759776 0.932720
35.759776 0.948720
35.784352 0.940144
35.808928 0.931568
35.808928 0.947568
35.833504 0.938992
35.85808 0.930416
35.85808 0.946416
35.882656 0.937840
35.907232 0.929264
35.907232 0.945264
35.931808 0.936688
35.956384 0.928112
35.956384 0.944112
35.98096 0.935536
36.005536 0.926960
36.005536 0.942960
36.030112 0.934384
36.054688 0.925808
36.054688 0.941808
36.079264 0.933232
36.079264 0.949232
36.10384 0.940656
36.128416 0.932080
36.128416 0.948080
36.152992 0.939504
36.177568 0.930928
36.177568 0.946928
36.202144 0.938352
36.22672 0.929776
36.22672 0.945776
36.251296 0.937200
36.275872 0.928624
36.275872 0.944624
36.300448 0.936048
36.325024 0.927472
36.325024 0.943472
36.3496 0.934896
36.374176 0.926320
36.374176 0.942320
36.398752 0.933744
36.398752 0.949744
36.423328 0.941168
36.447904 0.932592
36.447904 0.948592
36.47248 0.940016
36.497056 0.931440
36.497056 0.947440
36.521632 0.938864
36.546208 0.930288
36.546208 0.946288
36.570784 0.937712
36.59536 0.929136
36.59536 0.945136
36.619936 0.936560
36.644512 0.927984
36.644512 0.943984
36.669088 0.935408
36.693664 0.926832
36.693664 0.942832
36.71824 0.934256
36.742816 0.925680
36.742816 0.941680
36.767392 0.933104
36.767392 0.949104
36.791968 0.940528
36.816544 0.931952
36.816544 0.947952
36.84112 0.939376
36.865696 0.930800
36.865696 0.946800
36.890272 0.938224
36.914848 0.929648
36.914848 0.945648
36.939424 0.937072
36.964 0.928496
36.964 0.944496
36.988576 0.935920
37.013152 0.927344
37.013152 0.943344
37.037728 0.934768
37.062304 0.926192
37.062304 0.942192
37.08688 0.933616
37.08688 0.949616
37.111456 0.941040
37.136032 0.932464
37.136032 0.948464
37.160608 0.939888
37.185184 0.931312
37.185184 0.947312
37.20976 0.938736
37.234336 0.930160
37.234336 0.946160
37.258912 0.937584
37.283488 0.929008
37.283488 0.945008
37.308064 0.936432
37.33264 0.927856
37.33264 0.943856
37.357216 0.935280
37.381792 0.926704
37.381792 0.942704
37.406368 0.934128
37.430944 0.925552
37.430944 0.941552
37.45552 0.932976
37.45552 0.948976
37.480096 0.940400
37.504672 0.931824
37.504672 0.947824
37.529248 0.939248
37.553824 0.930672
37.553824 0.946672
37.5784 0.938096
37.602976 0.929520
37.602976 0.945520
37.627552 0.936944
37.652128 0.928368
37.652128 0.944368
37.676704 0.935792
37.70128 0.927216
37.70128 0.943216
37.725856 0.934640
37.750432 0.926064
37.750432 0.942064
37.775008 0.933488
37.775008 0.949488
37.799584 0.940912
37.82416 0.932336
37.82416 0.948336
37.848736 0.939760
37.873312 0.931184
37.873312 0.947184
37.897888 0.938608
37.922464 0.930032
37.922464 0.946032
37.94704 0.937456
37.971616 0.928880
37.971616 0.944880
37.996192 0.936304
38.020768 0.927728
38.020768 0.943728
38.045344 0.935152
38.06992 0.926576
38.06992 0.942576
38.094496 0.934000
38.094496 0.950000
38.119072 0.941424
38.143648 0.932848
38.143648 0.948848
38.168224 0.940272
38.1928 0.931696
38.1928 0.947696
38.217376 0.939120
38.241952 0.930544
38.241952 0.946544
38.266528 0.937968
38.291104 0.929392
38.291104 0.945392
38.31568 0.936816
38.340256 0.928240
38.340256 0.944240
38.364832 0.935664
38.389408 0.927088
38.389408 0.943088
38.413984 0.934512
38.43856 0.925936
38.43856 0.941936
38.463136 0.933360
38.463136 0.949360
38.487712 0.940784
38.512288 0.932208
38.512288 0.948208
38.536864 0.939632
38.56144 0.931056
38.56144 0.947056
38.586016 0.938480
38.610592 0.929904
38.610592 0.945904
38.635168 0.937328
38.659744 0.928752
38.659744 0.944752
38.68432 0.936176
38.708896 0.927600
38.708896 0.943600
38.733472 0.935024
38.758048 0.926448
38.758048 0.942448
38.782624 0.933872
38.782624 0.949872
38.8072 0.941296
38.831776 0.932720
38.831776 0.948720
38.856352 0.940144
38.880928 0.931568
38.880928 0.947568
38.905504 0.938992
38.93008 0.930416
38.93008 0.946416
38.954656 0.937840
38.979232 0.929264
38.979232 0.945264
39.003808 0.936688
39.028384 0.928112
39.028384 0.944112
39.05296 0.935536
39.077536 0.926960
39.077536 0.942960
39.102112 0.934384
39.126688 0.925808
39.126688 0.941808
39.151264 0.933232
39.151264 0.949232
39.17584 0.940656
39.200416 0.932080
39.200416 0.948080
39.224992 0.939504
39.249568 0.930928
39.249568 0.946928
39.274144 0.938352
39.29872 0.929776
39.29872 0.945776
39.323296 0.937200
39.347872 0.928624
39.347872 0.944624
39.372448 0.936048
39.397024 0.927472
39.397024 0.943472
39.4216 0.934896
39.446176 0.926320
39.446176 0.942320
39.470752 0.933744
39.470752 0.949744
39.495328 0.941168
39.519904 0.932592
39.519904 0.948592
39.54448 0.940016
39.569056 0.931440
39.569056 0.947440
39.593632 0.938864
39.618208 0.930288
39.618208 0.946288
39.642784 0.937712
39.66736 0.929136
39.66736 0.945136
39.691936 0.936560
39.716512 0.927984
39.716512 0.943984
39.741088 0.935408
39.765664 0.926832
39.765664 0.942832
39.79024 0.934256
39.814816 0.925680
39.814816 0.941680
39.839392 0.933104
39.839392 0.949104
39.863968 0.940528
39.888544 0.931952
39.888544 0.947952
39.91312 0.939376
39.937696 0.930800
39.937696 0.946800
39.962272 0.938224
39.986848 0.929648
39.986848 0.945648
