0.1 0.103200
0.2032 0.103200
0.3064 0.677920
0.3064 1.255840
0.9364 1.203760
0.98432 0.103200
1.08752 1.630560
1.08752 2.208480
1.56224 0.103200
1.66544 2.208480
2.14016 0.103200
2.24336 2.208480
2.71808 0.103200
2.82128 2.208480
2.92544 2.682240
3.296 0.103200
3.3992 2.786400
3.3992 3.364320
3.87392 0.103200
3.97712 3.364320
4.45184 0.103200
4.55504 3.364320
5.02976 0.103200
5.13296 3.364320
5.13296 3.942240
5.60768 0.103200
5.71088 3.942240
6.1856 0.103200
6.2888 3.942240
6.76352 0.103200
7.34144 0.103200
7.65296 3.156000
7.91936 0.103200
8.02256 3.364320
8.02256 3.942240
8.49728 0.103200
8.60048 3.942240
9.0752 0.103200
9.1784 3.942240
9.65312 0.103200
9.75632 3.942240
9.75632 4.520160
10.23104 0.103200
10.33424 4.520160
10.80896 0.103200
10.91216 4.520160
11.38688 0.103200
11.49008 4.520160
11.9648 0.103200
12.54272 0.103200
13.12064 0.103200
13.69856 0.103200
14.27648 0.103200
14.37968 2.208480
14.8544 0.103200
14.9576 2.208480
15.43232 0.103200
15.53552 2.208480
16.01024 0.103200
16.11344 2.208480
16.58816 0.103200
16.69136 2.208480
17.16608 0.103200
17.26928 2.208480
17.26928 2.786400
17.744 0.103200
17.8472 2.786400
18.32192 0.103200
18.42512 2.786400
18.89984 0.103200
19.00304 2.786400
19.47776 0.103200
19.58096 2.786400
20.05568 0.103200
20.15888 2.786400
20.15888 3.364320
20.6336 0.103200
20.7368 3.364320
21.21152 0.103200
21.31472 3.364320
21.78944 0.103200
21.89264 3.364320
22.36736 0.103200
22.47056 3.364320
22.94528 0.103200
23.04848 3.364320
23.5232 0.103200
23.6264 3.364320
23.6264 3.942240
24.10112 0.103200
24.20432 3.942240
24.67904 0.103200
24.78224 3.942240
25.25696 0.103200
25.36016 3.942240
25.83488 0.103200
25.93808 3.942240
26.4128 0.103200
26.516 3.942240
26.99072 0.103200
27.09392 3.942240
27.56864 0.103200
27.67184 3.942240
28.14656 0.103200
28.24976 3.942240
28.24976 4.520160
28.72448 0.103200
28.82768 4.520160
29.3024 0.103200
29.4056 4.520160
29.88032 0.103200
29.98352 4.520160
30.45824 0.103200
30.56144 4.520160
31.03616 0.103200
31.13936 4.520160
31.61408 0.103200
31.71728 4.520160
32.192 0.103200
32.2952 4.520160
32.76992 0.103200
32.87312 4.520160
32.87312 5.098080
33.34784 0.103200
33.45104 5.098080
33.92576 0.103200
34.02896 5.098080
34.50368 0.103200
34.60688 5.098080
35.0816 0.103200
35.1848 5.098080
35.65952 0.103200
35.76272 5.098080
36.23744 0.103200
36.34064 5.098080
36.81536 0.103200
36.91856 5.098080
37.39328 0.103200
37.49648 5.098080
37.9712 0.103200
38.0744 5.098080
38.54912 0.103200
38.65232 5.098080
38.65232 5.676000
39.12704 0.103200
39.23024 5.676000
39.70496 0.103200
39.80816 5.676000
40.28288 0.103200
40.8608 0.103200
41.43872 0.103200
42.01664 0.103200
42.59456 0.103200
43.17248 0.103200
43.7504 0.103200
44.32832 0.103200
44.90624 0.103200
45.48416 0.103200
