0.1 0.103200
0.2032 0.103200
0.3064 0.144880
0.3064 0.189760
0.45128 0.103200
0.49616 0.103200
0.55448 0.144880
0.55448 0.189760
0.59936 0.189760
0.59936 0.234640
0.69936 0.103200
0.74424 0.103200
0.78912 0.103200
0.80256 0.144880
0.80256 0.189760
0.834 0.103200
0.84744 0.189760
0.84744 0.234640
0.89232 0.234640
0.89232 0.279520
0.9372 0.279520
0.9372 0.324400
0.94744 0.103200
0.99232 0.103200
1.0372 0.103200
1.05064 0.255840
1.05064 0.300720
1.08208 0.103200
1.09552 0.300720
1.09552 0.345600
1.12696 0.103200
1.1404 0.345600
1.1404 0.390480
1.17184 0.103200
1.18528 0.390480
1.18528 0.435360
1.21672 0.103200
1.23016 0.435360
1.23016 0.480240
1.2616 0.103200
1.27504 0.480240
1.27504 0.525120
1.30648 0.103200
1.31992 0.525120
1.31992 0.570000
1.35136 0.103200
1.3648 0.570000
1.3648 0.614880
1.39624 0.103200
1.40968 0.614880
1.40968 0.659760
1.44112 0.103200
1.45456 0.659760
1.45456 0.704640
1.486 0.103200
1.49944 0.704640
1.49944 0.749520
1.53088 0.103200
1.54432 0.749520
1.54432 0.794400
1.57576 0.103200
1.5892 0.794400
1.62064 0.103200
1.63408 0.794400
1.66552 0.103200
1.67896 0.794400
1.7104 0.103200
1.72384 0.794400
1.75528 0.103200
1.76872 0.794400
1.80016 0.103200
1.8136 0.794400
1.84504 0.103200
1.85848 0.794400
1.88992 0.103200
1.90336 0.794400
1.9348 0.103200
1.94824 0.794400
1.97968 0.103200
1.99312 0.794400
2.02456 0.103200
2.038 0.794400
2.06944 0.103200
2.08288 0.794400
2.11432 0.103200
2.12776 0.794400
2.1592 0.103200
2.17264 0.794400
2.20408 0.103200
2.21752 0.794400
2.24896 0.103200
2.2624 0.794400
2.29384 0.103200
2.30728 0.794400
2.33872 0.103200
2.35216 0.794400
2.3836 0.103200
2.39704 0.794400
2.42848 0.103200
2.44192 0.794400
2.47336 0.103200
2.4868 0.794400
2.51824 0.103200
2.53168 0.794400
2.56312 0.103200
2.57656 0.794400
2.608 0.103200
2.62144 0.794400
2.65288 0.103200
2.66632 0.794400
2.69776 0.103200
2.7112 0.794400
2.74264 0.103200
2.75608 0.794400
2.78752 0.103200
2.80096 0.794400
2.8324 0.103200
2.84584 0.794400
2.87728 0.103200
2.89072 0.794400
2.92216 0.103200
2.9356 0.794400
2.96704 0.103200
2.98048 0.794400
3.01192 0.103200
3.02536 0.794400
3.0568 0.103200
3.07024 0.794400
3.10168 0.103200
3.11512 0.794400
3.14656 0.103200
3.16 0.794400
3.19144 0.103200
3.20488 0.794400
3.23632 0.103200
3.24976 0.794400
3.2812 0.103200
3.29464 0.794400
3.32608 0.103200
3.33952 0.794400
3.37096 0.103200
3.3844 0.794400
3.41584 0.103200
3.42928 0.794400
3.46072 0.103200
3.47416 0.794400
3.5056 0.103200
3.51904 0.794400
3.55048 0.103200
3.56392 0.794400
3.59536 0.103200
3.6088 0.794400
3.64024 0.103200
3.65368 0.794400
3.68512 0.103200
3.69856 0.794400
3.73 0.103200
3.74344 0.794400
3.77488 0.103200
3.78832 0.794400
3.81976 0.103200
3.8332 0.794400
3.86464 0.103200
3.87808 0.794400
3.90952 0.103200
3.92296 0.794400
3.9544 0.103200
3.96784 0.794400
3.99928 0.103200
4.01272 0.794400
4.04416 0.103200
4.0576 0.794400
4.08904 0.103200
4.10248 0.794400
4.13392 0.103200
4.14736 0.794400
4.1788 0.103200
4.19224 0.794400
4.22368 0.103200
4.23712 0.794400
4.26856 0.103200
4.282 0.794400
4.31344 0.103200
4.32688 0.794400
4.35832 0.103200
4.37176 0.794400
4.4032 0.103200
4.41664 0.794400
4.44808 0.103200
4.46152 0.794400
4.49296 0.103200
4.5064 0.794400
4.53784 0.103200
4.55128 0.794400
4.58272 0.103200
4.59616 0.794400
4.6276 0.103200
4.64104 0.794400
4.67248 0.103200
4.68592 0.794400
4.71736 0.103200
4.7308 0.794400
4.76224 0.103200
4.77568 0.794400
4.80712 0.103200
4.82056 0.794400
4.852 0.103200
4.86544 0.794400
4.89688 0.103200
4.91032 0.794400
4.94176 0.103200
4.9552 0.794400
4.98664 0.103200
5.00008 0.794400
5.03152 0.103200
5.04496 0.794400
5.0764 0.103200
5.08984 0.794400
5.12128 0.103200
5.13472 0.794400
5.16616 0.103200
5.1796 0.794400
5.21104 0.103200
5.22448 0.794400
5.25592 0.103200
5.26936 0.794400
5.3008 0.103200
5.31424 0.794400
5.34568 0.103200
5.35912 0.794400
5.39056 0.103200
5.404 0.794400
5.43544 0.103200
5.44888 0.794400
5.48032 0.103200
5.49376 0.794400
5.5252 0.103200
5.53864 0.794400
5.57008 0.103200
5.58352 0.794400
5.61496 0.103200
5.6284 0.794400
5.65984 0.103200
5.67328 0.794400
5.70472 0.103200
5.71816 0.794400
5.7496 0.103200
5.76304 0.794400
5.79448 0.103200
5.80792 0.794400
5.83936 0.103200
5.8528 0.794400
5.88424 0.103200
5.89768 0.794400
5.92912 0.103200
5.94256 0.794400
5.974 0.103200
5.98744 0.794400
6.01888 0.103200
6.03232 0.794400
6.06376 0.103200
6.0772 0.794400
6.10864 0.103200
6.12208 0.794400
6.15352 0.103200
6.16696 0.794400
6.1984 0.103200
6.21184 0.794400
6.24328 0.103200
6.25672 0.794400
6.28816 0.103200
6.3016 0.794400
6.33304 0.103200
6.34648 0.794400
6.37792 0.103200
6.39136 0.794400
6.4228 0.103200
6.43624 0.794400
6.46768 0.103200
6.48112 0.794400
6.51256 0.103200
6.526 0.794400
6.55744 0.103200
6.57088 0.794400
6.60232 0.103200
6.61576 0.794400
6.6472 0.103200
6.66064 0.794400
6.69208 0.103200
6.70552 0.794400
6.73696 0.103200
6.7504 0.794400
6.78184 0.103200
6.79528 0.794400
6.82672 0.103200
6.84016 0.794400
6.8716 0.103200
6.88504 0.794400
6.91648 0.103200
6.92992 0.794400
6.96136 0.103200
6.9748 0.794400
7.00624 0.103200
7.01968 0.794400
7.05112 0.103200
7.06456 0.794400
7.096 0.103200
7.10944 0.794400
7.14088 0.103200
7.15432 0.794400
7.18576 0.103200
7.1992 0.794400
7.23064 0.103200
7.24408 0.794400
7.27552 0.103200
7.28896 0.794400
7.3204 0.103200
7.33384 0.794400
7.36528 0.103200
7.37872 0.794400
7.41016 0.103200
7.4236 0.794400
7.45504 0.103200
7.46848 0.794400
7.49992 0.103200
7.51336 0.794400
7.5448 0.103200
7.55824 0.794400
7.58968 0.103200
7.60312 0.794400
7.63456 0.103200
7.648 0.794400
7.67944 0.103200
7.69288 0.794400
7.72432 0.103200
7.73776 0.794400
7.7692 0.103200
7.78264 0.794400
7.81408 0.103200
7.82752 0.794400
7.85896 0.103200
7.8724 0.794400
7.90384 0.103200
7.91728 0.794400
7.94872 0.103200
7.96216 0.794400
7.9936 0.103200
8.00704 0.794400
8.03848 0.103200
8.05192 0.794400
8.08336 0.103200
8.0968 0.794400
8.12824 0.103200
8.14168 0.794400
8.17312 0.103200
8.18656 0.794400
8.218 0.103200
8.23144 0.794400
8.26288 0.103200
8.27632 0.794400
8.30776 0.103200
8.3212 0.794400
8.35264 0.103200
8.36608 0.794400
8.39752 0.103200
8.41096 0.794400
8.4424 0.103200
8.45584 0.794400
8.48728 0.103200
8.50072 0.794400
8.53216 0.103200
8.5456 0.794400
8.57704 0.103200
8.59048 0.794400
8.62192 0.103200
8.63536 0.794400
8.6668 0.103200
8.68024 0.794400
8.71168 0.103200
8.72512 0.794400
8.75656 0.103200
8.77 0.794400
8.80144 0.103200
8.81488 0.794400
8.84632 0.103200
8.85976 0.794400
8.8912 0.103200
8.90464 0.794400
8.93608 0.103200
8.94952 0.794400
8.98096 0.103200
8.9944 0.794400
9.02584 0.103200
9.03928 0.794400
9.07072 0.103200
9.08416 0.794400
9.1156 0.103200
9.12904 0.794400
9.16048 0.103200
9.17392 0.794400
9.20536 0.103200
9.2188 0.794400
9.25024 0.103200
9.26368 0.794400
9.29512 0.103200
9.30856 0.794400
9.34 0.103200
9.35344 0.794400
9.38488 0.103200
9.39832 0.794400
9.42976 0.103200
9.4432 0.794400
9.47464 0.103200
9.48808 0.794400
9.51952 0.103200
9.53296 0.794400
9.5644 0.103200
9.57784 0.794400
9.60928 0.103200
9.62272 0.794400
9.65416 0.103200
9.6676 0.794400
9.69904 0.103200
9.71248 0.794400
9.74392 0.103200
9.75736 0.794400
9.7888 0.103200
9.80224 0.794400
9.83368 0.103200
9.84712 0.794400
9.87856 0.103200
9.892 0.794400
9.92344 0.103200
9.93688 0.794400
9.96832 0.103200
9.98176 0.794400
10.0132 0.103200
10.02664 0.794400
10.05808 0.103200
10.07152 0.794400
10.10296 0.103200
10.1164 0.794400
10.14784 0.103200
10.16128 0.794400
10.19272 0.103200
10.20616 0.794400
10.2376 0.103200
10.25104 0.794400
10.28248 0.103200
10.29592 0.794400
10.32736 0.103200
10.3408 0.794400
10.37224 0.103200
10.38568 0.794400
10.41712 0.103200
10.43056 0.794400
10.462 0.103200
10.47544 0.794400
10.50688 0.103200
10.52032 0.794400
10.55176 0.103200
10.5652 0.794400
10.59664 0.103200
10.61008 0.794400
10.64152 0.103200
10.65496 0.794400
10.6864 0.103200
10.69984 0.794400
10.73128 0.103200
10.74472 0.794400
10.77616 0.103200
10.7896 0.794400
10.82104 0.103200
10.83448 0.794400
10.86592 0.103200
10.87936 0.794400
10.9108 0.103200
10.92424 0.794400
10.95568 0.103200
10.96912 0.794400
11.00056 0.103200
11.014 0.794400
11.04544 0.103200
11.05888 0.794400
11.09032 0.103200
11.10376 0.794400
11.1352 0.103200
11.14864 0.794400
11.18008 0.103200
11.19352 0.794400
11.22496 0.103200
11.2384 0.794400
11.26984 0.103200
11.28328 0.794400
11.31472 0.103200
11.32816 0.794400
11.3596 0.103200
11.37304 0.794400
11.40448 0.103200
11.41792 0.794400
11.44936 0.103200
11.4628 0.794400
11.49424 0.103200
11.50768 0.794400
11.53912 0.103200
11.55256 0.794400
11.584 0.103200
11.59744 0.794400
11.62888 0.103200
11.64232 0.794400
11.67376 0.103200
11.6872 0.794400
11.71864 0.103200
11.73208 0.794400
11.76352 0.103200
11.77696 0.794400
11.8084 0.103200
11.82184 0.794400
11.85328 0.103200
11.86672 0.794400
11.89816 0.103200
11.9116 0.794400
11.94304 0.103200
11.95648 0.794400
11.98792 0.103200
12.00136 0.794400
12.0328 0.103200
12.04624 0.794400
12.07768 0.103200
12.09112 0.794400
12.12256 0.103200
12.136 0.794400
12.16744 0.103200
12.18088 0.794400
12.21232 0.103200
12.22576 0.794400
12.2572 0.103200
12.27064 0.794400
12.30208 0.103200
12.31552 0.794400
12.34696 0.103200
12.3604 0.794400
12.39184 0.103200
12.40528 0.794400
12.43672 0.103200
12.45016 0.794400
12.4816 0.103200
12.49504 0.794400
12.52648 0.103200
12.53992 0.794400
12.57136 0.103200
12.5848 0.794400
12.61624 0.103200
12.62968 0.794400
12.66112 0.103200
12.67456 0.794400
12.706 0.103200
12.71944 0.794400
12.75088 0.103200
12.76432 0.794400
12.79576 0.103200
12.8092 0.794400
12.84064 0.103200
12.85408 0.794400
12.88552 0.103200
12.89896 0.794400
12.9304 0.103200
12.94384 0.794400
12.97528 0.103200
12.98872 0.794400
13.02016 0.103200
13.0336 0.794400
13.06504 0.103200
13.07848 0.794400
13.10992 0.103200
13.12336 0.794400
13.1548 0.103200
13.16824 0.794400
13.19968 0.103200
13.21312 0.794400
13.24456 0.103200
13.258 0.794400
13.28944 0.103200
13.30288 0.794400
13.33432 0.103200
13.34776 0.794400
13.3792 0.103200
13.39264 0.794400
13.42408 0.103200
13.43752 0.794400
13.46896 0.103200
13.4824 0.794400
13.51384 0.103200
13.52728 0.794400
13.55872 0.103200
13.57216 0.794400
13.6036 0.103200
13.61704 0.794400
13.64848 0.103200
13.66192 0.794400
13.69336 0.103200
13.7068 0.794400
13.73824 0.103200
13.75168 0.794400
13.78312 0.103200
13.79656 0.794400
13.828 0.103200
13.84144 0.794400
13.87288 0.103200
13.88632 0.794400
13.91776 0.103200
13.9312 0.794400
13.96264 0.103200
13.97608 0.794400
14.00752 0.103200
14.02096 0.794400
14.0524 0.103200
14.06584 0.794400
14.09728 0.103200
14.11072 0.794400
14.14216 0.103200
14.1556 0.794400
14.18704 0.103200
14.20048 0.794400
14.23192 0.103200
14.24536 0.794400
14.2768 0.103200
14.29024 0.794400
14.32168 0.103200
14.33512 0.794400
14.36656 0.103200
14.38 0.794400
14.41144 0.103200
14.42488 0.794400
14.45632 0.103200
14.46976 0.794400
14.5012 0.103200
14.51464 0.794400
14.54608 0.103200
14.55952 0.794400
14.59096 0.103200
14.6044 0.794400
14.63584 0.103200
14.64928 0.794400
14.68072 0.103200
14.69416 0.794400
14.7256 0.103200
14.73904 0.794400
14.77048 0.103200
14.78392 0.794400
14.81536 0.103200
14.8288 0.794400
14.86024 0.103200
14.87368 0.794400
14.90512 0.103200
14.91856 0.794400
14.95 0.103200
14.96344 0.794400
14.99488 0.103200
15.00832 0.794400
15.03976 0.103200
15.0532 0.794400
15.08464 0.103200
15.09808 0.794400
15.12952 0.103200
15.14296 0.794400
15.1744 0.103200
15.18784 0.794400
15.21928 0.103200
15.23272 0.794400
15.26416 0.103200
15.2776 0.794400
15.30904 0.103200
15.32248 0.794400
15.35392 0.103200
15.36736 0.794400
15.3988 0.103200
15.41224 0.794400
15.44368 0.103200
15.45712 0.794400
15.48856 0.103200
15.502 0.794400
15.53344 0.103200
15.54688 0.794400
15.57832 0.103200
15.59176 0.794400
15.6232 0.103200
15.63664 0.794400
15.66808 0.103200
15.68152 0.794400
15.71296 0.103200
15.7264 0.794400
15.75784 0.103200
15.77128 0.794400
15.80272 0.103200
15.81616 0.794400
15.8476 0.103200
15.86104 0.794400
15.89248 0.103200
15.90592 0.794400
15.93736 0.103200
15.9508 0.794400
15.98224 0.103200
15.99568 0.794400
16.02712 0.103200
16.04056 0.794400
16.072 0.103200
16.08544 0.794400
16.11688 0.103200
16.13032 0.794400
16.16176 0.103200
16.1752 0.794400
16.20664 0.103200
16.22008 0.794400
16.25152 0.103200
16.26496 0.794400
16.2964 0.103200
16.30984 0.794400
16.34128 0.103200
16.35472 0.794400
16.38616 0.103200
16.3996 0.794400
16.43104 0.103200
16.44448 0.794400
16.47592 0.103200
16.48936 0.794400
16.5208 0.103200
16.53424 0.794400
16.56568 0.103200
16.57912 0.794400
16.61056 0.103200
16.624 0.794400
16.65544 0.103200
16.66888 0.794400
16.70032 0.103200
16.71376 0.794400
16.7452 0.103200
16.75864 0.794400
16.79008 0.103200
16.80352 0.794400
16.83496 0.103200
16.8484 0.794400
16.87984 0.103200
16.89328 0.794400
16.92472 0.103200
16.93816 0.794400
16.9696 0.103200
16.98304 0.794400
17.01448 0.103200
17.02792 0.794400
17.05936 0.103200
17.0728 0.794400
17.10424 0.103200
17.11768 0.794400
17.14912 0.103200
17.16256 0.794400
17.194 0.103200
17.20744 0.794400
17.23888 0.103200
17.25232 0.794400
17.28376 0.103200
17.2972 0.794400
17.32864 0.103200
17.34208 0.794400
17.37352 0.103200
17.38696 0.794400
17.4184 0.103200
17.43184 0.794400
17.46328 0.103200
17.47672 0.794400
17.50816 0.103200
17.5216 0.794400
17.55304 0.103200
17.56648 0.794400
17.59792 0.103200
17.61136 0.794400
17.6428 0.103200
17.65624 0.794400
17.68768 0.103200
17.70112 0.794400
17.73256 0.103200
17.746 0.794400
17.77744 0.103200
17.79088 0.794400
17.82232 0.103200
17.83576 0.794400
17.8672 0.103200
17.88064 0.794400
17.91208 0.103200
17.92552 0.794400
17.95696 0.103200
17.9704 0.794400
18.00184 0.103200
18.01528 0.794400
18.04672 0.103200
18.06016 0.794400
18.0916 0.103200
18.10504 0.794400
18.13648 0.103200
18.14992 0.794400
18.18136 0.103200
18.1948 0.794400
18.22624 0.103200
18.23968 0.794400
18.27112 0.103200
18.28456 0.794400
18.316 0.103200
18.32944 0.794400
18.36088 0.103200
18.37432 0.794400
18.40576 0.103200
18.4192 0.794400
18.45064 0.103200
18.46408 0.794400
18.49552 0.103200
18.50896 0.794400
18.5404 0.103200
18.55384 0.794400
18.58528 0.103200
18.59872 0.794400
18.63016 0.103200
18.6436 0.794400
18.67504 0.103200
18.68848 0.794400
18.71992 0.103200
18.73336 0.794400
18.7648 0.103200
18.77824 0.794400
18.80968 0.103200
18.82312 0.794400
18.85456 0.103200
18.868 0.794400
18.89944 0.103200
18.91288 0.794400
18.94432 0.103200
18.95776 0.794400
18.9892 0.103200
19.00264 0.794400
19.03408 0.103200
19.04752 0.794400
19.07896 0.103200
19.0924 0.794400
19.12384 0.103200
19.13728 0.794400
19.16872 0.103200
19.18216 0.794400
19.2136 0.103200
19.22704 0.794400
19.25848 0.103200
19.27192 0.794400
19.30336 0.103200
19.3168 0.794400
19.34824 0.103200
19.36168 0.794400
19.39312 0.103200
19.40656 0.794400
19.438 0.103200
19.45144 0.794400
19.48288 0.103200
19.49632 0.794400
19.52776 0.103200
19.5412 0.794400
19.57264 0.103200
19.58608 0.794400
19.61752 0.103200
19.63096 0.794400
19.6624 0.103200
19.67584 0.794400
19.70728 0.103200
19.72072 0.794400
19.75216 0.103200
19.7656 0.794400
19.79704 0.103200
19.81048 0.794400
19.84192 0.103200
19.85536 0.794400
19.8868 0.103200
19.90024 0.794400
19.93168 0.103200
19.94512 0.794400
19.97656 0.103200
19.99 0.794400
20.02144 0.103200
20.03488 0.794400
20.06632 0.103200
20.07976 0.794400
20.1112 0.103200
20.12464 0.794400
20.15608 0.103200
20.16952 0.794400
20.20096 0.103200
20.2144 0.794400
20.24584 0.103200
20.25928 0.794400
20.29072 0.103200
20.30416 0.794400
20.3356 0.103200
20.34904 0.794400
20.38048 0.103200
20.39392 0.794400
20.42536 0.103200
20.4388 0.794400
20.47024 0.103200
20.48368 0.794400
20.51512 0.103200
20.52856 0.794400
20.56 0.103200
20.57344 0.794400
20.60488 0.103200
20.61832 0.794400
20.64976 0.103200
20.6632 0.794400
20.69464 0.103200
20.70808 0.794400
20.73952 0.103200
20.75296 0.794400
20.7844 0.103200
20.79784 0.794400
20.82928 0.103200
20.84272 0.794400
20.87416 0.103200
20.8876 0.794400
20.91904 0.103200
20.93248 0.794400
20.96392 0.103200
20.97736 0.794400
21.0088 0.103200
21.02224 0.794400
21.05368 0.103200
21.06712 0.794400
21.09856 0.103200
21.112 0.794400
21.14344 0.103200
21.15688 0.794400
21.18832 0.103200
21.20176 0.794400
21.2332 0.103200
21.24664 0.794400
21.27808 0.103200
21.29152 0.794400
21.32296 0.103200
21.3364 0.794400
21.36784 0.103200
21.38128 0.794400
21.41272 0.103200
21.42616 0.794400
21.4576 0.103200
21.47104 0.794400
21.50248 0.103200
21.51592 0.794400
21.54736 0.103200
21.5608 0.794400
21.59224 0.103200
21.60568 0.794400
21.63712 0.103200
21.65056 0.794400
21.682 0.103200
21.69544 0.794400
21.72688 0.103200
21.74032 0.794400
21.77176 0.103200
21.7852 0.794400
21.81664 0.103200
21.83008 0.794400
21.86152 0.103200
21.87496 0.794400
21.9064 0.103200
21.91984 0.794400
21.95128 0.103200
21.96472 0.794400
21.99616 0.103200
22.0096 0.794400
22.04104 0.103200
22.05448 0.794400
22.08592 0.103200
22.09936 0.794400
22.1308 0.103200
22.14424 0.794400
22.17568 0.103200
22.18912 0.794400
22.22056 0.103200
22.234 0.794400
22.26544 0.103200
22.27888 0.794400
22.31032 0.103200
22.32376 0.794400
22.3552 0.103200
22.36864 0.794400
22.40008 0.103200
22.41352 0.794400
22.44496 0.103200
22.4584 0.794400
22.48984 0.103200
22.50328 0.794400
22.53472 0.103200
22.54816 0.794400
22.5796 0.103200
22.59304 0.794400
22.62448 0.103200
22.63792 0.794400
22.66936 0.103200
22.6828 0.794400
22.71424 0.103200
22.72768 0.794400
22.75912 0.103200
22.77256 0.794400
22.804 0.103200
22.81744 0.794400
22.84888 0.103200
22.86232 0.794400
22.89376 0.103200
22.9072 0.794400
22.93864 0.103200
22.95208 0.794400
22.98352 0.103200
22.99696 0.794400
23.0284 0.103200
23.04184 0.794400
23.07328 0.103200
23.08672 0.794400
23.11816 0.103200
23.1316 0.794400
23.16304 0.103200
23.17648 0.794400
23.20792 0.103200
23.22136 0.794400
23.2528 0.103200
23.26624 0.794400
23.29768 0.103200
23.31112 0.794400
23.34256 0.103200
23.356 0.794400
23.38744 0.103200
23.40088 0.794400
23.43232 0.103200
23.44576 0.794400
23.4772 0.103200
23.49064 0.794400
23.52208 0.103200
23.53552 0.794400
23.56696 0.103200
23.5804 0.794400
23.61184 0.103200
23.62528 0.794400
23.65672 0.103200
23.67016 0.794400
23.7016 0.103200
23.71504 0.794400
23.74648 0.103200
23.75992 0.794400
23.79136 0.103200
23.8048 0.794400
23.83624 0.103200
23.84968 0.794400
23.88112 0.103200
23.89456 0.794400
23.926 0.103200
23.93944 0.794400
23.97088 0.103200
23.98432 0.794400
24.01576 0.103200
24.0292 0.794400
24.06064 0.103200
24.07408 0.794400
24.10552 0.103200
24.11896 0.794400
24.1504 0.103200
24.16384 0.794400
24.19528 0.103200
24.20872 0.794400
24.24016 0.103200
24.2536 0.794400
24.28504 0.103200
24.29848 0.794400
24.32992 0.103200
24.34336 0.794400
24.3748 0.103200
24.38824 0.794400
24.41968 0.103200
24.43312 0.794400
24.46456 0.103200
24.478 0.794400
24.50944 0.103200
24.52288 0.794400
24.55432 0.103200
24.56776 0.794400
24.5992 0.103200
24.61264 0.794400
24.64408 0.103200
24.65752 0.794400
24.68896 0.103200
24.7024 0.794400
24.73384 0.103200
24.74728 0.794400
24.77872 0.103200
24.79216 0.794400
24.8236 0.103200
24.83704 0.794400
24.86848 0.103200
24.88192 0.794400
24.91336 0.103200
24.9268 0.794400
24.95824 0.103200
24.97168 0.794400
25.00312 0.103200
25.01656 0.794400
25.048 0.103200
25.06144 0.794400
25.09288 0.103200
25.10632 0.794400
25.13776 0.103200
25.1512 0.794400
25.18264 0.103200
25.19608 0.794400
25.22752 0.103200
25.24096 0.794400
25.2724 0.103200
25.28584 0.794400
25.31728 0.103200
25.33072 0.794400
25.36216 0.103200
25.3756 0.794400
25.40704 0.103200
25.42048 0.794400
25.45192 0.103200
25.46536 0.794400
25.4968 0.103200
25.51024 0.794400
25.54168 0.103200
25.55512 0.794400
25.58656 0.103200
25.6 0.794400
25.63144 0.103200
25.64488 0.794400
25.67632 0.103200
25.68976 0.794400
25.7212 0.103200
25.73464 0.794400
25.76608 0.103200
25.77952 0.794400
25.81096 0.103200
25.8244 0.794400
25.85584 0.103200
25.86928 0.794400
25.90072 0.103200
25.91416 0.794400
25.9456 0.103200
25.95904 0.794400
25.99048 0.103200
26.00392 0.794400
26.03536 0.103200
26.0488 0.794400
26.08024 0.103200
26.09368 0.794400
26.12512 0.103200
26.13856 0.794400
26.17 0.103200
26.18344 0.794400
26.21488 0.103200
26.22832 0.794400
26.25976 0.103200
26.2732 0.794400
26.30464 0.103200
26.31808 0.794400
26.34952 0.103200
26.36296 0.794400
26.3944 0.103200
26.40784 0.794400
26.43928 0.103200
26.45272 0.794400
26.48416 0.103200
26.4976 0.794400
26.52904 0.103200
26.54248 0.794400
26.57392 0.103200
26.58736 0.794400
26.6188 0.103200
26.63224 0.794400
26.66368 0.103200
26.67712 0.794400
26.70856 0.103200
26.722 0.794400
26.75344 0.103200
26.76688 0.794400
26.79832 0.103200
26.81176 0.794400
26.8432 0.103200
26.85664 0.794400
26.88808 0.103200
26.90152 0.794400
26.93296 0.103200
26.9464 0.794400
26.97784 0.103200
26.99128 0.794400
27.02272 0.103200
27.03616 0.794400
27.0676 0.103200
27.08104 0.794400
27.11248 0.103200
27.12592 0.794400
27.15736 0.103200
27.1708 0.794400
27.20224 0.103200
27.21568 0.794400
27.24712 0.103200
27.26056 0.794400
27.292 0.103200
27.30544 0.794400
27.33688 0.103200
27.35032 0.794400
27.38176 0.103200
27.3952 0.794400
27.42664 0.103200
27.44008 0.794400
27.47152 0.103200
27.48496 0.794400
27.5164 0.103200
27.52984 0.794400
27.56128 0.103200
27.57472 0.794400
27.60616 0.103200
27.6196 0.794400
27.65104 0.103200
27.66448 0.794400
27.69592 0.103200
27.70936 0.794400
27.7408 0.103200
27.75424 0.794400
27.78568 0.103200
27.79912 0.794400
27.83056 0.103200
27.844 0.794400
27.87544 0.103200
27.88888 0.794400
27.92032 0.103200
27.93376 0.794400
27.9652 0.103200
27.97864 0.794400
28.01008 0.103200
28.02352 0.794400
28.05496 0.103200
28.0684 0.794400
28.09984 0.103200
28.11328 0.794400
28.14472 0.103200
28.15816 0.794400
28.1896 0.103200
28.20304 0.794400
28.23448 0.103200
28.24792 0.794400
28.27936 0.103200
28.2928 0.794400
28.32424 0.103200
28.33768 0.794400
28.36912 0.103200
28.38256 0.794400
28.414 0.103200
28.42744 0.794400
28.45888 0.103200
28.47232 0.794400
28.50376 0.103200
28.5172 0.794400
28.54864 0.103200
28.56208 0.794400
28.59352 0.103200
28.60696 0.794400
28.6384 0.103200
28.65184 0.794400
28.68328 0.103200
28.69672 0.794400
28.72816 0.103200
28.7416 0.794400
28.77304 0.103200
28.78648 0.794400
28.81792 0.103200
28.83136 0.794400
28.8628 0.103200
28.87624 0.794400
28.90768 0.103200
28.92112 0.794400
28.95256 0.103200
28.966 0.794400
28.99744 0.103200
29.01088 0.794400
29.04232 0.103200
29.05576 0.794400
29.0872 0.103200
29.10064 0.794400
29.13208 0.103200
29.14552 0.794400
29.17696 0.103200
29.1904 0.794400
29.22184 0.103200
29.23528 0.794400
29.26672 0.103200
29.28016 0.794400
29.3116 0.103200
29.32504 0.794400
29.35648 0.103200
29.36992 0.794400
29.40136 0.103200
29.4148 0.794400
29.44624 0.103200
29.45968 0.794400
29.49112 0.103200
29.50456 0.794400
29.536 0.103200
29.54944 0.794400
29.58088 0.103200
29.59432 0.794400
29.62576 0.103200
29.6392 0.794400
29.67064 0.103200
29.68408 0.794400
29.71552 0.103200
29.72896 0.794400
29.7604 0.103200
29.77384 0.794400
29.80528 0.103200
29.81872 0.794400
29.85016 0.103200
29.8636 0.794400
29.89504 0.103200
29.90848 0.794400
29.93992 0.103200
29.95336 0.794400
29.9848 0.103200
29.99824 0.794400
30.02968 0.103200
30.04312 0.794400
30.07456 0.103200
30.088 0.794400
30.11944 0.103200
30.13288 0.794400
30.16432 0.103200
30.17776 0.794400
30.2092 0.103200
30.22264 0.794400
30.25408 0.103200
30.26752 0.794400
30.29896 0.103200
30.3124 0.794400
30.34384 0.103200
30.35728 0.794400
30.38872 0.103200
30.40216 0.794400
30.4336 0.103200
30.44704 0.794400
30.47848 0.103200
30.49192 0.794400
30.52336 0.103200
30.5368 0.794400
30.56824 0.103200
30.58168 0.794400
30.61312 0.103200
30.62656 0.794400
30.658 0.103200
30.67144 0.794400
30.70288 0.103200
30.71632 0.794400
30.74776 0.103200
30.7612 0.794400
30.79264 0.103200
30.80608 0.794400
30.83752 0.103200
30.85096 0.794400
30.8824 0.103200
30.89584 0.794400
30.92728 0.103200
30.94072 0.794400
30.97216 0.103200
30.9856 0.794400
31.01704 0.103200
31.03048 0.794400
31.06192 0.103200
31.07536 0.794400
31.1068 0.103200
31.12024 0.794400
31.15168 0.103200
31.16512 0.794400
31.19656 0.103200
31.21 0.794400
31.24144 0.103200
31.25488 0.794400
31.28632 0.103200
31.29976 0.794400
31.3312 0.103200
31.34464 0.794400
31.37608 0.103200
31.38952 0.794400
31.42096 0.103200
31.4344 0.794400
31.46584 0.103200
31.47928 0.794400
31.51072 0.103200
31.52416 0.794400
31.5556 0.103200
31.56904 0.794400
31.60048 0.103200
31.61392 0.794400
31.64536 0.103200
31.6588 0.794400
31.69024 0.103200
31.70368 0.794400
31.73512 0.103200
31.74856 0.794400
31.78 0.103200
31.79344 0.794400
31.82488 0.103200
31.83832 0.794400
31.86976 0.103200
31.8832 0.794400
31.91464 0.103200
31.92808 0.794400
31.95952 0.103200
31.97296 0.794400
32.0044 0.103200
32.01784 0.794400
32.04928 0.103200
32.06272 0.794400
32.09416 0.103200
32.1076 0.794400
32.13904 0.103200
32.15248 0.794400
32.18392 0.103200
32.19736 0.794400
32.2288 0.103200
32.24224 0.794400
32.27368 0.103200
32.28712 0.794400
32.31856 0.103200
32.332 0.794400
32.36344 0.103200
32.37688 0.794400
32.40832 0.103200
32.42176 0.794400
32.4532 0.103200
32.46664 0.794400
32.49808 0.103200
32.51152 0.794400
32.54296 0.103200
32.5564 0.794400
32.58784 0.103200
32.60128 0.794400
32.63272 0.103200
32.64616 0.794400
32.6776 0.103200
32.69104 0.794400
32.72248 0.103200
32.73592 0.794400
32.76736 0.103200
32.7808 0.794400
32.81224 0.103200
32.82568 0.794400
32.85712 0.103200
32.87056 0.794400
32.902 0.103200
32.91544 0.794400
32.94688 0.103200
32.96032 0.794400
32.99176 0.103200
33.0052 0.794400
33.03664 0.103200
33.05008 0.794400
33.08152 0.103200
33.09496 0.794400
33.1264 0.103200
33.13984 0.794400
33.17128 0.103200
33.18472 0.794400
33.21616 0.103200
33.2296 0.794400
33.26104 0.103200
33.27448 0.794400
33.30592 0.103200
33.31936 0.794400
33.3508 0.103200
33.36424 0.794400
33.39568 0.103200
33.40912 0.794400
33.44056 0.103200
33.454 0.794400
33.48544 0.103200
33.49888 0.794400
33.53032 0.103200
33.54376 0.794400
33.5752 0.103200
33.58864 0.794400
33.62008 0.103200
33.63352 0.794400
33.66496 0.103200
33.6784 0.794400
33.70984 0.103200
33.72328 0.794400
33.75472 0.103200
33.76816 0.794400
33.7996 0.103200
33.81304 0.794400
33.84448 0.103200
33.85792 0.794400
33.88936 0.103200
33.9028 0.794400
33.93424 0.103200
33.94768 0.794400
33.97912 0.103200
33.99256 0.794400
34.024 0.103200
34.03744 0.794400
34.06888 0.103200
34.08232 0.794400
34.11376 0.103200
34.1272 0.794400
34.15864 0.103200
34.17208 0.794400
34.20352 0.103200
34.21696 0.794400
34.2484 0.103200
34.26184 0.794400
34.29328 0.103200
34.30672 0.794400
34.33816 0.103200
34.3516 0.794400
34.38304 0.103200
34.39648 0.794400
34.42792 0.103200
34.44136 0.794400
34.4728 0.103200
34.48624 0.794400
34.51768 0.103200
34.53112 0.794400
34.56256 0.103200
34.576 0.794400
34.60744 0.103200
34.62088 0.794400
34.65232 0.103200
34.66576 0.794400
34.6972 0.103200
34.71064 0.794400
34.74208 0.103200
34.75552 0.794400
34.78696 0.103200
34.8004 0.794400
34.83184 0.103200
34.84528 0.794400
34.87672 0.103200
34.89016 0.794400
34.9216 0.103200
34.93504 0.794400
34.96648 0.103200
34.97992 0.794400
35.01136 0.103200
35.0248 0.794400
35.05624 0.103200
35.06968 0.794400
35.10112 0.103200
35.11456 0.794400
35.146 0.103200
35.15944 0.794400
35.19088 0.103200
35.20432 0.794400
35.23576 0.103200
35.2492 0.794400
35.28064 0.103200
35.29408 0.794400
35.32552 0.103200
35.33896 0.794400
35.3704 0.103200
35.38384 0.794400
35.41528 0.103200
35.42872 0.794400
35.46016 0.103200
35.4736 0.794400
35.50504 0.103200
35.51848 0.794400
35.54992 0.103200
35.56336 0.794400
35.5948 0.103200
35.60824 0.794400
35.63968 0.103200
35.65312 0.794400
35.68456 0.103200
35.698 0.794400
35.72944 0.103200
35.74288 0.794400
35.77432 0.103200
35.78776 0.794400
35.8192 0.103200
35.83264 0.794400
35.86408 0.103200
35.87752 0.794400
35.90896 0.103200
35.9224 0.794400
35.95384 0.103200
35.96728 0.794400
35.99872 0.103200
36.01216 0.794400
36.0436 0.103200
36.05704 0.794400
36.08848 0.103200
36.10192 0.794400
36.13336 0.103200
36.1468 0.794400
36.17824 0.103200
36.19168 0.794400
36.22312 0.103200
36.23656 0.794400
36.268 0.103200
36.28144 0.794400
36.31288 0.103200
36.32632 0.794400
36.35776 0.103200
36.3712 0.794400
36.40264 0.103200
36.41608 0.794400
36.44752 0.103200
36.46096 0.794400
36.4924 0.103200
36.50584 0.794400
36.53728 0.103200
36.55072 0.794400
36.58216 0.103200
36.5956 0.794400
36.62704 0.103200
36.64048 0.794400
36.67192 0.103200
36.68536 0.794400
36.7168 0.103200
36.73024 0.794400
36.76168 0.103200
36.77512 0.794400
36.80656 0.103200
36.82 0.794400
36.85144 0.103200
36.86488 0.794400
36.89632 0.103200
36.90976 0.794400
36.9412 0.103200
36.95464 0.794400
36.98608 0.103200
36.99952 0.794400
37.03096 0.103200
37.0444 0.794400
37.07584 0.103200
37.08928 0.794400
37.12072 0.103200
37.13416 0.794400
37.1656 0.103200
37.17904 0.794400
37.21048 0.103200
37.22392 0.794400
37.25536 0.103200
37.2688 0.794400
37.30024 0.103200
37.31368 0.794400
37.34512 0.103200
37.35856 0.794400
37.39 0.103200
37.40344 0.794400
37.43488 0.103200
37.44832 0.794400
37.47976 0.103200
37.4932 0.794400
37.52464 0.103200
37.53808 0.794400
37.56952 0.103200
37.58296 0.794400
37.6144 0.103200
37.62784 0.794400
37.65928 0.103200
37.67272 0.794400
37.70416 0.103200
37.7176 0.794400
37.74904 0.103200
37.76248 0.794400
37.79392 0.103200
37.80736 0.794400
37.8388 0.103200
37.85224 0.794400
37.88368 0.103200
37.89712 0.794400
37.92856 0.103200
37.942 0.794400
37.97344 0.103200
37.98688 0.794400
38.01832 0.103200
38.03176 0.794400
38.0632 0.103200
38.07664 0.794400
38.10808 0.103200
38.12152 0.794400
38.15296 0.103200
38.1664 0.794400
38.19784 0.103200
38.21128 0.794400
38.24272 0.103200
38.25616 0.794400
38.2876 0.103200
38.30104 0.794400
38.33248 0.103200
38.34592 0.794400
38.37736 0.103200
38.3908 0.794400
38.42224 0.103200
38.43568 0.794400
38.46712 0.103200
38.48056 0.794400
38.512 0.103200
38.52544 0.794400
38.55688 0.103200
38.57032 0.794400
38.60176 0.103200
38.6152 0.794400
38.64664 0.103200
38.66008 0.794400
38.69152 0.103200
38.70496 0.794400
38.7364 0.103200
38.74984 0.794400
38.78128 0.103200
38.79472 0.794400
38.82616 0.103200
38.8396 0.794400
38.87104 0.103200
38.88448 0.794400
38.91592 0.103200
38.92936 0.794400
38.9608 0.103200
38.97424 0.794400
39.00568 0.103200
39.01912 0.794400
39.05056 0.103200
39.064 0.794400
39.09544 0.103200
39.10888 0.794400
39.14032 0.103200
39.15376 0.794400
39.1852 0.103200
39.19864 0.794400
39.23008 0.103200
39.24352 0.794400
39.27496 0.103200
39.2884 0.794400
39.31984 0.103200
39.33328 0.794400
39.36472 0.103200
39.37816 0.794400
39.4096 0.103200
39.42304 0.794400
39.45448 0.103200
39.46792 0.794400
39.49936 0.103200
39.5128 0.794400
39.54424 0.103200
39.55768 0.794400
39.58912 0.103200
39.60256 0.794400
39.634 0.103200
39.64744 0.794400
39.67888 0.103200
39.69232 0.794400
39.72376 0.103200
39.7372 0.794400
39.76864 0.103200
39.78208 0.794400
39.81352 0.103200
39.82696 0.794400
39.8584 0.103200
39.87184 0.794400
39.90328 0.103200
39.91672 0.794400
39.94816 0.103200
39.9616 0.794400
39.99304 0.103200
40.03792 0.103200
40.0828 0.103200
40.12768 0.103200
40.17256 0.103200
40.21744 0.103200
40.26232 0.103200
40.3072 0.103200
40.35208 0.103200
40.39696 0.103200
40.44184 0.103200
40.48672 0.103200
40.5316 0.103200
40.57648 0.103200
40.62136 0.103200
40.66624 0.103200
40.71112 0.103200
40.756 0.103200
