0.1 0.166000
0.1 0.182000
0.1 0.198000
0.1 0.214000
0.1 0.230000
0.1 0.231920
0.14096 0.206960
0.14096 0.222960
0.14096 0.238960
0.14096 0.254960
0.14096 0.270960
0.14096 0.272880
0.18192 0.247920
0.18192 0.263920
0.18192 0.279920
0.18192 0.295920
0.18192 0.311920
0.18192 0.313840
0.22288 0.288880
0.22288 0.304880
0.22288 0.320880
0.22288 0.336880
0.22288 0.352880
0.22288 0.354800
0.26384 0.329840
0.26384 0.345840
0.26384 0.361840
0.26384 0.377840
0.26384 0.393840
0.26384 0.395760
0.3048 0.370800
0.3048 0.386800
0.3048 0.402800
0.3048 0.418800
0.3048 0.434800
0.3048 0.436720
0.34576 0.411760
0.34576 0.427760
0.34576 0.443760
0.34576 0.459760
0.34576 0.475760
0.34576 0.477680
0.38672 0.452720
0.38672 0.468720
0.38672 0.484720
0.38672 0.500720
0.38672 0.516720
0.38672 0.518640
0.42768 0.493680
0.42768 0.509680
0.42768 0.525680
0.42768 0.541680
0.42768 0.557680
0.42768 0.559600
0.46864 0.534640
0.46864 0.550640
0.46864 0.566640
0.46864 0.582640
0.46864 0.598640
0.46864 0.600560
0.5096 0.575600
0.5096 0.591600
0.5096 0.607600
0.5096 0.623600
0.5096 0.639600
0.5096 0.641520
0.55056 0.616560
0.55056 0.632560
0.55056 0.648560
0.55056 0.664560
0.55056 0.680560
0.55056 0.682480
0.59152 0.657520
0.59152 0.673520
0.59152 0.689520
0.59152 0.705520
0.59152 0.721520
0.59152 0.723440
0.63248 0.698480
0.63248 0.714480
0.63248 0.730480
0.63248 0.746480
0.63248 0.762480
0.63248 0.764400
0.67344 0.739440
0.67344 0.755440
0.67344 0.771440
0.67344 0.787440
0.67344 0.803440
0.67344 0.805360
0.7144 0.780400
0.7144 0.796400
0.7144 0.812400
0.7144 0.828400
0.75536 0.803440
0.75536 0.819440
0.75536 0.835440
0.79632 0.810480
0.79632 0.826480
0.79632 0.842480
0.83728 0.817520
0.83728 0.833520
0.83728 0.849520
0.87824 0.824560
0.87824 0.840560
0.87824 0.856560
0.9192 0.831600
0.9192 0.847600
0.9192 0.863600
0.96016 0.838640
0.96016 0.854640
0.96016 0.870640
1.00112 0.845680
1.00112 0.861680
1.00112 0.877680
1.04208 0.852720
1.04208 0.868720
1.04208 0.884720
1.08304 0.859760
1.08304 0.875760
1.08304 0.891760
1.124 0.866800
1.124 0.882800
1.124 0.898800
1.16496 0.873840
1.16496 0.889840
1.16496 0.905840
1.20592 0.880880
1.20592 0.896880
1.20592 0.912880
1.24688 0.887920
1.24688 0.903920
1.24688 0.919920
1.28784 0.894960
1.28784 0.910960
1.28784 0.926960
1.3288 0.902000
1.3288 0.918000
1.3288 0.934000
1.36976 0.909040
1.36976 0.925040
1.36976 0.941040
1.41072 0.916080
1.41072 0.932080
1.41072 0.948080
1.45168 0.923120
1.45168 0.939120
1.49264 0.914160
1.49264 0.930160
1.49264 0.946160
1.5336 0.921200
1.5336 0.937200
1.57456 0.912240
1.57456 0.928240
1.57456 0.944240
1.61552 0.919280
1.61552 0.935280
1.65648 0.910320
1.65648 0.926320
1.65648 0.942320
1.69744 0.917360
1.69744 0.933360
1.69744 0.949360
1.7384 0.924400
1.7384 0.940400
1.77936 0.915440
1.77936 0.931440
1.77936 0.947440
1.82032 0.922480
1.82032 0.938480
1.86128 0.913520
1.86128 0.929520
1.86128 0.945520
1.90224 0.920560
1.90224 0.936560
1.9432 0.911600
1.9432 0.927600
1.9432 0.943600
1.98416 0.918640
1.98416 0.934640
2.02512 0.909680
2.02512 0.925680
2.02512 0.941680
2.06608 0.916720
2.06608 0.932720
2.06608 0.948720
2.10704 0.923760
2.10704 0.939760
2.148 0.914800
2.148 0.930800
2.148 0.946800
2.18896 0.921840
2.18896 0.937840
2.22992 0.912880
2.22992 0.928880
2.22992 0.944880
2.27088 0.919920
2.27088 0.935920
2.31184 0.910960
2.31184 0.926960
2.31184 0.942960
2.3528 0.918000
2.3528 0.934000
2.3528 0.950000
2.39376 0.925040
2.39376 0.941040
2.43472 0.916080
2.43472 0.932080
2.43472 0.948080
2.47568 0.923120
2.47568 0.939120
2.51664 0.914160
2.51664 0.930160
2.51664 0.946160
2.5576 0.921200
2.5576 0.937200
2.59856 0.912240
2.59856 0.928240
2.59856 0.944240
2.63952 0.919280
2.63952 0.935280
2.68048 0.910320
2.68048 0.926320
2.68048 0.942320
2.72144 0.917360
2.72144 0.933360
2.72144 0.949360
2.7624 0.924400
2.7624 0.940400
2.80336 0.915440
2.80336 0.931440
2.80336 0.947440
2.84432 0.922480
2.84432 0.938480
2.88528 0.913520
2.88528 0.929520
2.88528 0.945520
2.92624 0.920560
2.92624 0.936560
2.9672 0.911600
2.9672 0.927600
2.9672 0.943600
3.00816 0.918640
3.00816 0.934640
3.04912 0.909680
3.04912 0.925680
3.04912 0.941680
3.09008 0.916720
3.09008 0.932720
3.09008 0.948720
3.13104 0.923760
3.13104 0.939760
3.172 0.914800
3.172 0.930800
3.172 0.946800
3.21296 0.921840
3.21296 0.937840
3.25392 0.912880
3.25392 0.928880
3.25392 0.944880
3.29488 0.919920
3.29488 0.935920
3.33584 0.910960
3.33584 0.926960
3.33584 0.942960
3.3768 0.918000
3.3768 0.934000
3.3768 0.950000
3.41776 0.925040
3.41776 0.941040
3.45872 0.916080
3.45872 0.932080
3.45872 0.948080
3.49968 0.923120
3.49968 0.939120
3.54064 0.914160
3.54064 0.930160
3.54064 0.946160
3.5816 0.921200
3.5816 0.937200
3.62256 0.912240
3.62256 0.928240
3.62256 0.944240
3.66352 0.919280
3.66352 0.935280
3.70448 0.910320
3.70448 0.926320
3.70448 0.942320
3.74544 0.917360
3.74544 0.933360
3.74544 0.949360
3.7864 0.924400
3.7864 0.940400
3.82736 0.915440
3.82736 0.931440
3.82736 0.947440
3.86832 0.922480
3.86832 0.938480
3.90928 0.913520
3.90928 0.929520
3.90928 0.945520
3.95024 0.920560
3.95024 0.936560
3.9912 0.911600
3.9912 0.927600
3.9912 0.943600
4.03216 0.918640
4.03216 0.934640
4.07312 0.909680
4.07312 0.925680
4.07312 0.941680
4.11408 0.916720
4.11408 0.932720
4.11408 0.948720
4.15504 0.923760
4.15504 0.939760
4.196 0.914800
4.196 0.930800
4.196 0.946800
4.23696 0.921840
4.23696 0.937840
4.27792 0.912880
4.27792 0.928880
4.27792 0.944880
4.31888 0.919920
4.31888 0.935920
4.35984 0.910960
4.35984 0.926960
4.35984 0.942960
4.4008 0.918000
4.4008 0.934000
4.4008 0.950000
4.44176 0.925040
4.44176 0.941040
4.48272 0.916080
4.48272 0.932080
4.48272 0.948080
4.52368 0.923120
4.52368 0.939120
4.56464 0.914160
4.56464 0.930160
4.56464 0.946160
4.6056 0.921200
4.6056 0.937200
4.64656 0.912240
4.64656 0.928240
4.64656 0.944240
4.68752 0.919280
4.68752 0.935280
4.72848 0.910320
4.72848 0.926320
4.72848 0.942320
4.76944 0.917360
4.76944 0.933360
4.76944 0.949360
4.8104 0.924400
4.8104 0.940400
4.85136 0.915440
4.85136 0.931440
4.85136 0.947440
4.89232 0.922480
4.89232 0.938480
4.93328 0.913520
4.93328 0.929520
4.93328 0.945520
4.97424 0.920560
4.97424 0.936560
5.0152 0.911600
5.0152 0.927600
5.0152 0.943600
5.05616 0.918640
5.05616 0.934640
5.09712 0.909680
5.09712 0.925680
5.09712 0.941680
5.13808 0.916720
5.13808 0.932720
5.13808 0.948720
5.17904 0.923760
5.17904 0.939760
5.22 0.914800
5.22 0.930800
5.22 0.946800
5.26096 0.921840
5.26096 0.937840
5.30192 0.912880
5.30192 0.928880
5.30192 0.944880
5.34288 0.919920
5.34288 0.935920
5.38384 0.910960
5.38384 0.926960
5.38384 0.942960
5.4248 0.918000
5.4248 0.934000
5.4248 0.950000
5.46576 0.925040
5.46576 0.941040
5.50672 0.916080
5.50672 0.932080
5.50672 0.948080
5.54768 0.923120
5.54768 0.939120
5.58864 0.914160
5.58864 0.930160
5.58864 0.946160
5.6296 0.921200
5.6296 0.937200
5.67056 0.912240
5.67056 0.928240
5.67056 0.944240
5.71152 0.919280
5.71152 0.935280
5.75248 0.910320
5.75248 0.926320
5.75248 0.942320
5.79344 0.917360
5.79344 0.933360
5.79344 0.949360
5.8344 0.924400
5.8344 0.940400
5.87536 0.915440
5.87536 0.931440
5.87536 0.947440
5.91632 0.922480
5.91632 0.938480
5.95728 0.913520
5.95728 0.929520
5.95728 0.945520
5.99824 0.920560
5.99824 0.936560
6.0392 0.911600
6.0392 0.927600
6.0392 0.943600
6.08016 0.918640
6.08016 0.934640
6.12112 0.909680
6.12112 0.925680
6.12112 0.941680
6.16208 0.916720
6.16208 0.932720
6.16208 0.948720
6.20304 0.923760
6.20304 0.939760
6.244 0.914800
6.244 0.930800
6.244 0.946800
6.28496 0.921840
6.28496 0.937840
6.32592 0.912880
6.32592 0.928880
6.32592 0.944880
6.36688 0.919920
6.36688 0.935920
6.40784 0.910960
6.40784 0.926960
6.40784 0.942960
6.4488 0.918000
6.4488 0.934000
6.4488 0.950000
6.48976 0.925040
6.48976 0.941040
6.53072 0.916080
6.53072 0.932080
6.53072 0.948080
6.57168 0.923120
6.57168 0.939120
6.61264 0.914160
6.61264 0.930160
6.61264 0.946160
6.6536 0.921200
6.6536 0.937200
6.69456 0.912240
6.69456 0.928240
6.69456 0.944240
6.73552 0.919280
6.73552 0.935280
6.77648 0.910320
6.77648 0.926320
6.77648 0.942320
6.81744 0.917360
6.81744 0.933360
6.81744 0.949360
6.8584 0.924400
6.8584 0.940400
6.89936 0.915440
6.89936 0.931440
6.89936 0.947440
6.94032 0.922480
6.94032 0.938480
6.98128 0.913520
6.98128 0.929520
6.98128 0.945520
7.02224 0.920560
7.02224 0.936560
7.0632 0.911600
7.0632 0.927600
7.0632 0.943600
7.10416 0.918640
7.10416 0.934640
7.14512 0.909680
7.14512 0.925680
7.14512 0.941680
7.18608 0.916720
7.18608 0.932720
7.18608 0.948720
7.22704 0.923760
7.22704 0.939760
7.268 0.914800
7.268 0.930800
7.268 0.946800
7.30896 0.921840
7.30896 0.937840
7.34992 0.912880
7.34992 0.928880
7.34992 0.944880
7.39088 0.919920
7.39088 0.935920
7.43184 0.910960
7.43184 0.926960
7.43184 0.942960
7.4728 0.918000
7.4728 0.934000
7.4728 0.950000
7.51376 0.925040
7.51376 0.941040
7.55472 0.916080
7.55472 0.932080
7.55472 0.948080
7.59568 0.923120
7.59568 0.939120
7.63664 0.914160
7.63664 0.930160
7.63664 0.946160
7.6776 0.921200
7.6776 0.937200
7.71856 0.912240
7.71856 0.928240
7.71856 0.944240
7.75952 0.919280
7.75952 0.935280
7.80048 0.910320
7.80048 0.926320
7.80048 0.942320
7.84144 0.917360
7.84144 0.933360
7.84144 0.949360
7.8824 0.924400
7.8824 0.940400
7.92336 0.915440
7.92336 0.931440
7.92336 0.947440
7.96432 0.922480
7.96432 0.938480
8.00528 0.913520
8.00528 0.929520
8.00528 0.945520
8.04624 0.920560
8.04624 0.936560
8.0872 0.911600
8.0872 0.927600
8.0872 0.943600
8.12816 0.918640
8.12816 0.934640
8.16912 0.909680
8.16912 0.925680
8.16912 0.941680
8.21008 0.916720
8.21008 0.932720
8.21008 0.948720
8.25104 0.923760
8.25104 0.939760
8.292 0.914800
8.292 0.930800
8.292 0.946800
8.33296 0.921840
8.33296 0.937840
8.37392 0.912880
8.37392 0.928880
8.37392 0.944880
8.41488 0.919920
8.41488 0.935920
8.45584 0.910960
8.45584 0.926960
8.45584 0.942960
8.4968 0.918000
8.4968 0.934000
8.4968 0.950000
8.53776 0.925040
8.53776 0.941040
8.57872 0.916080
8.57872 0.932080
8.57872 0.948080
8.61968 0.923120
8.61968 0.939120
8.66064 0.914160
8.66064 0.930160
8.66064 0.946160
8.7016 0.921200
8.7016 0.937200
8.74256 0.912240
8.74256 0.928240
8.74256 0.944240
8.78352 0.919280
8.78352 0.935280
8.82448 0.910320
8.82448 0.926320
8.82448 0.942320
8.86544 0.917360
8.86544 0.933360
8.86544 0.949360
8.9064 0.924400
8.9064 0.940400
8.94736 0.915440
8.94736 0.931440
8.94736 0.947440
8.98832 0.922480
8.98832 0.938480
9.02928 0.913520
9.02928 0.929520
9.02928 0.945520
9.07024 0.920560
9.07024 0.936560
9.1112 0.911600
9.1112 0.927600
9.1112 0.943600
9.15216 0.918640
9.15216 0.934640
9.19312 0.909680
9.19312 0.925680
9.19312 0.941680
9.23408 0.916720
9.23408 0.932720
9.23408 0.948720
9.27504 0.923760
9.27504 0.939760
9.316 0.914800
9.316 0.930800
9.316 0.946800
9.35696 0.921840
9.35696 0.937840
9.39792 0.912880
9.39792 0.928880
9.39792 0.944880
9.43888 0.919920
9.43888 0.935920
9.47984 0.910960
9.47984 0.926960
9.47984 0.942960
9.5208 0.918000
9.5208 0.934000
9.5208 0.950000
9.56176 0.925040
9.56176 0.941040
9.60272 0.916080
9.60272 0.932080
9.60272 0.948080
9.64368 0.923120
9.64368 0.939120
9.68464 0.914160
9.68464 0.930160
9.68464 0.946160
9.7256 0.921200
9.7256 0.937200
9.76656 0.912240
9.76656 0.928240
9.76656 0.944240
9.80752 0.919280
9.80752 0.935280
9.84848 0.910320
9.84848 0.926320
9.84848 0.942320
9.88944 0.917360
9.88944 0.933360
9.88944 0.949360
9.9304 0.924400
9.9304 0.940400
9.97136 0.915440
9.97136 0.931440
9.97136 0.947440
10.01232 0.922480
10.01232 0.938480
10.05328 0.913520
10.05328 0.929520
10.05328 0.945520
10.09424 0.920560
10.09424 0.936560
10.1352 0.911600
10.1352 0.927600
10.1352 0.943600
10.17616 0.918640
10.17616 0.934640
10.21712 0.909680
10.21712 0.925680
10.21712 0.941680
10.25808 0.916720
10.25808 0.932720
10.25808 0.948720
10.29904 0.923760
10.29904 0.939760
10.34 0.914800
10.34 0.930800
10.34 0.946800
10.38096 0.921840
10.38096 0.937840
10.42192 0.912880
10.42192 0.928880
10.42192 0.944880
10.46288 0.919920
10.46288 0.935920
10.50384 0.910960
10.50384 0.926960
10.50384 0.942960
10.5448 0.918000
10.5448 0.934000
10.5448 0.950000
10.58576 0.925040
10.58576 0.941040
10.62672 0.916080
10.62672 0.932080
10.62672 0.948080
10.66768 0.923120
10.66768 0.939120
10.70864 0.914160
10.70864 0.930160
10.70864 0.946160
10.7496 0.921200
10.7496 0.937200
10.79056 0.912240
10.79056 0.928240
10.79056 0.944240
10.83152 0.919280
10.83152 0.935280
10.87248 0.910320
10.87248 0.926320
10.87248 0.942320
10.91344 0.917360
10.91344 0.933360
10.91344 0.949360
10.9544 0.924400
10.9544 0.940400
10.99536 0.915440
10.99536 0.931440
10.99536 0.947440
11.03632 0.922480
11.03632 0.938480
11.07728 0.913520
11.07728 0.929520
11.07728 0.945520
11.11824 0.920560
11.11824 0.936560
11.1592 0.911600
11.1592 0.927600
11.1592 0.943600
11.20016 0.918640
11.20016 0.934640
11.24112 0.909680
11.24112 0.925680
11.24112 0.941680
11.28208 0.916720
11.28208 0.932720
11.28208 0.948720
11.32304 0.923760
11.32304 0.939760
11.364 0.914800
11.364 0.930800
11.364 0.946800
11.40496 0.921840
11.40496 0.937840
11.44592 0.912880
11.44592 0.928880
11.44592 0.944880
11.48688 0.919920
11.48688 0.935920
11.52784 0.910960
11.52784 0.926960
11.52784 0.942960
11.5688 0.918000
11.5688 0.934000
11.5688 0.950000
11.60976 0.925040
11.60976 0.941040
11.65072 0.916080
11.65072 0.932080
11.65072 0.948080
11.69168 0.923120
11.69168 0.939120
11.73264 0.914160
11.73264 0.930160
11.73264 0.946160
11.7736 0.921200
11.7736 0.937200
11.81456 0.912240
11.81456 0.928240
11.81456 0.944240
11.85552 0.919280
11.85552 0.935280
11.89648 0.910320
11.89648 0.926320
11.89648 0.942320
11.93744 0.917360
11.93744 0.933360
11.93744 0.949360
11.9784 0.924400
11.9784 0.940400
12.01936 0.915440
12.01936 0.931440
12.01936 0.947440
12.06032 0.922480
12.06032 0.938480
12.10128 0.913520
12.10128 0.929520
12.10128 0.945520
12.14224 0.920560
12.14224 0.936560
12.1832 0.911600
12.1832 0.927600
12.1832 0.943600
12.22416 0.918640
12.22416 0.934640
12.26512 0.909680
12.26512 0.925680
12.26512 0.941680
12.30608 0.916720
12.30608 0.932720
12.30608 0.948720
12.34704 0.923760
12.34704 0.939760
12.388 0.914800
12.388 0.930800
12.388 0.946800
12.42896 0.921840
12.42896 0.937840
12.46992 0.912880
12.46992 0.928880
12.46992 0.944880
12.51088 0.919920
12.51088 0.935920
12.55184 0.910960
12.55184 0.926960
12.55184 0.942960
12.5928 0.918000
12.5928 0.934000
12.5928 0.950000
12.63376 0.925040
12.63376 0.941040
12.67472 0.916080
12.67472 0.932080
12.67472 0.948080
12.71568 0.923120
12.71568 0.939120
12.75664 0.914160
12.75664 0.930160
12.75664 0.946160
12.7976 0.921200
12.7976 0.937200
12.83856 0.912240
12.83856 0.928240
12.83856 0.944240
12.87952 0.919280
12.87952 0.935280
12.92048 0.910320
12.92048 0.926320
12.92048 0.942320
12.96144 0.917360
12.96144 0.933360
12.96144 0.949360
13.0024 0.924400
13.0024 0.940400
13.04336 0.915440
13.04336 0.931440
13.04336 0.947440
13.08432 0.922480
13.08432 0.938480
13.12528 0.913520
13.12528 0.929520
13.12528 0.945520
13.16624 0.920560
13.16624 0.936560
13.2072 0.911600
13.2072 0.927600
13.2072 0.943600
13.24816 0.918640
13.24816 0.934640
13.28912 0.909680
13.28912 0.925680
13.28912 0.941680
13.33008 0.916720
13.33008 0.932720
13.33008 0.948720
13.37104 0.923760
13.37104 0.939760
13.412 0.914800
13.412 0.930800
13.412 0.946800
13.45296 0.921840
13.45296 0.937840
13.49392 0.912880
13.49392 0.928880
13.49392 0.944880
13.53488 0.919920
13.53488 0.935920
13.57584 0.910960
13.57584 0.926960
13.57584 0.942960
13.6168 0.918000
13.6168 0.934000
13.6168 0.950000
13.65776 0.925040
13.65776 0.941040
13.69872 0.916080
13.69872 0.932080
13.69872 0.948080
13.73968 0.923120
13.73968 0.939120
13.78064 0.914160
13.78064 0.930160
13.78064 0.946160
13.8216 0.921200
13.8216 0.937200
13.86256 0.912240
13.86256 0.928240
13.86256 0.944240
13.90352 0.919280
13.90352 0.935280
13.94448 0.910320
13.94448 0.926320
13.94448 0.942320
13.98544 0.917360
13.98544 0.933360
13.98544 0.949360
14.0264 0.924400
14.0264 0.940400
14.06736 0.915440
14.06736 0.931440
14.06736 0.947440
14.10832 0.922480
14.10832 0.938480
14.14928 0.913520
14.14928 0.929520
14.14928 0.945520
14.19024 0.920560
14.19024 0.936560
14.2312 0.911600
14.2312 0.927600
14.2312 0.943600
14.27216 0.918640
14.27216 0.934640
14.31312 0.909680
14.31312 0.925680
14.31312 0.941680
14.35408 0.916720
14.35408 0.932720
14.35408 0.948720
14.39504 0.923760
14.39504 0.939760
14.436 0.914800
14.436 0.930800
14.436 0.946800
14.47696 0.921840
14.47696 0.937840
14.51792 0.912880
14.51792 0.928880
14.51792 0.944880
14.55888 0.919920
14.55888 0.935920
14.59984 0.910960
14.59984 0.926960
14.59984 0.942960
14.6408 0.918000
14.6408 0.934000
14.6408 0.950000
14.68176 0.925040
14.68176 0.941040
14.72272 0.916080
14.72272 0.932080
14.72272 0.948080
14.76368 0.923120
14.76368 0.939120
14.80464 0.914160
14.80464 0.930160
14.80464 0.946160
14.8456 0.921200
14.8456 0.937200
14.88656 0.912240
14.88656 0.928240
14.88656 0.944240
14.92752 0.919280
14.92752 0.935280
14.96848 0.910320
14.96848 0.926320
14.96848 0.942320
15.00944 0.917360
15.00944 0.933360
15.00944 0.949360
15.0504 0.924400
15.0504 0.940400
15.09136 0.915440
15.09136 0.931440
15.09136 0.947440
15.13232 0.922480
15.13232 0.938480
15.17328 0.913520
15.17328 0.929520
15.17328 0.945520
15.21424 0.920560
15.21424 0.936560
15.2552 0.911600
15.2552 0.927600
15.2552 0.943600
15.29616 0.918640
15.29616 0.934640
15.33712 0.909680
15.33712 0.925680
15.33712 0.941680
15.37808 0.916720
15.37808 0.932720
15.37808 0.948720
15.41904 0.923760
15.41904 0.939760
15.46 0.914800
15.46 0.930800
15.46 0.946800
15.50096 0.921840
15.50096 0.937840
15.54192 0.912880
15.54192 0.928880
15.54192 0.944880
15.58288 0.919920
15.58288 0.935920
15.62384 0.910960
15.62384 0.926960
15.62384 0.942960
15.6648 0.918000
15.6648 0.934000
15.6648 0.950000
15.70576 0.925040
15.70576 0.941040
15.74672 0.916080
15.74672 0.932080
15.74672 0.948080
15.78768 0.923120
15.78768 0.939120
15.82864 0.914160
15.82864 0.930160
15.82864 0.946160
15.8696 0.921200
15.8696 0.937200
15.91056 0.912240
15.91056 0.928240
15.91056 0.944240
15.95152 0.919280
15.95152 0.935280
15.99248 0.910320
15.99248 0.926320
15.99248 0.942320
16.03344 0.917360
16.03344 0.933360
16.03344 0.949360
16.0744 0.924400
16.0744 0.940400
16.11536 0.915440
16.11536 0.931440
16.11536 0.947440
16.15632 0.922480
16.15632 0.938480
16.19728 0.913520
16.19728 0.929520
16.19728 0.945520
16.23824 0.920560
16.23824 0.936560
16.2792 0.911600
16.2792 0.927600
16.2792 0.943600
16.32016 0.918640
16.32016 0.934640
16.36112 0.909680
16.36112 0.925680
16.36112 0.941680
16.40208 0.916720
16.40208 0.932720
16.40208 0.948720
16.44304 0.923760
16.44304 0.939760
16.484 0.914800
16.484 0.930800
16.484 0.946800
16.52496 0.921840
16.52496 0.937840
16.56592 0.912880
16.56592 0.928880
16.56592 0.944880
16.60688 0.919920
16.60688 0.935920
16.64784 0.910960
16.64784 0.926960
16.64784 0.942960
16.6888 0.918000
16.6888 0.934000
16.6888 0.950000
16.72976 0.925040
16.72976 0.941040
16.77072 0.916080
16.77072 0.932080
16.77072 0.948080
16.81168 0.923120
16.81168 0.939120
16.85264 0.914160
16.85264 0.930160
16.85264 0.946160
16.8936 0.921200
16.8936 0.937200
16.93456 0.912240
16.93456 0.928240
16.93456 0.944240
16.97552 0.919280
16.97552 0.935280
17.01648 0.910320
17.01648 0.926320
17.01648 0.942320
17.05744 0.917360
17.05744 0.933360
17.05744 0.949360
17.0984 0.924400
17.0984 0.940400
17.13936 0.915440
17.13936 0.931440
17.13936 0.947440
17.18032 0.922480
17.18032 0.938480
17.22128 0.913520
17.22128 0.929520
17.22128 0.945520
17.26224 0.920560
17.26224 0.936560
17.3032 0.911600
17.3032 0.927600
17.3032 0.943600
17.34416 0.918640
17.34416 0.934640
17.38512 0.909680
17.38512 0.925680
17.38512 0.941680
17.42608 0.916720
17.42608 0.932720
17.42608 0.948720
17.46704 0.923760
17.46704 0.939760
17.508 0.914800
17.508 0.930800
17.508 0.946800
17.54896 0.921840
17.54896 0.937840
17.58992 0.912880
17.58992 0.928880
17.58992 0.944880
17.63088 0.919920
17.63088 0.935920
17.67184 0.910960
17.67184 0.926960
17.67184 0.942960
17.7128 0.918000
17.7128 0.934000
17.7128 0.950000
17.75376 0.925040
17.75376 0.941040
17.79472 0.916080
17.79472 0.932080
17.79472 0.948080
17.83568 0.923120
17.83568 0.939120
17.87664 0.914160
17.87664 0.930160
17.87664 0.946160
17.9176 0.921200
17.9176 0.937200
17.95856 0.912240
17.95856 0.928240
17.95856 0.944240
17.99952 0.919280
17.99952 0.935280
18.04048 0.910320
18.04048 0.926320
18.04048 0.942320
18.08144 0.917360
18.08144 0.933360
18.08144 0.949360
18.1224 0.924400
18.1224 0.940400
18.16336 0.915440
18.16336 0.931440
18.16336 0.947440
18.20432 0.922480
18.20432 0.938480
18.24528 0.913520
18.24528 0.929520
18.24528 0.945520
18.28624 0.920560
18.28624 0.936560
18.3272 0.911600
18.3272 0.927600
18.3272 0.943600
18.36816 0.918640
18.36816 0.934640
18.40912 0.909680
18.40912 0.925680
18.40912 0.941680
18.45008 0.916720
18.45008 0.932720
18.45008 0.948720
18.49104 0.923760
18.49104 0.939760
18.532 0.914800
18.532 0.930800
18.532 0.946800
18.57296 0.921840
18.57296 0.937840
18.61392 0.912880
18.61392 0.928880
18.61392 0.944880
18.65488 0.919920
18.65488 0.935920
18.69584 0.910960
18.69584 0.926960
18.69584 0.942960
18.7368 0.918000
18.7368 0.934000
18.7368 0.950000
18.77776 0.925040
18.77776 0.941040
18.81872 0.916080
18.81872 0.932080
18.81872 0.948080
18.85968 0.923120
18.85968 0.939120
18.90064 0.914160
18.90064 0.930160
18.90064 0.946160
18.9416 0.921200
18.9416 0.937200
18.98256 0.912240
18.98256 0.928240
18.98256 0.944240
19.02352 0.919280
19.02352 0.935280
19.06448 0.910320
19.06448 0.926320
19.06448 0.942320
19.10544 0.917360
19.10544 0.933360
19.10544 0.949360
19.1464 0.924400
19.1464 0.940400
19.18736 0.915440
19.18736 0.931440
19.18736 0.947440
19.22832 0.922480
19.22832 0.938480
19.26928 0.913520
19.26928 0.929520
19.26928 0.945520
19.31024 0.920560
19.31024 0.936560
19.3512 0.911600
19.3512 0.927600
19.3512 0.943600
19.39216 0.918640
19.39216 0.934640
19.43312 0.909680
19.43312 0.925680
19.43312 0.941680
19.47408 0.916720
19.47408 0.932720
19.47408 0.948720
19.51504 0.923760
19.51504 0.939760
19.556 0.914800
19.556 0.930800
19.556 0.946800
19.59696 0.921840
19.59696 0.937840
19.63792 0.912880
19.63792 0.928880
19.63792 0.944880
19.67888 0.919920
19.67888 0.935920
19.71984 0.910960
19.71984 0.926960
19.71984 0.942960
19.7608 0.918000
19.7608 0.934000
19.7608 0.950000
19.80176 0.925040
19.80176 0.941040
19.84272 0.916080
19.84272 0.932080
19.84272 0.948080
19.88368 0.923120
19.88368 0.939120
19.92464 0.914160
19.92464 0.930160
19.92464 0.946160
19.9656 0.921200
19.9656 0.937200
20.00656 0.912240
20.00656 0.928240
20.00656 0.944240
20.04752 0.919280
20.04752 0.935280
20.08848 0.910320
20.08848 0.926320
20.08848 0.942320
20.12944 0.917360
20.12944 0.933360
20.12944 0.949360
20.1704 0.924400
20.1704 0.940400
20.21136 0.915440
20.21136 0.931440
20.21136 0.947440
20.25232 0.922480
20.25232 0.938480
20.29328 0.913520
20.29328 0.929520
20.29328 0.945520
20.33424 0.920560
20.33424 0.936560
20.3752 0.911600
20.3752 0.927600
20.3752 0.943600
20.41616 0.918640
20.41616 0.934640
20.45712 0.909680
20.45712 0.925680
20.45712 0.941680
20.49808 0.916720
20.49808 0.932720
20.49808 0.948720
20.53904 0.923760
20.53904 0.939760
20.58 0.914800
20.58 0.930800
20.58 0.946800
20.62096 0.921840
20.62096 0.937840
20.66192 0.912880
20.66192 0.928880
20.66192 0.944880
20.70288 0.919920
20.70288 0.935920
20.74384 0.910960
20.74384 0.926960
20.74384 0.942960
20.7848 0.918000
20.7848 0.934000
20.7848 0.950000
20.82576 0.925040
20.82576 0.941040
20.86672 0.916080
20.86672 0.932080
20.86672 0.948080
20.90768 0.923120
20.90768 0.939120
20.94864 0.914160
20.94864 0.930160
20.94864 0.946160
20.9896 0.921200
20.9896 0.937200
21.03056 0.912240
21.03056 0.928240
21.03056 0.944240
21.07152 0.919280
21.07152 0.935280
21.11248 0.910320
21.11248 0.926320
21.11248 0.942320
21.15344 0.917360
21.15344 0.933360
21.15344 0.949360
21.1944 0.924400
21.1944 0.940400
21.23536 0.915440
21.23536 0.931440
21.23536 0.947440
21.27632 0.922480
21.27632 0.938480
21.31728 0.913520
21.31728 0.929520
21.31728 0.945520
21.35824 0.920560
21.35824 0.936560
21.3992 0.911600
21.3992 0.927600
21.3992 0.943600
21.44016 0.918640
21.44016 0.934640
21.48112 0.909680
21.48112 0.925680
21.48112 0.941680
21.52208 0.916720
21.52208 0.932720
21.52208 0.948720
21.56304 0.923760
21.56304 0.939760
21.604 0.914800
21.604 0.930800
21.604 0.946800
21.64496 0.921840
21.64496 0.937840
21.68592 0.912880
21.68592 0.928880
21.68592 0.944880
21.72688 0.919920
21.72688 0.935920
21.76784 0.910960
21.76784 0.926960
21.76784 0.942960
21.8088 0.918000
21.8088 0.934000
21.8088 0.950000
21.84976 0.925040
21.84976 0.941040
21.89072 0.916080
21.89072 0.932080
21.89072 0.948080
21.93168 0.923120
21.93168 0.939120
21.97264 0.914160
21.97264 0.930160
21.97264 0.946160
22.0136 0.921200
22.0136 0.937200
22.05456 0.912240
22.05456 0.928240
22.05456 0.944240
22.09552 0.919280
22.09552 0.935280
22.13648 0.910320
22.13648 0.926320
22.13648 0.942320
22.17744 0.917360
22.17744 0.933360
22.17744 0.949360
22.2184 0.924400
22.2184 0.940400
22.25936 0.915440
22.25936 0.931440
22.25936 0.947440
22.30032 0.922480
22.30032 0.938480
22.34128 0.913520
22.34128 0.929520
22.34128 0.945520
22.38224 0.920560
22.38224 0.936560
22.4232 0.911600
22.4232 0.927600
22.4232 0.943600
22.46416 0.918640
22.46416 0.934640
22.50512 0.909680
22.50512 0.925680
22.50512 0.941680
22.54608 0.916720
22.54608 0.932720
22.54608 0.948720
22.58704 0.923760
22.58704 0.939760
22.628 0.914800
22.628 0.930800
22.628 0.946800
22.66896 0.921840
22.66896 0.937840
22.70992 0.912880
22.70992 0.928880
22.70992 0.944880
22.75088 0.919920
22.75088 0.935920
22.79184 0.910960
22.79184 0.926960
22.79184 0.942960
22.8328 0.918000
22.8328 0.934000
22.8328 0.950000
22.87376 0.925040
22.87376 0.941040
22.91472 0.916080
22.91472 0.932080
22.91472 0.948080
22.95568 0.923120
22.95568 0.939120
22.99664 0.914160
22.99664 0.930160
22.99664 0.946160
23.0376 0.921200
23.0376 0.937200
23.07856 0.912240
23.07856 0.928240
23.07856 0.944240
23.11952 0.919280
23.11952 0.935280
23.16048 0.910320
23.16048 0.926320
23.16048 0.942320
23.20144 0.917360
23.20144 0.933360
23.20144 0.949360
23.2424 0.924400
23.2424 0.940400
23.28336 0.915440
23.28336 0.931440
23.28336 0.947440
23.32432 0.922480
23.32432 0.938480
23.36528 0.913520
23.36528 0.929520
23.36528 0.945520
23.40624 0.920560
23.40624 0.936560
23.4472 0.911600
23.4472 0.927600
23.4472 0.943600
23.48816 0.918640
23.48816 0.934640
23.52912 0.909680
23.52912 0.925680
23.52912 0.941680
23.57008 0.916720
23.57008 0.932720
23.57008 0.948720
23.61104 0.923760
23.61104 0.939760
23.652 0.914800
23.652 0.930800
23.652 0.946800
23.69296 0.921840
23.69296 0.937840
23.73392 0.912880
23.73392 0.928880
23.73392 0.944880
23.77488 0.919920
23.77488 0.935920
23.81584 0.910960
23.81584 0.926960
23.81584 0.942960
23.8568 0.918000
23.8568 0.934000
23.8568 0.950000
23.89776 0.925040
23.89776 0.941040
23.93872 0.916080
23.93872 0.932080
23.93872 0.948080
23.97968 0.923120
23.97968 0.939120
24.02064 0.914160
24.02064 0.930160
24.02064 0.946160
24.0616 0.921200
24.0616 0.937200
24.10256 0.912240
24.10256 0.928240
24.10256 0.944240
24.14352 0.919280
24.14352 0.935280
24.18448 0.910320
24.18448 0.926320
24.18448 0.942320
24.22544 0.917360
24.22544 0.933360
24.22544 0.949360
24.2664 0.924400
24.2664 0.940400
24.30736 0.915440
24.30736 0.931440
24.30736 0.947440
24.34832 0.922480
24.34832 0.938480
24.38928 0.913520
24.38928 0.929520
24.38928 0.945520
24.43024 0.920560
24.43024 0.936560
24.4712 0.911600
24.4712 0.927600
24.4712 0.943600
24.51216 0.918640
24.51216 0.934640
24.55312 0.909680
24.55312 0.925680
24.55312 0.941680
24.59408 0.916720
24.59408 0.932720
24.59408 0.948720
24.63504 0.923760
24.63504 0.939760
24.676 0.914800
24.676 0.930800
24.676 0.946800
24.71696 0.921840
24.71696 0.937840
24.75792 0.912880
24.75792 0.928880
24.75792 0.944880
24.79888 0.919920
24.79888 0.935920
24.83984 0.910960
24.83984 0.926960
24.83984 0.942960
24.8808 0.918000
24.8808 0.934000
24.8808 0.950000
24.92176 0.925040
24.92176 0.941040
24.96272 0.916080
24.96272 0.932080
24.96272 0.948080
25.00368 0.923120
25.00368 0.939120
25.04464 0.914160
25.04464 0.930160
25.04464 0.946160
25.0856 0.921200
25.0856 0.937200
25.12656 0.912240
25.12656 0.928240
25.12656 0.944240
25.16752 0.919280
25.16752 0.935280
25.20848 0.910320
25.20848 0.926320
25.20848 0.942320
25.24944 0.917360
25.24944 0.933360
25.24944 0.949360
25.2904 0.924400
25.2904 0.940400
25.33136 0.915440
25.33136 0.931440
25.33136 0.947440
25.37232 0.922480
25.37232 0.938480
25.41328 0.913520
25.41328 0.929520
25.41328 0.945520
25.45424 0.920560
25.45424 0.936560
25.4952 0.911600
25.4952 0.927600
25.4952 0.943600
25.53616 0.918640
25.53616 0.934640
25.57712 0.909680
25.57712 0.925680
25.57712 0.941680
25.61808 0.916720
25.61808 0.932720
25.61808 0.948720
25.65904 0.923760
25.65904 0.939760
25.7 0.914800
25.7 0.930800
25.7 0.946800
25.74096 0.921840
25.74096 0.937840
25.78192 0.912880
25.78192 0.928880
25.78192 0.944880
25.82288 0.919920
25.82288 0.935920
25.86384 0.910960
25.86384 0.926960
25.86384 0.942960
25.9048 0.918000
25.9048 0.934000
25.9048 0.950000
25.94576 0.925040
25.94576 0.941040
25.98672 0.916080
25.98672 0.932080
25.98672 0.948080
26.02768 0.923120
26.02768 0.939120
26.06864 0.914160
26.06864 0.930160
26.06864 0.946160
26.1096 0.921200
26.1096 0.937200
26.15056 0.912240
26.15056 0.928240
26.15056 0.944240
26.19152 0.919280
26.19152 0.935280
26.23248 0.910320
26.23248 0.926320
26.23248 0.942320
26.27344 0.917360
26.27344 0.933360
26.27344 0.949360
26.3144 0.924400
26.3144 0.940400
26.35536 0.915440
26.35536 0.931440
26.35536 0.947440
26.39632 0.922480
26.39632 0.938480
26.43728 0.913520
26.43728 0.929520
26.43728 0.945520
26.47824 0.920560
26.47824 0.936560
26.5192 0.911600
26.5192 0.927600
26.5192 0.943600
26.56016 0.918640
26.56016 0.934640
26.60112 0.909680
26.60112 0.925680
26.60112 0.941680
26.64208 0.916720
26.64208 0.932720
26.64208 0.948720
26.68304 0.923760
26.68304 0.939760
26.724 0.914800
26.724 0.930800
26.724 0.946800
26.76496 0.921840
26.76496 0.937840
26.80592 0.912880
26.80592 0.928880
26.80592 0.944880
26.84688 0.919920
26.84688 0.935920
26.88784 0.910960
26.88784 0.926960
26.88784 0.942960
26.9288 0.918000
26.9288 0.934000
26.9288 0.950000
26.96976 0.925040
26.96976 0.941040
27.01072 0.916080
27.01072 0.932080
27.01072 0.948080
27.05168 0.923120
27.05168 0.939120
27.09264 0.914160
27.09264 0.930160
27.09264 0.946160
27.1336 0.921200
27.1336 0.937200
27.17456 0.912240
27.17456 0.928240
27.17456 0.944240
27.21552 0.919280
27.21552 0.935280
27.25648 0.910320
27.25648 0.926320
27.25648 0.942320
27.29744 0.917360
27.29744 0.933360
27.29744 0.949360
27.3384 0.924400
27.3384 0.940400
27.37936 0.915440
27.37936 0.931440
27.37936 0.947440
27.42032 0.922480
27.42032 0.938480
27.46128 0.913520
27.46128 0.929520
27.46128 0.945520
27.50224 0.920560
27.50224 0.936560
27.5432 0.911600
27.5432 0.927600
27.5432 0.943600
27.58416 0.918640
27.58416 0.934640
27.62512 0.909680
27.62512 0.925680
27.62512 0.941680
27.66608 0.916720
27.66608 0.932720
27.66608 0.948720
27.70704 0.923760
27.70704 0.939760
27.748 0.914800
27.748 0.930800
27.748 0.946800
27.78896 0.921840
27.78896 0.937840
27.82992 0.912880
27.82992 0.928880
27.82992 0.944880
27.87088 0.919920
27.87088 0.935920
27.91184 0.910960
27.91184 0.926960
27.91184 0.942960
27.9528 0.918000
27.9528 0.934000
27.9528 0.950000
27.99376 0.925040
27.99376 0.941040
28.03472 0.916080
28.03472 0.932080
28.03472 0.948080
28.07568 0.923120
28.07568 0.939120
28.11664 0.914160
28.11664 0.930160
28.11664 0.946160
28.1576 0.921200
28.1576 0.937200
28.19856 0.912240
28.19856 0.928240
28.19856 0.944240
28.23952 0.919280
28.23952 0.935280
28.28048 0.910320
28.28048 0.926320
28.28048 0.942320
28.32144 0.917360
28.32144 0.933360
28.32144 0.949360
28.3624 0.924400
28.3624 0.940400
28.40336 0.915440
28.40336 0.931440
28.40336 0.947440
28.44432 0.922480
28.44432 0.938480
28.48528 0.913520
28.48528 0.929520
28.48528 0.945520
28.52624 0.920560
28.52624 0.936560
28.5672 0.911600
28.5672 0.927600
28.5672 0.943600
28.60816 0.918640
28.60816 0.934640
28.64912 0.909680
28.64912 0.925680
28.64912 0.941680
28.69008 0.916720
28.69008 0.932720
28.69008 0.948720
28.73104 0.923760
28.73104 0.939760
28.772 0.914800
28.772 0.930800
28.772 0.946800
28.81296 0.921840
28.81296 0.937840
28.85392 0.912880
28.85392 0.928880
28.85392 0.944880
28.89488 0.919920
28.89488 0.935920
28.93584 0.910960
28.93584 0.926960
28.93584 0.942960
28.9768 0.918000
28.9768 0.934000
28.9768 0.950000
29.01776 0.925040
29.01776 0.941040
29.05872 0.916080
29.05872 0.932080
29.05872 0.948080
29.09968 0.923120
29.09968 0.939120
29.14064 0.914160
29.14064 0.930160
29.14064 0.946160
29.1816 0.921200
29.1816 0.937200
29.22256 0.912240
29.22256 0.928240
29.22256 0.944240
29.26352 0.919280
29.26352 0.935280
29.30448 0.910320
29.30448 0.926320
29.30448 0.942320
29.34544 0.917360
29.34544 0.933360
29.34544 0.949360
29.3864 0.924400
29.3864 0.940400
29.42736 0.915440
29.42736 0.931440
29.42736 0.947440
29.46832 0.922480
29.46832 0.938480
29.50928 0.913520
29.50928 0.929520
29.50928 0.945520
29.55024 0.920560
29.55024 0.936560
29.5912 0.911600
29.5912 0.927600
29.5912 0.943600
29.63216 0.918640
29.63216 0.934640
29.67312 0.909680
29.67312 0.925680
29.67312 0.941680
29.71408 0.916720
29.71408 0.932720
29.71408 0.948720
29.75504 0.923760
29.75504 0.939760
29.796 0.914800
29.796 0.930800
29.796 0.946800
29.83696 0.921840
29.83696 0.937840
29.87792 0.912880
29.87792 0.928880
29.87792 0.944880
29.91888 0.919920
29.91888 0.935920
29.95984 0.910960
29.95984 0.926960
29.95984 0.942960
30.0008 0.918000
30.0008 0.934000
30.0008 0.950000
30.04176 0.925040
30.04176 0.941040
30.08272 0.916080
30.08272 0.932080
30.08272 0.948080
30.12368 0.923120
30.12368 0.939120
30.16464 0.914160
30.16464 0.930160
30.16464 0.946160
30.2056 0.921200
30.2056 0.937200
30.24656 0.912240
30.24656 0.928240
30.24656 0.944240
30.28752 0.919280
30.28752 0.935280
30.32848 0.910320
30.32848 0.926320
30.32848 0.942320
30.36944 0.917360
30.36944 0.933360
30.36944 0.949360
30.4104 0.924400
30.4104 0.940400
30.45136 0.915440
30.45136 0.931440
30.45136 0.947440
30.49232 0.922480
30.49232 0.938480
30.53328 0.913520
30.53328 0.929520
30.53328 0.945520
30.57424 0.920560
30.57424 0.936560
30.6152 0.911600
30.6152 0.927600
30.6152 0.943600
30.65616 0.918640
30.65616 0.934640
30.69712 0.909680
30.69712 0.925680
30.69712 0.941680
30.73808 0.916720
30.73808 0.932720
30.73808 0.948720
30.77904 0.923760
30.77904 0.939760
30.82 0.914800
30.82 0.930800
30.82 0.946800
30.86096 0.921840
30.86096 0.937840
30.90192 0.912880
30.90192 0.928880
30.90192 0.944880
30.94288 0.919920
30.94288 0.935920
30.98384 0.910960
30.98384 0.926960
30.98384 0.942960
31.0248 0.918000
31.0248 0.934000
31.0248 0.950000
31.06576 0.925040
31.06576 0.941040
31.10672 0.916080
31.10672 0.932080
31.10672 0.948080
31.14768 0.923120
31.14768 0.939120
31.18864 0.914160
31.18864 0.930160
31.18864 0.946160
31.2296 0.921200
31.2296 0.937200
31.27056 0.912240
31.27056 0.928240
31.27056 0.944240
31.31152 0.919280
31.31152 0.935280
31.35248 0.910320
31.35248 0.926320
31.35248 0.942320
31.39344 0.917360
31.39344 0.933360
31.39344 0.949360
31.4344 0.924400
31.4344 0.940400
31.47536 0.915440
31.47536 0.931440
31.47536 0.947440
31.51632 0.922480
31.51632 0.938480
31.55728 0.913520
31.55728 0.929520
31.55728 0.945520
31.59824 0.920560
31.59824 0.936560
31.6392 0.911600
31.6392 0.927600
31.6392 0.943600
31.68016 0.918640
31.68016 0.934640
31.72112 0.909680
31.72112 0.925680
31.72112 0.941680
31.76208 0.916720
31.76208 0.932720
31.76208 0.948720
31.80304 0.923760
31.80304 0.939760
31.844 0.914800
31.844 0.930800
31.844 0.946800
31.88496 0.921840
31.88496 0.937840
31.92592 0.912880
31.92592 0.928880
31.92592 0.944880
31.96688 0.919920
31.96688 0.935920
32.00784 0.910960
32.00784 0.926960
32.00784 0.942960
32.0488 0.918000
32.0488 0.934000
32.0488 0.950000
32.08976 0.925040
32.08976 0.941040
32.13072 0.916080
32.13072 0.932080
32.13072 0.948080
32.17168 0.923120
32.17168 0.939120
32.21264 0.914160
32.21264 0.930160
32.21264 0.946160
32.2536 0.921200
32.2536 0.937200
32.29456 0.912240
32.29456 0.928240
32.29456 0.944240
32.33552 0.919280
32.33552 0.935280
32.37648 0.910320
32.37648 0.926320
32.37648 0.942320
32.41744 0.917360
32.41744 0.933360
32.41744 0.949360
32.4584 0.924400
32.4584 0.940400
32.49936 0.915440
32.49936 0.931440
32.49936 0.947440
32.54032 0.922480
32.54032 0.938480
32.58128 0.913520
32.58128 0.929520
32.58128 0.945520
32.62224 0.920560
32.62224 0.936560
32.6632 0.911600
32.6632 0.927600
32.6632 0.943600
32.70416 0.918640
32.70416 0.934640
32.74512 0.909680
32.74512 0.925680
32.74512 0.941680
32.78608 0.916720
32.78608 0.932720
32.78608 0.948720
32.82704 0.923760
32.82704 0.939760
32.868 0.914800
32.868 0.930800
32.868 0.946800
32.90896 0.921840
32.90896 0.937840
32.94992 0.912880
32.94992 0.928880
32.94992 0.944880
32.99088 0.919920
32.99088 0.935920
33.03184 0.910960
33.03184 0.926960
33.03184 0.942960
33.0728 0.918000
33.0728 0.934000
33.0728 0.950000
33.11376 0.925040
33.11376 0.941040
33.15472 0.916080
33.15472 0.932080
33.15472 0.948080
33.19568 0.923120
33.19568 0.939120
33.23664 0.914160
33.23664 0.930160
33.23664 0.946160
33.2776 0.921200
33.2776 0.937200
33.31856 0.912240
33.31856 0.928240
33.31856 0.944240
33.35952 0.919280
33.35952 0.935280
33.40048 0.910320
33.40048 0.926320
33.40048 0.942320
33.44144 0.917360
33.44144 0.933360
33.44144 0.949360
33.4824 0.924400
33.4824 0.940400
33.52336 0.915440
33.52336 0.931440
33.52336 0.947440
33.56432 0.922480
33.56432 0.938480
33.60528 0.913520
33.60528 0.929520
33.60528 0.945520
33.64624 0.920560
33.64624 0.936560
33.6872 0.911600
33.6872 0.927600
33.6872 0.943600
33.72816 0.918640
33.72816 0.934640
33.76912 0.909680
33.76912 0.925680
33.76912 0.941680
33.81008 0.916720
33.81008 0.932720
33.81008 0.948720
33.85104 0.923760
33.85104 0.939760
33.892 0.914800
33.892 0.930800
33.892 0.946800
33.93296 0.921840
33.93296 0.937840
33.97392 0.912880
33.97392 0.928880
33.97392 0.944880
34.01488 0.919920
34.01488 0.935920
34.05584 0.910960
34.05584 0.926960
34.05584 0.942960
34.0968 0.918000
34.0968 0.934000
34.0968 0.950000
34.13776 0.925040
34.13776 0.941040
34.17872 0.916080
34.17872 0.932080
34.17872 0.948080
34.21968 0.923120
34.21968 0.939120
34.26064 0.914160
34.26064 0.930160
34.26064 0.946160
34.3016 0.921200
34.3016 0.937200
34.34256 0.912240
34.34256 0.928240
34.34256 0.944240
34.38352 0.919280
34.38352 0.935280
34.42448 0.910320
34.42448 0.926320
34.42448 0.942320
34.46544 0.917360
34.46544 0.933360
34.46544 0.949360
34.5064 0.924400
34.5064 0.940400
34.54736 0.915440
34.54736 0.931440
34.54736 0.947440
34.58832 0.922480
34.58832 0.938480
34.62928 0.913520
34.62928 0.929520
34.62928 0.945520
34.67024 0.920560
34.67024 0.936560
34.7112 0.911600
34.7112 0.927600
34.7112 0.943600
34.75216 0.918640
34.75216 0.934640
34.79312 0.909680
34.79312 0.925680
34.79312 0.941680
34.83408 0.916720
34.83408 0.932720
34.83408 0.948720
34.87504 0.923760
34.87504 0.939760
34.916 0.914800
34.916 0.930800
34.916 0.946800
34.95696 0.921840
34.95696 0.937840
34.99792 0.912880
34.99792 0.928880
34.99792 0.944880
35.03888 0.919920
35.03888 0.935920
35.07984 0.910960
35.07984 0.926960
35.07984 0.942960
35.1208 0.918000
35.1208 0.934000
35.1208 0.950000
35.16176 0.925040
35.16176 0.941040
35.20272 0.916080
35.20272 0.932080
35.20272 0.948080
35.24368 0.923120
35.24368 0.939120
35.28464 0.914160
35.28464 0.930160
35.28464 0.946160
35.3256 0.921200
35.3256 0.937200
35.36656 0.912240
35.36656 0.928240
35.36656 0.944240
35.40752 0.919280
35.40752 0.935280
35.44848 0.910320
35.44848 0.926320
35.44848 0.942320
35.48944 0.917360
35.48944 0.933360
35.48944 0.949360
35.5304 0.924400
35.5304 0.940400
35.57136 0.915440
35.57136 0.931440
35.57136 0.947440
35.61232 0.922480
35.61232 0.938480
35.65328 0.913520
35.65328 0.929520
35.65328 0.945520
35.69424 0.920560
35.69424 0.936560
35.7352 0.911600
35.7352 0.927600
35.7352 0.943600
35.77616 0.918640
35.77616 0.934640
35.81712 0.909680
35.81712 0.925680
35.81712 0.941680
35.85808 0.916720
35.85808 0.932720
35.85808 0.948720
35.89904 0.923760
35.89904 0.939760
35.94 0.914800
35.94 0.930800
35.94 0.946800
35.98096 0.921840
35.98096 0.937840
36.02192 0.912880
36.02192 0.928880
36.02192 0.944880
36.06288 0.919920
36.06288 0.935920
36.10384 0.910960
36.10384 0.926960
36.10384 0.942960
36.1448 0.918000
36.1448 0.934000
36.1448 0.950000
36.18576 0.925040
36.18576 0.941040
36.22672 0.916080
36.22672 0.932080
36.22672 0.948080
36.26768 0.923120
36.26768 0.939120
36.30864 0.914160
36.30864 0.930160
36.30864 0.946160
36.3496 0.921200
36.3496 0.937200
36.39056 0.912240
36.39056 0.928240
36.39056 0.944240
36.43152 0.919280
36.43152 0.935280
36.47248 0.910320
36.47248 0.926320
36.47248 0.942320
36.51344 0.917360
36.51344 0.933360
36.51344 0.949360
36.5544 0.924400
36.5544 0.940400
36.59536 0.915440
36.59536 0.931440
36.59536 0.947440
36.63632 0.922480
36.63632 0.938480
36.67728 0.913520
36.67728 0.929520
36.67728 0.945520
36.71824 0.920560
36.71824 0.936560
36.7592 0.911600
36.7592 0.927600
36.7592 0.943600
36.80016 0.918640
36.80016 0.934640
36.84112 0.909680
36.84112 0.925680
36.84112 0.941680
36.88208 0.916720
36.88208 0.932720
36.88208 0.948720
36.92304 0.923760
36.92304 0.939760
36.964 0.914800
36.964 0.930800
36.964 0.946800
37.00496 0.921840
37.00496 0.937840
37.04592 0.912880
37.04592 0.928880
37.04592 0.944880
37.08688 0.919920
37.08688 0.935920
37.12784 0.910960
37.12784 0.926960
37.12784 0.942960
37.1688 0.918000
37.1688 0.934000
37.1688 0.950000
37.20976 0.925040
37.20976 0.941040
37.25072 0.916080
37.25072 0.932080
37.25072 0.948080
37.29168 0.923120
37.29168 0.939120
37.33264 0.914160
37.33264 0.930160
37.33264 0.946160
37.3736 0.921200
37.3736 0.937200
37.41456 0.912240
37.41456 0.928240
37.41456 0.944240
37.45552 0.919280
37.45552 0.935280
37.49648 0.910320
37.49648 0.926320
37.49648 0.942320
37.53744 0.917360
37.53744 0.933360
37.53744 0.949360
37.5784 0.924400
37.5784 0.940400
37.61936 0.915440
37.61936 0.931440
37.61936 0.947440
37.66032 0.922480
37.66032 0.938480
37.70128 0.913520
37.70128 0.929520
37.70128 0.945520
37.74224 0.920560
37.74224 0.936560
37.7832 0.911600
37.7832 0.927600
37.7832 0.943600
37.82416 0.918640
37.82416 0.934640
37.86512 0.909680
37.86512 0.925680
37.86512 0.941680
37.90608 0.916720
37.90608 0.932720
37.90608 0.948720
37.94704 0.923760
37.94704 0.939760
37.988 0.914800
37.988 0.930800
37.988 0.946800
38.02896 0.921840
38.02896 0.937840
38.06992 0.912880
38.06992 0.928880
38.06992 0.944880
38.11088 0.919920
38.11088 0.935920
38.15184 0.910960
38.15184 0.926960
38.15184 0.942960
38.1928 0.918000
38.1928 0.934000
38.1928 0.950000
38.23376 0.925040
38.23376 0.941040
38.27472 0.916080
38.27472 0.932080
38.27472 0.948080
38.31568 0.923120
38.31568 0.939120
38.35664 0.914160
38.35664 0.930160
38.35664 0.946160
38.3976 0.921200
38.3976 0.937200
38.43856 0.912240
38.43856 0.928240
38.43856 0.944240
38.47952 0.919280
38.47952 0.935280
38.52048 0.910320
38.52048 0.926320
38.52048 0.942320
38.56144 0.917360
38.56144 0.933360
38.56144 0.949360
38.6024 0.924400
38.6024 0.940400
38.64336 0.915440
38.64336 0.931440
38.64336 0.947440
38.68432 0.922480
38.68432 0.938480
38.72528 0.913520
38.72528 0.929520
38.72528 0.945520
38.76624 0.920560
38.76624 0.936560
38.8072 0.911600
38.8072 0.927600
38.8072 0.943600
38.84816 0.918640
38.84816 0.934640
38.88912 0.909680
38.88912 0.925680
38.88912 0.941680
38.93008 0.916720
38.93008 0.932720
38.93008 0.948720
38.97104 0.923760
38.97104 0.939760
39.012 0.914800
39.012 0.930800
39.012 0.946800
39.05296 0.921840
39.05296 0.937840
39.09392 0.912880
39.09392 0.928880
39.09392 0.944880
39.13488 0.919920
39.13488 0.935920
39.17584 0.910960
39.17584 0.926960
39.17584 0.942960
39.2168 0.918000
39.2168 0.934000
39.2168 0.950000
39.25776 0.925040
39.25776 0.941040
39.29872 0.916080
39.29872 0.932080
39.29872 0.948080
39.33968 0.923120
39.33968 0.939120
39.38064 0.914160
39.38064 0.930160
39.38064 0.946160
39.4216 0.921200
39.4216 0.937200
39.46256 0.912240
39.46256 0.928240
39.46256 0.944240
39.50352 0.919280
39.50352 0.935280
39.54448 0.910320
39.54448 0.926320
39.54448 0.942320
39.58544 0.917360
39.58544 0.933360
39.58544 0.949360
39.6264 0.924400
39.6264 0.940400
39.66736 0.915440
39.66736 0.931440
39.66736 0.947440
39.70832 0.922480
39.70832 0.938480
39.74928 0.913520
39.74928 0.929520
39.74928 0.945520
39.79024 0.920560
39.79024 0.936560
39.8312 0.911600
39.8312 0.927600
39.8312 0.943600
39.87216 0.918640
39.87216 0.934640
39.91312 0.909680
39.91312 0.925680
39.91312 0.941680
39.95408 0.916720
39.95408 0.932720
39.95408 0.948720
39.99504 0.923760
39.99504 0.939760
