0.1 0.166000
0.1 0.182000
0.1 0.198000
0.1 0.214000
0.1 0.230000
0.1 0.246000
0.1 0.248304
0.149152 0.215152
0.149152 0.231152
0.149152 0.247152
0.149152 0.263152
0.149152 0.279152
0.149152 0.295152
0.149152 0.297456
0.198304 0.264304
0.198304 0.280304
0.198304 0.296304
0.198304 0.312304
0.198304 0.328304
0.198304 0.344304
0.198304 0.346608
0.247456 0.313456
0.247456 0.329456
0.247456 0.345456
0.247456 0.361456
0.247456 0.377456
0.247456 0.393456
0.247456 0.395760
0.296608 0.362608
0.296608 0.378608
0.296608 0.394608
0.296608 0.410608
0.296608 0.426608
0.296608 0.442608
0.296608 0.444912
0.34576 0.411760
0.34576 0.427760
0.34576 0.443760
0.34576 0.459760
0.34576 0.475760
0.34576 0.491760
0.34576 0.494064
0.394912 0.460912
0.394912 0.476912
0.394912 0.492912
0.394912 0.508912
0.394912 0.524912
0.394912 0.540912
0.394912 0.543216
0.444064 0.510064
0.444064 0.526064
0.444064 0.542064
0.444064 0.558064
0.444064 0.574064
0.444064 0.590064
0.444064 0.592368
0.493216 0.559216
0.493216 0.575216
0.493216 0.591216
0.493216 0.607216
0.493216 0.623216
0.493216 0.639216
0.493216 0.641520
0.542368 0.608368
0.542368 0.624368
0.542368 0.640368
0.542368 0.656368
0.542368 0.672368
0.542368 0.688368
0.542368 0.690672
0.59152 0.657520
0.59152 0.673520
0.59152 0.689520
0.59152 0.705520
0.59152 0.721520
0.59152 0.737520
0.59152 0.739824
0.640672 0.706672
0.640672 0.722672
0.640672 0.738672
0.640672 0.754672
0.640672 0.770672
0.640672 0.786672
0.640672 0.788976
0.689824 0.755824
0.689824 0.771824
0.689824 0.787824
0.689824 0.803824
0.689824 0.819824
0.689824 0.835824
0.689824 0.838128
0.738976 0.804976
0.738976 0.820976
0.738976 0.836976
0.738976 0.852976
0.788128 0.819824
0.788128 0.835824
0.788128 0.851824
0.83728 0.818672
0.83728 0.834672
0.83728 0.850672
0.83728 0.866672
0.886432 0.833520
0.886432 0.849520
0.886432 0.865520
0.935584 0.832368
0.935584 0.848368
0.935584 0.864368
0.935584 0.880368
0.984736 0.847216
0.984736 0.863216
0.984736 0.879216
1.033888 0.846064
1.033888 0.862064
1.033888 0.878064
1.033888 0.894064
1.08304 0.860912
1.08304 0.876912
1.08304 0.892912
1.132192 0.859760
1.132192 0.875760
1.132192 0.891760
1.132192 0.907760
1.181344 0.874608
1.181344 0.890608
1.181344 0.906608
1.230496 0.873456
1.230496 0.889456
1.230496 0.905456
1.230496 0.921456
1.279648 0.888304
1.279648 0.904304
1.279648 0.920304
1.3288 0.887152
1.3288 0.903152
1.3288 0.919152
1.3288 0.935152
1.377952 0.902000
1.377952 0.918000
1.377952 0.934000
1.427104 0.900848
1.427104 0.916848
1.427104 0.932848
1.427104 0.948848
1.476256 0.915696
1.476256 0.931696
1.476256 0.947696
1.525408 0.914544
1.525408 0.930544
1.525408 0.946544
1.57456 0.913392
1.57456 0.929392
1.57456 0.945392
1.623712 0.912240
1.623712 0.928240
1.623712 0.944240
1.672864 0.911088
1.672864 0.927088
1.672864 0.943088
1.722016 0.909936
1.722016 0.925936
1.722016 0.941936
1.771168 0.908784
1.771168 0.924784
1.771168 0.940784
1.82032 0.907632
1.82032 0.923632
1.82032 0.939632
1.869472 0.906480
1.869472 0.922480
1.869472 0.938480
1.918624 0.905328
1.918624 0.921328
1.918624 0.937328
1.967776 0.904176
1.967776 0.920176
1.967776 0.936176
2.016928 0.903024
2.016928 0.919024
2.016928 0.935024
2.06608 0.901872
2.06608 0.917872
2.06608 0.933872
2.06608 0.949872
2.115232 0.916720
2.115232 0.932720
2.115232 0.948720
2.164384 0.915568
2.164384 0.931568
2.164384 0.947568
2.213536 0.914416
2.213536 0.930416
2.213536 0.946416
2.262688 0.913264
2.262688 0.929264
2.262688 0.945264
2.31184 0.912112
2.31184 0.928112
2.31184 0.944112
2.360992 0.910960
2.360992 0.926960
2.360992 0.942960
2.410144 0.909808
2.410144 0.925808
2.410144 0.941808
2.459296 0.908656
2.459296 0.924656
2.459296 0.940656
2.508448 0.907504
2.508448 0.923504
2.508448 0.939504
2.5576 0.906352
2.5576 0.922352
2.5576 0.938352
2.606752 0.905200
2.606752 0.921200
2.606752 0.937200
2.655904 0.904048
2.655904 0.920048
2.655904 0.936048
2.705056 0.902896
2.705056 0.918896
2.705056 0.934896
2.754208 0.901744
2.754208 0.917744
2.754208 0.933744
2.754208 0.949744
2.80336 0.916592
2.80336 0.932592
2.80336 0.948592
2.852512 0.915440
2.852512 0.931440
2.852512 0.947440
2.901664 0.914288
2.901664 0.930288
2.901664 0.946288
2.950816 0.913136
2.950816 0.929136
2.950816 0.945136
2.999968 0.911984
2.999968 0.927984
2.999968 0.943984
3.04912 0.910832
3.04912 0.926832
3.04912 0.942832
3.098272 0.909680
3.098272 0.925680
3.098272 0.941680
3.147424 0.908528
3.147424 0.924528
3.147424 0.940528
3.196576 0.907376
3.196576 0.923376
3.196576 0.939376
3.245728 0.906224
3.245728 0.922224
3.245728 0.938224
3.29488 0.905072
3.29488 0.921072
3.29488 0.937072
3.344032 0.903920
3.344032 0.919920
3.344032 0.935920
3.393184 0.902768
3.393184 0.918768
3.393184 0.934768
3.442336 0.901616
3.442336 0.917616
3.442336 0.933616
3.442336 0.949616
3.491488 0.916464
3.491488 0.932464
3.491488 0.948464
3.54064 0.915312
3.54064 0.931312
3.54064 0.947312
3.589792 0.914160
3.589792 0.930160
3.589792 0.946160
3.638944 0.913008
3.638944 0.929008
3.638944 0.945008
3.688096 0.911856
3.688096 0.927856
3.688096 0.943856
3.737248 0.910704
3.737248 0.926704
3.737248 0.942704
3.7864 0.909552
3.7864 0.925552
3.7864 0.941552
3.835552 0.908400
3.835552 0.924400
3.835552 0.940400
3.884704 0.907248
3.884704 0.923248
3.884704 0.939248
3.933856 0.906096
3.933856 0.922096
3.933856 0.938096
3.983008 0.904944
3.983008 0.920944
3.983008 0.936944
4.03216 0.903792
4.03216 0.919792
4.03216 0.935792
4.081312 0.902640
4.081312 0.918640
4.081312 0.934640
4.130464 0.901488
4.130464 0.917488
4.130464 0.933488
4.130464 0.949488
4.179616 0.916336
4.179616 0.932336
4.179616 0.948336
4.228768 0.915184
4.228768 0.931184
4.228768 0.947184
4.27792 0.914032
4.27792 0.930032
4.27792 0.946032
4.327072 0.912880
4.327072 0.928880
4.327072 0.944880
4.376224 0.911728
4.376224 0.927728
4.376224 0.943728
4.425376 0.910576
4.425376 0.926576
4.425376 0.942576
4.474528 0.909424
4.474528 0.925424
4.474528 0.941424
4.52368 0.908272
4.52368 0.924272
4.52368 0.940272
4.572832 0.907120
4.572832 0.923120
4.572832 0.939120
4.621984 0.905968
4.621984 0.921968
4.621984 0.937968
4.671136 0.904816
4.671136 0.920816
4.671136 0.936816
4.720288 0.903664
4.720288 0.919664
4.720288 0.935664
4.76944 0.902512
4.76944 0.918512
4.76944 0.934512
4.818592 0.901360
4.818592 0.917360
4.818592 0.933360
4.818592 0.949360
4.867744 0.916208
4.867744 0.932208
4.867744 0.948208
4.916896 0.915056
4.916896 0.931056
4.916896 0.947056
4.966048 0.913904
4.966048 0.929904
4.966048 0.945904
5.0152 0.912752
5.0152 0.928752
5.0152 0.944752
5.064352 0.911600
5.064352 0.927600
5.064352 0.943600
5.113504 0.910448
5.113504 0.926448
5.113504 0.942448
5.162656 0.909296
5.162656 0.925296
5.162656 0.941296
5.211808 0.908144
5.211808 0.924144
5.211808 0.940144
5.26096 0.906992
5.26096 0.922992
5.26096 0.938992
5.310112 0.905840
5.310112 0.921840
5.310112 0.937840
5.359264 0.904688
5.359264 0.920688
5.359264 0.936688
5.408416 0.903536
5.408416 0.919536
5.408416 0.935536
5.457568 0.902384
5.457568 0.918384
5.457568 0.934384
5.50672 0.901232
5.50672 0.917232
5.50672 0.933232
5.50672 0.949232
5.555872 0.916080
5.555872 0.932080
5.555872 0.948080
5.605024 0.914928
5.605024 0.930928
5.605024 0.946928
5.654176 0.913776
5.654176 0.929776
5.654176 0.945776
5.703328 0.912624
5.703328 0.928624
5.703328 0.944624
5.75248 0.911472
5.75248 0.927472
5.75248 0.943472
5.801632 0.910320
5.801632 0.926320
5.801632 0.942320
5.850784 0.909168
5.850784 0.925168
5.850784 0.941168
5.899936 0.908016
5.899936 0.924016
5.899936 0.940016
5.949088 0.906864
5.949088 0.922864
5.949088 0.938864
5.99824 0.905712
5.99824 0.921712
5.99824 0.937712
6.047392 0.904560
6.047392 0.920560
6.047392 0.936560
6.096544 0.903408
6.096544 0.919408
6.096544 0.935408
6.145696 0.902256
6.145696 0.918256
6.145696 0.934256
6.194848 0.901104
6.194848 0.917104
6.194848 0.933104
6.194848 0.949104
6.244 0.915952
6.244 0.931952
6.244 0.947952
6.293152 0.914800
6.293152 0.930800
6.293152 0.946800
6.342304 0.913648
6.342304 0.929648
6.342304 0.945648
6.391456 0.912496
6.391456 0.928496
6.391456 0.944496
6.440608 0.911344
6.440608 0.927344
6.440608 0.943344
6.48976 0.910192
6.48976 0.926192
6.48976 0.942192
6.538912 0.909040
6.538912 0.925040
6.538912 0.941040
6.588064 0.907888
6.588064 0.923888
6.588064 0.939888
6.637216 0.906736
6.637216 0.922736
6.637216 0.938736
6.686368 0.905584
6.686368 0.921584
6.686368 0.937584
6.73552 0.904432
6.73552 0.920432
6.73552 0.936432
6.784672 0.903280
6.784672 0.919280
6.784672 0.935280
6.833824 0.902128
6.833824 0.918128
6.833824 0.934128
6.882976 0.900976
6.882976 0.916976
6.882976 0.932976
6.882976 0.948976
6.932128 0.915824
6.932128 0.931824
6.932128 0.947824
6.98128 0.914672
6.98128 0.930672
6.98128 0.946672
7.030432 0.913520
7.030432 0.929520
7.030432 0.945520
7.079584 0.912368
7.079584 0.928368
7.079584 0.944368
7.128736 0.911216
7.128736 0.927216
7.128736 0.943216
7.177888 0.910064
7.177888 0.926064
7.177888 0.942064
7.22704 0.908912
7.22704 0.924912
7.22704 0.940912
7.276192 0.907760
7.276192 0.923760
7.276192 0.939760
7.325344 0.906608
7.325344 0.922608
7.325344 0.938608
7.374496 0.905456
7.374496 0.921456
7.374496 0.937456
7.423648 0.904304
7.423648 0.920304
7.423648 0.936304
7.4728 0.903152
7.4728 0.919152
7.4728 0.935152
7.521952 0.902000
7.521952 0.918000
7.521952 0.934000
7.521952 0.950000
7.571104 0.916848
7.571104 0.932848
7.571104 0.948848
7.620256 0.915696
7.620256 0.931696
7.620256 0.947696
7.669408 0.914544
7.669408 0.930544
7.669408 0.946544
7.71856 0.913392
7.71856 0.929392
7.71856 0.945392
7.767712 0.912240
7.767712 0.928240
7.767712 0.944240
7.816864 0.911088
7.816864 0.927088
7.816864 0.943088
7.866016 0.909936
7.866016 0.925936
7.866016 0.941936
7.915168 0.908784
7.915168 0.924784
7.915168 0.940784
7.96432 0.907632
7.96432 0.923632
7.96432 0.939632
8.013472 0.906480
8.013472 0.922480
8.013472 0.938480
8.062624 0.905328
8.062624 0.921328
8.062624 0.937328
8.111776 0.904176
8.111776 0.920176
8.111776 0.936176
8.160928 0.903024
8.160928 0.919024
8.160928 0.935024
8.21008 0.901872
8.21008 0.917872
8.21008 0.933872
8.21008 0.949872
8.259232 0.916720
8.259232 0.932720
8.259232 0.948720
8.308384 0.915568
8.308384 0.931568
8.308384 0.947568
8.357536 0.914416
8.357536 0.930416
8.357536 0.946416
8.406688 0.913264
8.406688 0.929264
8.406688 0.945264
8.45584 0.912112
8.45584 0.928112
8.45584 0.944112
8.504992 0.910960
8.504992 0.926960
8.504992 0.942960
8.554144 0.909808
8.554144 0.925808
8.554144 0.941808
8.603296 0.908656
8.603296 0.924656
8.603296 0.940656
8.652448 0.907504
8.652448 0.923504
8.652448 0.939504
8.7016 0.906352
8.7016 0.922352
8.7016 0.938352
8.750752 0.905200
8.750752 0.921200
8.750752 0.937200
8.799904 0.904048
8.799904 0.920048
8.799904 0.936048
8.849056 0.902896
8.849056 0.918896
8.849056 0.934896
8.898208 0.901744
8.898208 0.917744
8.898208 0.933744
8.898208 0.949744
8.94736 0.916592
8.94736 0.932592
8.94736 0.948592
8.996512 0.915440
8.996512 0.931440
8.996512 0.947440
9.045664 0.914288
9.045664 0.930288
9.045664 0.946288
9.094816 0.913136
9.094816 0.929136
9.094816 0.945136
9.143968 0.911984
9.143968 0.927984
9.143968 0.943984
9.19312 0.910832
9.19312 0.926832
9.19312 0.942832
9.242272 0.909680
9.242272 0.925680
9.242272 0.941680
9.291424 0.908528
9.291424 0.924528
9.291424 0.940528
9.340576 0.907376
9.340576 0.923376
9.340576 0.939376
9.389728 0.906224
9.389728 0.922224
9.389728 0.938224
9.43888 0.905072
9.43888 0.921072
9.43888 0.937072
9.488032 0.903920
9.488032 0.919920
9.488032 0.935920
9.537184 0.902768
9.537184 0.918768
9.537184 0.934768
9.586336 0.901616
9.586336 0.917616
9.586336 0.933616
9.586336 0.949616
9.635488 0.916464
9.635488 0.932464
9.635488 0.948464
9.68464 0.915312
9.68464 0.931312
9.68464 0.947312
9.733792 0.914160
9.733792 0.930160
9.733792 0.946160
9.782944 0.913008
9.782944 0.929008
9.782944 0.945008
9.832096 0.911856
9.832096 0.927856
9.832096 0.943856
9.881248 0.910704
9.881248 0.926704
9.881248 0.942704
9.9304 0.909552
9.9304 0.925552
9.9304 0.941552
9.979552 0.908400
9.979552 0.924400
9.979552 0.940400
10.028704 0.907248
10.028704 0.923248
10.028704 0.939248
10.077856 0.906096
10.077856 0.922096
10.077856 0.938096
10.127008 0.904944
10.127008 0.920944
10.127008 0.936944
10.17616 0.903792
10.17616 0.919792
10.17616 0.935792
10.225312 0.902640
10.225312 0.918640
10.225312 0.934640
10.274464 0.901488
10.274464 0.917488
10.274464 0.933488
10.274464 0.949488
10.323616 0.916336
10.323616 0.932336
10.323616 0.948336
10.372768 0.915184
10.372768 0.931184
10.372768 0.947184
10.42192 0.914032
10.42192 0.930032
10.42192 0.946032
10.471072 0.912880
10.471072 0.928880
10.471072 0.944880
10.520224 0.911728
10.520224 0.927728
10.520224 0.943728
10.569376 0.910576
10.569376 0.926576
10.569376 0.942576
10.618528 0.909424
10.618528 0.925424
10.618528 0.941424
10.66768 0.908272
10.66768 0.924272
10.66768 0.940272
10.716832 0.907120
10.716832 0.923120
10.716832 0.939120
10.765984 0.905968
10.765984 0.921968
10.765984 0.937968
10.815136 0.904816
10.815136 0.920816
10.815136 0.936816
10.864288 0.903664
10.864288 0.919664
10.864288 0.935664
10.91344 0.902512
10.91344 0.918512
10.91344 0.934512
10.962592 0.901360
10.962592 0.917360
10.962592 0.933360
10.962592 0.949360
11.011744 0.916208
11.011744 0.932208
11.011744 0.948208
11.060896 0.915056
11.060896 0.931056
11.060896 0.947056
11.110048 0.913904
11.110048 0.929904
11.110048 0.945904
11.1592 0.912752
11.1592 0.928752
11.1592 0.944752
11.208352 0.911600
11.208352 0.927600
11.208352 0.943600
11.257504 0.910448
11.257504 0.926448
11.257504 0.942448
11.306656 0.909296
11.306656 0.925296
11.306656 0.941296
11.355808 0.908144
11.355808 0.924144
11.355808 0.940144
11.40496 0.906992
11.40496 0.922992
11.40496 0.938992
11.454112 0.905840
11.454112 0.921840
11.454112 0.937840
11.503264 0.904688
11.503264 0.920688
11.503264 0.936688
11.552416 0.903536
11.552416 0.919536
11.552416 0.935536
11.601568 0.902384
11.601568 0.918384
11.601568 0.934384
11.65072 0.901232
11.65072 0.917232
11.65072 0.933232
11.65072 0.949232
11.699872 0.916080
11.699872 0.932080
11.699872 0.948080
11.749024 0.914928
11.749024 0.930928
11.749024 0.946928
11.798176 0.913776
11.798176 0.929776
11.798176 0.945776
11.847328 0.912624
11.847328 0.928624
11.847328 0.944624
11.89648 0.911472
11.89648 0.927472
11.89648 0.943472
11.945632 0.910320
11.945632 0.926320
11.945632 0.942320
11.994784 0.909168
11.994784 0.925168
11.994784 0.941168
12.043936 0.908016
12.043936 0.924016
12.043936 0.940016
12.093088 0.906864
12.093088 0.922864
12.093088 0.938864
12.14224 0.905712
12.14224 0.921712
12.14224 0.937712
12.191392 0.904560
12.191392 0.920560
12.191392 0.936560
12.240544 0.903408
12.240544 0.919408
12.240544 0.935408
12.289696 0.902256
12.289696 0.918256
12.289696 0.934256
12.338848 0.901104
12.338848 0.917104
12.338848 0.933104
12.338848 0.949104
12.388 0.915952
12.388 0.931952
12.388 0.947952
12.437152 0.914800
12.437152 0.930800
12.437152 0.946800
12.486304 0.913648
12.486304 0.929648
12.486304 0.945648
12.535456 0.912496
12.535456 0.928496
12.535456 0.944496
12.584608 0.911344
12.584608 0.927344
12.584608 0.943344
12.63376 0.910192
12.63376 0.926192
12.63376 0.942192
12.682912 0.909040
12.682912 0.925040
12.682912 0.941040
12.732064 0.907888
12.732064 0.923888
12.732064 0.939888
12.781216 0.906736
12.781216 0.922736
12.781216 0.938736
12.830368 0.905584
12.830368 0.921584
12.830368 0.937584
12.87952 0.904432
12.87952 0.920432
12.87952 0.936432
12.928672 0.903280
12.928672 0.919280
12.928672 0.935280
12.977824 0.902128
12.977824 0.918128
12.977824 0.934128
13.026976 0.900976
13.026976 0.916976
13.026976 0.932976
13.026976 0.948976
13.076128 0.915824
13.076128 0.931824
13.076128 0.947824
13.12528 0.914672
13.12528 0.930672
13.12528 0.946672
13.174432 0.913520
13.174432 0.929520
13.174432 0.945520
13.223584 0.912368
13.223584 0.928368
13.223584 0.944368
13.272736 0.911216
13.272736 0.927216
13.272736 0.943216
13.321888 0.910064
13.321888 0.926064
13.321888 0.942064
13.37104 0.908912
13.37104 0.924912
13.37104 0.940912
13.420192 0.907760
13.420192 0.923760
13.420192 0.939760
13.469344 0.906608
13.469344 0.922608
13.469344 0.938608
13.518496 0.905456
13.518496 0.921456
13.518496 0.937456
13.567648 0.904304
13.567648 0.920304
13.567648 0.936304
13.6168 0.903152
13.6168 0.919152
13.6168 0.935152
13.665952 0.902000
13.665952 0.918000
13.665952 0.934000
13.715104 0.900848
13.715104 0.916848
13.715104 0.932848
13.715104 0.948848
13.764256 0.915696
13.764256 0.931696
13.764256 0.947696
13.813408 0.914544
13.813408 0.930544
13.813408 0.946544
13.86256 0.913392
13.86256 0.929392
13.86256 0.945392
13.911712 0.912240
13.911712 0.928240
13.911712 0.944240
13.960864 0.911088
13.960864 0.927088
13.960864 0.943088
14.010016 0.909936
14.010016 0.925936
14.010016 0.941936
14.059168 0.908784
14.059168 0.924784
14.059168 0.940784
14.10832 0.907632
14.10832 0.923632
14.10832 0.939632
14.157472 0.906480
14.157472 0.922480
14.157472 0.938480
14.206624 0.905328
14.206624 0.921328
14.206624 0.937328
14.255776 0.904176
14.255776 0.920176
14.255776 0.936176
14.304928 0.903024
14.304928 0.919024
14.304928 0.935024
14.35408 0.901872
14.35408 0.917872
14.35408 0.933872
14.35408 0.949872
14.403232 0.916720
14.403232 0.932720
14.403232 0.948720
14.452384 0.915568
14.452384 0.931568
14.452384 0.947568
14.501536 0.914416
14.501536 0.930416
14.501536 0.946416
14.550688 0.913264
14.550688 0.929264
14.550688 0.945264
14.59984 0.912112
14.59984 0.928112
14.59984 0.944112
14.648992 0.910960
14.648992 0.926960
14.648992 0.942960
14.698144 0.909808
14.698144 0.925808
14.698144 0.941808
14.747296 0.908656
14.747296 0.924656
14.747296 0.940656
14.796448 0.907504
14.796448 0.923504
14.796448 0.939504
14.8456 0.906352
14.8456 0.922352
14.8456 0.938352
14.894752 0.905200
14.894752 0.921200
14.894752 0.937200
14.943904 0.904048
14.943904 0.920048
14.943904 0.936048
14.993056 0.902896
14.993056 0.918896
14.993056 0.934896
15.042208 0.901744
15.042208 0.917744
15.042208 0.933744
15.042208 0.949744
15.09136 0.916592
15.09136 0.932592
15.09136 0.948592
15.140512 0.915440
15.140512 0.931440
15.140512 0.947440
15.189664 0.914288
15.189664 0.930288
15.189664 0.946288
15.238816 0.913136
15.238816 0.929136
15.238816 0.945136
15.287968 0.911984
15.287968 0.927984
15.287968 0.943984
15.33712 0.910832
15.33712 0.926832
15.33712 0.942832
15.386272 0.909680
15.386272 0.925680
15.386272 0.941680
15.435424 0.908528
15.435424 0.924528
15.435424 0.940528
15.484576 0.907376
15.484576 0.923376
15.484576 0.939376
15.533728 0.906224
15.533728 0.922224
15.533728 0.938224
15.58288 0.905072
15.58288 0.921072
15.58288 0.937072
15.632032 0.903920
15.632032 0.919920
15.632032 0.935920
15.681184 0.902768
15.681184 0.918768
15.681184 0.934768
15.730336 0.901616
15.730336 0.917616
15.730336 0.933616
15.730336 0.949616
15.779488 0.916464
15.779488 0.932464
15.779488 0.948464
15.82864 0.915312
15.82864 0.931312
15.82864 0.947312
15.877792 0.914160
15.877792 0.930160
15.877792 0.946160
15.926944 0.913008
15.926944 0.929008
15.926944 0.945008
15.976096 0.911856
15.976096 0.927856
15.976096 0.943856
16.025248 0.910704
16.025248 0.926704
16.025248 0.942704
16.0744 0.909552
16.0744 0.925552
16.0744 0.941552
16.123552 0.908400
16.123552 0.924400
16.123552 0.940400
16.172704 0.907248
16.172704 0.923248
16.172704 0.939248
16.221856 0.906096
16.221856 0.922096
16.221856 0.938096
16.271008 0.904944
16.271008 0.920944
16.271008 0.936944
16.32016 0.903792
16.32016 0.919792
16.32016 0.935792
16.369312 0.902640
16.369312 0.918640
16.369312 0.934640
16.418464 0.901488
16.418464 0.917488
16.418464 0.933488
16.418464 0.949488
16.467616 0.916336
16.467616 0.932336
16.467616 0.948336
16.516768 0.915184
16.516768 0.931184
16.516768 0.947184
16.56592 0.914032
16.56592 0.930032
16.56592 0.946032
16.615072 0.912880
16.615072 0.928880
16.615072 0.944880
16.664224 0.911728
16.664224 0.927728
16.664224 0.943728
16.713376 0.910576
16.713376 0.926576
16.713376 0.942576
16.762528 0.909424
16.762528 0.925424
16.762528 0.941424
16.81168 0.908272
16.81168 0.924272
16.81168 0.940272
16.860832 0.907120
16.860832 0.923120
16.860832 0.939120
16.909984 0.905968
16.909984 0.921968
16.909984 0.937968
16.959136 0.904816
16.959136 0.920816
16.959136 0.936816
17.008288 0.903664
17.008288 0.919664
17.008288 0.935664
17.05744 0.902512
17.05744 0.918512
17.05744 0.934512
17.106592 0.901360
17.106592 0.917360
17.106592 0.933360
17.106592 0.949360
17.155744 0.916208
17.155744 0.932208
17.155744 0.948208
17.204896 0.915056
17.204896 0.931056
17.204896 0.947056
17.254048 0.913904
17.254048 0.929904
17.254048 0.945904
17.3032 0.912752
17.3032 0.928752
17.3032 0.944752
17.352352 0.911600
17.352352 0.927600
17.352352 0.943600
17.401504 0.910448
17.401504 0.926448
17.401504 0.942448
17.450656 0.909296
17.450656 0.925296
17.450656 0.941296
17.499808 0.908144
17.499808 0.924144
17.499808 0.940144
17.54896 0.906992
17.54896 0.922992
17.54896 0.938992
17.598112 0.905840
17.598112 0.921840
17.598112 0.937840
17.647264 0.904688
17.647264 0.920688
17.647264 0.936688
17.696416 0.903536
17.696416 0.919536
17.696416 0.935536
17.745568 0.902384
17.745568 0.918384
17.745568 0.934384
17.79472 0.901232
17.79472 0.917232
17.79472 0.933232
17.79472 0.949232
17.843872 0.916080
17.843872 0.932080
17.843872 0.948080
17.893024 0.914928
17.893024 0.930928
17.893024 0.946928
17.942176 0.913776
17.942176 0.929776
17.942176 0.945776
17.991328 0.912624
17.991328 0.928624
17.991328 0.944624
18.04048 0.911472
18.04048 0.927472
18.04048 0.943472
18.089632 0.910320
18.089632 0.926320
18.089632 0.942320
18.138784 0.909168
18.138784 0.925168
18.138784 0.941168
18.187936 0.908016
18.187936 0.924016
18.187936 0.940016
18.237088 0.906864
18.237088 0.922864
18.237088 0.938864
18.28624 0.905712
18.28624 0.921712
18.28624 0.937712
18.335392 0.904560
18.335392 0.920560
18.335392 0.936560
18.384544 0.903408
18.384544 0.919408
18.384544 0.935408
18.433696 0.902256
18.433696 0.918256
18.433696 0.934256
18.482848 0.901104
18.482848 0.917104
18.482848 0.933104
18.482848 0.949104
18.532 0.915952
18.532 0.931952
18.532 0.947952
18.581152 0.914800
18.581152 0.930800
18.581152 0.946800
18.630304 0.913648
18.630304 0.929648
18.630304 0.945648
18.679456 0.912496
18.679456 0.928496
18.679456 0.944496
18.728608 0.911344
18.728608 0.927344
18.728608 0.943344
18.77776 0.910192
18.77776 0.926192
18.77776 0.942192
18.826912 0.909040
18.826912 0.925040
18.826912 0.941040
18.876064 0.907888
18.876064 0.923888
18.876064 0.939888
18.925216 0.906736
18.925216 0.922736
18.925216 0.938736
18.974368 0.905584
18.974368 0.921584
18.974368 0.937584
19.02352 0.904432
19.02352 0.920432
19.02352 0.936432
19.072672 0.903280
19.072672 0.919280
19.072672 0.935280
19.121824 0.902128
19.121824 0.918128
19.121824 0.934128
19.170976 0.900976
19.170976 0.916976
19.170976 0.932976
19.170976 0.948976
19.220128 0.915824
19.220128 0.931824
19.220128 0.947824
19.26928 0.914672
19.26928 0.930672
19.26928 0.946672
19.318432 0.913520
19.318432 0.929520
19.318432 0.945520
19.367584 0.912368
19.367584 0.928368
19.367584 0.944368
19.416736 0.911216
19.416736 0.927216
19.416736 0.943216
19.465888 0.910064
19.465888 0.926064
19.465888 0.942064
19.51504 0.908912
19.51504 0.924912
19.51504 0.940912
19.564192 0.907760
19.564192 0.923760
19.564192 0.939760
19.613344 0.906608
19.613344 0.922608
19.613344 0.938608
19.662496 0.905456
19.662496 0.921456
19.662496 0.937456
19.711648 0.904304
19.711648 0.920304
19.711648 0.936304
19.7608 0.903152
19.7608 0.919152
19.7608 0.935152
19.809952 0.902000
19.809952 0.918000
19.809952 0.934000
19.809952 0.950000
19.859104 0.916848
19.859104 0.932848
19.859104 0.948848
19.908256 0.915696
19.908256 0.931696
19.908256 0.947696
19.957408 0.914544
19.957408 0.930544
19.957408 0.946544
20.00656 0.913392
20.00656 0.929392
20.00656 0.945392
20.055712 0.912240
20.055712 0.928240
20.055712 0.944240
20.104864 0.911088
20.104864 0.927088
20.104864 0.943088
20.154016 0.909936
20.154016 0.925936
20.154016 0.941936
20.203168 0.908784
20.203168 0.924784
20.203168 0.940784
20.25232 0.907632
20.25232 0.923632
20.25232 0.939632
20.301472 0.906480
20.301472 0.922480
20.301472 0.938480
20.350624 0.905328
20.350624 0.921328
20.350624 0.937328
20.399776 0.904176
20.399776 0.920176
20.399776 0.936176
20.448928 0.903024
20.448928 0.919024
20.448928 0.935024
20.49808 0.901872
20.49808 0.917872
20.49808 0.933872
20.49808 0.949872
20.547232 0.916720
20.547232 0.932720
20.547232 0.948720
20.596384 0.915568
20.596384 0.931568
20.596384 0.947568
20.645536 0.914416
20.645536 0.930416
20.645536 0.946416
20.694688 0.913264
20.694688 0.929264
20.694688 0.945264
20.74384 0.912112
20.74384 0.928112
20.74384 0.944112
20.792992 0.910960
20.792992 0.926960
20.792992 0.942960
20.842144 0.909808
20.842144 0.925808
20.842144 0.941808
20.891296 0.908656
20.891296 0.924656
20.891296 0.940656
20.940448 0.907504
20.940448 0.923504
20.940448 0.939504
20.9896 0.906352
20.9896 0.922352
20.9896 0.938352
21.038752 0.905200
21.038752 0.921200
21.038752 0.937200
21.087904 0.904048
21.087904 0.920048
21.087904 0.936048
21.137056 0.902896
21.137056 0.918896
21.137056 0.934896
21.186208 0.901744
21.186208 0.917744
21.186208 0.933744
21.186208 0.949744
21.23536 0.916592
21.23536 0.932592
21.23536 0.948592
21.284512 0.915440
21.284512 0.931440
21.284512 0.947440
21.333664 0.914288
21.333664 0.930288
21.333664 0.946288
21.382816 0.913136
21.382816 0.929136
21.382816 0.945136
21.431968 0.911984
21.431968 0.927984
21.431968 0.943984
21.48112 0.910832
21.48112 0.926832
21.48112 0.942832
21.530272 0.909680
21.530272 0.925680
21.530272 0.941680
21.579424 0.908528
21.579424 0.924528
21.579424 0.940528
21.628576 0.907376
21.628576 0.923376
21.628576 0.939376
21.677728 0.906224
21.677728 0.922224
21.677728 0.938224
21.72688 0.905072
21.72688 0.921072
21.72688 0.937072
21.776032 0.903920
21.776032 0.919920
21.776032 0.935920
21.825184 0.902768
21.825184 0.918768
21.825184 0.934768
21.874336 0.901616
21.874336 0.917616
21.874336 0.933616
21.874336 0.949616
21.923488 0.916464
21.923488 0.932464
21.923488 0.948464
21.97264 0.915312
21.97264 0.931312
21.97264 0.947312
22.021792 0.914160
22.021792 0.930160
22.021792 0.946160
22.070944 0.913008
22.070944 0.929008
22.070944 0.945008
22.120096 0.911856
22.120096 0.927856
22.120096 0.943856
22.169248 0.910704
22.169248 0.926704
22.169248 0.942704
22.2184 0.909552
22.2184 0.925552
22.2184 0.941552
22.267552 0.908400
22.267552 0.924400
22.267552 0.940400
22.316704 0.907248
22.316704 0.923248
22.316704 0.939248
22.365856 0.906096
22.365856 0.922096
22.365856 0.938096
22.415008 0.904944
22.415008 0.920944
22.415008 0.936944
22.46416 0.903792
22.46416 0.919792
22.46416 0.935792
22.513312 0.902640
22.513312 0.918640
22.513312 0.934640
22.562464 0.901488
22.562464 0.917488
22.562464 0.933488
22.562464 0.949488
22.611616 0.916336
22.611616 0.932336
22.611616 0.948336
22.660768 0.915184
22.660768 0.931184
22.660768 0.947184
22.70992 0.914032
22.70992 0.930032
22.70992 0.946032
22.759072 0.912880
22.759072 0.928880
22.759072 0.944880
22.808224 0.911728
22.808224 0.927728
22.808224 0.943728
22.857376 0.910576
22.857376 0.926576
22.857376 0.942576
22.906528 0.909424
22.906528 0.925424
22.906528 0.941424
22.95568 0.908272
22.95568 0.924272
22.95568 0.940272
23.004832 0.907120
23.004832 0.923120
23.004832 0.939120
23.053984 0.905968
23.053984 0.921968
23.053984 0.937968
23.103136 0.904816
23.103136 0.920816
23.103136 0.936816
23.152288 0.903664
23.152288 0.919664
23.152288 0.935664
23.20144 0.902512
23.20144 0.918512
23.20144 0.934512
23.250592 0.901360
23.250592 0.917360
23.250592 0.933360
23.250592 0.949360
23.299744 0.916208
23.299744 0.932208
23.299744 0.948208
23.348896 0.915056
23.348896 0.931056
23.348896 0.947056
23.398048 0.913904
23.398048 0.929904
23.398048 0.945904
23.4472 0.912752
23.4472 0.928752
23.4472 0.944752
23.496352 0.911600
23.496352 0.927600
23.496352 0.943600
23.545504 0.910448
23.545504 0.926448
23.545504 0.942448
23.594656 0.909296
23.594656 0.925296
23.594656 0.941296
23.643808 0.908144
23.643808 0.924144
23.643808 0.940144
23.69296 0.906992
23.69296 0.922992
23.69296 0.938992
23.742112 0.905840
23.742112 0.921840
23.742112 0.937840
23.791264 0.904688
23.791264 0.920688
23.791264 0.936688
23.840416 0.903536
23.840416 0.919536
23.840416 0.935536
23.889568 0.902384
23.889568 0.918384
23.889568 0.934384
23.93872 0.901232
23.93872 0.917232
23.93872 0.933232
23.93872 0.949232
23.987872 0.916080
23.987872 0.932080
23.987872 0.948080
24.037024 0.914928
24.037024 0.930928
24.037024 0.946928
24.086176 0.913776
24.086176 0.929776
24.086176 0.945776
24.135328 0.912624
24.135328 0.928624
24.135328 0.944624
24.18448 0.911472
24.18448 0.927472
24.18448 0.943472
24.233632 0.910320
24.233632 0.926320
24.233632 0.942320
24.282784 0.909168
24.282784 0.925168
24.282784 0.941168
24.331936 0.908016
24.331936 0.924016
24.331936 0.940016
24.381088 0.906864
24.381088 0.922864
24.381088 0.938864
24.43024 0.905712
24.43024 0.921712
24.43024 0.937712
24.479392 0.904560
24.479392 0.920560
24.479392 0.936560
24.528544 0.903408
24.528544 0.919408
24.528544 0.935408
24.577696 0.902256
24.577696 0.918256
24.577696 0.934256
24.626848 0.901104
24.626848 0.917104
24.626848 0.933104
24.626848 0.949104
24.676 0.915952
24.676 0.931952
24.676 0.947952
24.725152 0.914800
24.725152 0.930800
24.725152 0.946800
24.774304 0.913648
24.774304 0.929648
24.774304 0.945648
24.823456 0.912496
24.823456 0.928496
24.823456 0.944496
24.872608 0.911344
24.872608 0.927344
24.872608 0.943344
24.92176 0.910192
24.92176 0.926192
24.92176 0.942192
24.970912 0.909040
24.970912 0.925040
24.970912 0.941040
25.020064 0.907888
25.020064 0.923888
25.020064 0.939888
25.069216 0.906736
25.069216 0.922736
25.069216 0.938736
25.118368 0.905584
25.118368 0.921584
25.118368 0.937584
25.16752 0.904432
25.16752 0.920432
25.16752 0.936432
25.216672 0.903280
25.216672 0.919280
25.216672 0.935280
25.265824 0.902128
25.265824 0.918128
25.265824 0.934128
25.314976 0.900976
25.314976 0.916976
25.314976 0.932976
25.314976 0.948976
25.364128 0.915824
25.364128 0.931824
25.364128 0.947824
25.41328 0.914672
25.41328 0.930672
25.41328 0.946672
25.462432 0.913520
25.462432 0.929520
25.462432 0.945520
25.511584 0.912368
25.511584 0.928368
25.511584 0.944368
25.560736 0.911216
25.560736 0.927216
25.560736 0.943216
25.609888 0.910064
25.609888 0.926064
25.609888 0.942064
25.65904 0.908912
25.65904 0.924912
25.65904 0.940912
25.708192 0.907760
25.708192 0.923760
25.708192 0.939760
25.757344 0.906608
25.757344 0.922608
25.757344 0.938608
25.806496 0.905456
25.806496 0.921456
25.806496 0.937456
25.855648 0.904304
25.855648 0.920304
25.855648 0.936304
25.9048 0.903152
25.9048 0.919152
25.9048 0.935152
25.953952 0.902000
25.953952 0.918000
25.953952 0.934000
25.953952 0.950000
26.003104 0.916848
26.003104 0.932848
26.003104 0.948848
26.052256 0.915696
26.052256 0.931696
26.052256 0.947696
26.101408 0.914544
26.101408 0.930544
26.101408 0.946544
26.15056 0.913392
26.15056 0.929392
26.15056 0.945392
26.199712 0.912240
26.199712 0.928240
26.199712 0.944240
26.248864 0.911088
26.248864 0.927088
26.248864 0.943088
26.298016 0.909936
26.298016 0.925936
26.298016 0.941936
26.347168 0.908784
26.347168 0.924784
26.347168 0.940784
26.39632 0.907632
26.39632 0.923632
26.39632 0.939632
26.445472 0.906480
26.445472 0.922480
26.445472 0.938480
26.494624 0.905328
26.494624 0.921328
26.494624 0.937328
26.543776 0.904176
26.543776 0.920176
26.543776 0.936176
26.592928 0.903024
26.592928 0.919024
26.592928 0.935024
26.64208 0.901872
26.64208 0.917872
26.64208 0.933872
26.64208 0.949872
26.691232 0.916720
26.691232 0.932720
26.691232 0.948720
26.740384 0.915568
26.740384 0.931568
26.740384 0.947568
26.789536 0.914416
26.789536 0.930416
26.789536 0.946416
26.838688 0.913264
26.838688 0.929264
26.838688 0.945264
26.88784 0.912112
26.88784 0.928112
26.88784 0.944112
26.936992 0.910960
26.936992 0.926960
26.936992 0.942960
26.986144 0.909808
26.986144 0.925808
26.986144 0.941808
27.035296 0.908656
27.035296 0.924656
27.035296 0.940656
27.084448 0.907504
27.084448 0.923504
27.084448 0.939504
27.1336 0.906352
27.1336 0.922352
27.1336 0.938352
27.182752 0.905200
27.182752 0.921200
27.182752 0.937200
27.231904 0.904048
27.231904 0.920048
27.231904 0.936048
27.281056 0.902896
27.281056 0.918896
27.281056 0.934896
27.330208 0.901744
27.330208 0.917744
27.330208 0.933744
27.330208 0.949744
27.37936 0.916592
27.37936 0.932592
27.37936 0.948592
27.428512 0.915440
27.428512 0.931440
27.428512 0.947440
27.477664 0.914288
27.477664 0.930288
27.477664 0.946288
27.526816 0.913136
27.526816 0.929136
27.526816 0.945136
27.575968 0.911984
27.575968 0.927984
27.575968 0.943984
27.62512 0.910832
27.62512 0.926832
27.62512 0.942832
27.674272 0.909680
27.674272 0.925680
27.674272 0.941680
27.723424 0.908528
27.723424 0.924528
27.723424 0.940528
27.772576 0.907376
27.772576 0.923376
27.772576 0.939376
27.821728 0.906224
27.821728 0.922224
27.821728 0.938224
27.87088 0.905072
27.87088 0.921072
27.87088 0.937072
27.920032 0.903920
27.920032 0.919920
27.920032 0.935920
27.969184 0.902768
27.969184 0.918768
27.969184 0.934768
28.018336 0.901616
28.018336 0.917616
28.018336 0.933616
28.018336 0.949616
28.067488 0.916464
28.067488 0.932464
28.067488 0.948464
28.11664 0.915312
28.11664 0.931312
28.11664 0.947312
28.165792 0.914160
28.165792 0.930160
28.165792 0.946160
28.214944 0.913008
28.214944 0.929008
28.214944 0.945008
28.264096 0.911856
28.264096 0.927856
28.264096 0.943856
28.313248 0.910704
28.313248 0.926704
28.313248 0.942704
28.3624 0.909552
28.3624 0.925552
28.3624 0.941552
28.411552 0.908400
28.411552 0.924400
28.411552 0.940400
28.460704 0.907248
28.460704 0.923248
28.460704 0.939248
28.509856 0.906096
28.509856 0.922096
28.509856 0.938096
28.559008 0.904944
28.559008 0.920944
28.559008 0.936944
28.60816 0.903792
28.60816 0.919792
28.60816 0.935792
28.657312 0.902640
28.657312 0.918640
28.657312 0.934640
28.706464 0.901488
28.706464 0.917488
28.706464 0.933488
28.706464 0.949488
28.755616 0.916336
28.755616 0.932336
28.755616 0.948336
28.804768 0.915184
28.804768 0.931184
28.804768 0.947184
28.85392 0.914032
28.85392 0.930032
28.85392 0.946032
28.903072 0.912880
28.903072 0.928880
28.903072 0.944880
28.952224 0.911728
28.952224 0.927728
28.952224 0.943728
29.001376 0.910576
29.001376 0.926576
29.001376 0.942576
29.050528 0.909424
29.050528 0.925424
29.050528 0.941424
29.09968 0.908272
29.09968 0.924272
29.09968 0.940272
29.148832 0.907120
29.148832 0.923120
29.148832 0.939120
29.197984 0.905968
29.197984 0.921968
29.197984 0.937968
29.247136 0.904816
29.247136 0.920816
29.247136 0.936816
29.296288 0.903664
29.296288 0.919664
29.296288 0.935664
29.34544 0.902512
29.34544 0.918512
29.34544 0.934512
29.394592 0.901360
29.394592 0.917360
29.394592 0.933360
29.394592 0.949360
29.443744 0.916208
29.443744 0.932208
29.443744 0.948208
29.492896 0.915056
29.492896 0.931056
29.492896 0.947056
29.542048 0.913904
29.542048 0.929904
29.542048 0.945904
29.5912 0.912752
29.5912 0.928752
29.5912 0.944752
29.640352 0.911600
29.640352 0.927600
29.640352 0.943600
29.689504 0.910448
29.689504 0.926448
29.689504 0.942448
29.738656 0.909296
29.738656 0.925296
29.738656 0.941296
29.787808 0.908144
29.787808 0.924144
29.787808 0.940144
29.83696 0.906992
29.83696 0.922992
29.83696 0.938992
29.886112 0.905840
29.886112 0.921840
29.886112 0.937840
29.935264 0.904688
29.935264 0.920688
29.935264 0.936688
29.984416 0.903536
29.984416 0.919536
29.984416 0.935536
30.033568 0.902384
30.033568 0.918384
30.033568 0.934384
30.08272 0.901232
30.08272 0.917232
30.08272 0.933232
30.08272 0.949232
30.131872 0.916080
30.131872 0.932080
30.131872 0.948080
30.181024 0.914928
30.181024 0.930928
30.181024 0.946928
30.230176 0.913776
30.230176 0.929776
30.230176 0.945776
30.279328 0.912624
30.279328 0.928624
30.279328 0.944624
30.32848 0.911472
30.32848 0.927472
30.32848 0.943472
30.377632 0.910320
30.377632 0.926320
30.377632 0.942320
30.426784 0.909168
30.426784 0.925168
30.426784 0.941168
30.475936 0.908016
30.475936 0.924016
30.475936 0.940016
30.525088 0.906864
30.525088 0.922864
30.525088 0.938864
30.57424 0.905712
30.57424 0.921712
30.57424 0.937712
30.623392 0.904560
30.623392 0.920560
30.623392 0.936560
30.672544 0.903408
30.672544 0.919408
30.672544 0.935408
30.721696 0.902256
30.721696 0.918256
30.721696 0.934256
30.770848 0.901104
30.770848 0.917104
30.770848 0.933104
30.770848 0.949104
30.82 0.915952
30.82 0.931952
30.82 0.947952
30.869152 0.914800
30.869152 0.930800
30.869152 0.946800
30.918304 0.913648
30.918304 0.929648
30.918304 0.945648
30.967456 0.912496
30.967456 0.928496
30.967456 0.944496
31.016608 0.911344
31.016608 0.927344
31.016608 0.943344
31.06576 0.910192
31.06576 0.926192
31.06576 0.942192
31.114912 0.909040
31.114912 0.925040
31.114912 0.941040
31.164064 0.907888
31.164064 0.923888
31.164064 0.939888
31.213216 0.906736
31.213216 0.922736
31.213216 0.938736
31.262368 0.905584
31.262368 0.921584
31.262368 0.937584
31.31152 0.904432
31.31152 0.920432
31.31152 0.936432
31.360672 0.903280
31.360672 0.919280
31.360672 0.935280
31.409824 0.902128
31.409824 0.918128
31.409824 0.934128
31.458976 0.900976
31.458976 0.916976
31.458976 0.932976
31.458976 0.948976
31.508128 0.915824
31.508128 0.931824
31.508128 0.947824
31.55728 0.914672
31.55728 0.930672
31.55728 0.946672
31.606432 0.913520
31.606432 0.929520
31.606432 0.945520
31.655584 0.912368
31.655584 0.928368
31.655584 0.944368
31.704736 0.911216
31.704736 0.927216
31.704736 0.943216
31.753888 0.910064
31.753888 0.926064
31.753888 0.942064
31.80304 0.908912
31.80304 0.924912
31.80304 0.940912
31.852192 0.907760
31.852192 0.923760
31.852192 0.939760
31.901344 0.906608
31.901344 0.922608
31.901344 0.938608
31.950496 0.905456
31.950496 0.921456
31.950496 0.937456
31.999648 0.904304
31.999648 0.920304
31.999648 0.936304
32.0488 0.903152
32.0488 0.919152
32.0488 0.935152
32.097952 0.902000
32.097952 0.918000
32.097952 0.934000
32.097952 0.950000
32.147104 0.916848
32.147104 0.932848
32.147104 0.948848
32.196256 0.915696
32.196256 0.931696
32.196256 0.947696
32.245408 0.914544
32.245408 0.930544
32.245408 0.946544
32.29456 0.913392
32.29456 0.929392
32.29456 0.945392
32.343712 0.912240
32.343712 0.928240
32.343712 0.944240
32.392864 0.911088
32.392864 0.927088
32.392864 0.943088
32.442016 0.909936
32.442016 0.925936
32.442016 0.941936
32.491168 0.908784
32.491168 0.924784
32.491168 0.940784
32.54032 0.907632
32.54032 0.923632
32.54032 0.939632
32.589472 0.906480
32.589472 0.922480
32.589472 0.938480
32.638624 0.905328
32.638624 0.921328
32.638624 0.937328
32.687776 0.904176
32.687776 0.920176
32.687776 0.936176
32.736928 0.903024
32.736928 0.919024
32.736928 0.935024
32.78608 0.901872
32.78608 0.917872
32.78608 0.933872
32.78608 0.949872
32.835232 0.916720
32.835232 0.932720
32.835232 0.948720
32.884384 0.915568
32.884384 0.931568
32.884384 0.947568
32.933536 0.914416
32.933536 0.930416
32.933536 0.946416
32.982688 0.913264
32.982688 0.929264
32.982688 0.945264
33.03184 0.912112
33.03184 0.928112
33.03184 0.944112
33.080992 0.910960
33.080992 0.926960
33.080992 0.942960
33.130144 0.909808
33.130144 0.925808
33.130144 0.941808
33.179296 0.908656
33.179296 0.924656
33.179296 0.940656
33.228448 0.907504
33.228448 0.923504
33.228448 0.939504
33.2776 0.906352
33.2776 0.922352
33.2776 0.938352
33.326752 0.905200
33.326752 0.921200
33.326752 0.937200
33.375904 0.904048
33.375904 0.920048
33.375904 0.936048
33.425056 0.902896
33.425056 0.918896
33.425056 0.934896
33.474208 0.901744
33.474208 0.917744
33.474208 0.933744
33.474208 0.949744
33.52336 0.916592
33.52336 0.932592
33.52336 0.948592
33.572512 0.915440
33.572512 0.931440
33.572512 0.947440
33.621664 0.914288
33.621664 0.930288
33.621664 0.946288
33.670816 0.913136
33.670816 0.929136
33.670816 0.945136
33.719968 0.911984
33.719968 0.927984
33.719968 0.943984
33.76912 0.910832
33.76912 0.926832
33.76912 0.942832
33.818272 0.909680
33.818272 0.925680
33.818272 0.941680
33.867424 0.908528
33.867424 0.924528
33.867424 0.940528
33.916576 0.907376
33.916576 0.923376
33.916576 0.939376
33.965728 0.906224
33.965728 0.922224
33.965728 0.938224
34.01488 0.905072
34.01488 0.921072
34.01488 0.937072
34.064032 0.903920
34.064032 0.919920
34.064032 0.935920
34.113184 0.902768
34.113184 0.918768
34.113184 0.934768
34.162336 0.901616
34.162336 0.917616
34.162336 0.933616
34.162336 0.949616
34.211488 0.916464
34.211488 0.932464
34.211488 0.948464
34.26064 0.915312
34.26064 0.931312
34.26064 0.947312
34.309792 0.914160
34.309792 0.930160
34.309792 0.946160
34.358944 0.913008
34.358944 0.929008
34.358944 0.945008
34.408096 0.911856
34.408096 0.927856
34.408096 0.943856
34.457248 0.910704
34.457248 0.926704
34.457248 0.942704
34.5064 0.909552
34.5064 0.925552
34.5064 0.941552
34.555552 0.908400
34.555552 0.924400
34.555552 0.940400
34.604704 0.907248
34.604704 0.923248
34.604704 0.939248
34.653856 0.906096
34.653856 0.922096
34.653856 0.938096
34.703008 0.904944
34.703008 0.920944
34.703008 0.936944
34.75216 0.903792
34.75216 0.919792
34.75216 0.935792
34.801312 0.902640
34.801312 0.918640
34.801312 0.934640
34.850464 0.901488
34.850464 0.917488
34.850464 0.933488
34.850464 0.949488
34.899616 0.916336
34.899616 0.932336
34.899616 0.948336
34.948768 0.915184
34.948768 0.931184
34.948768 0.947184
34.99792 0.914032
34.99792 0.930032
34.99792 0.946032
35.047072 0.912880
35.047072 0.928880
35.047072 0.944880
35.096224 0.911728
35.096224 0.927728
35.096224 0.943728
35.145376 0.910576
35.145376 0.926576
35.145376 0.942576
35.194528 0.909424
35.194528 0.925424
35.194528 0.941424
35.24368 0.908272
35.24368 0.924272
35.24368 0.940272
35.292832 0.907120
35.292832 0.923120
35.292832 0.939120
35.341984 0.905968
35.341984 0.921968
35.341984 0.937968
35.391136 0.904816
35.391136 0.920816
35.391136 0.936816
35.440288 0.903664
35.440288 0.919664
35.440288 0.935664
35.48944 0.902512
35.48944 0.918512
35.48944 0.934512
35.538592 0.901360
35.538592 0.917360
35.538592 0.933360
35.538592 0.949360
35.587744 0.916208
35.587744 0.932208
35.587744 0.948208
35.636896 0.915056
35.636896 0.931056
35.636896 0.947056
35.686048 0.913904
35.686048 0.929904
35.686048 0.945904
35.7352 0.912752
35.7352 0.928752
35.7352 0.944752
35.784352 0.911600
35.784352 0.927600
35.784352 0.943600
35.833504 0.910448
35.833504 0.926448
35.833504 0.942448
35.882656 0.909296
35.882656 0.925296
35.882656 0.941296
35.931808 0.908144
35.931808 0.924144
35.931808 0.940144
35.98096 0.906992
35.98096 0.922992
35.98096 0.938992
36.030112 0.905840
36.030112 0.921840
36.030112 0.937840
36.079264 0.904688
36.079264 0.920688
36.079264 0.936688
36.128416 0.903536
36.128416 0.919536
36.128416 0.935536
36.177568 0.902384
36.177568 0.918384
36.177568 0.934384
36.22672 0.901232
36.22672 0.917232
36.22672 0.933232
36.22672 0.949232
36.275872 0.916080
36.275872 0.932080
36.275872 0.948080
36.325024 0.914928
36.325024 0.930928
36.325024 0.946928
36.374176 0.913776
36.374176 0.929776
36.374176 0.945776
36.423328 0.912624
36.423328 0.928624
36.423328 0.944624
36.47248 0.911472
36.47248 0.927472
36.47248 0.943472
36.521632 0.910320
36.521632 0.926320
36.521632 0.942320
36.570784 0.909168
36.570784 0.925168
36.570784 0.941168
36.619936 0.908016
36.619936 0.924016
36.619936 0.940016
36.669088 0.906864
36.669088 0.922864
36.669088 0.938864
36.71824 0.905712
36.71824 0.921712
36.71824 0.937712
36.767392 0.904560
36.767392 0.920560
36.767392 0.936560
36.816544 0.903408
36.816544 0.919408
36.816544 0.935408
36.865696 0.902256
36.865696 0.918256
36.865696 0.934256
36.914848 0.901104
36.914848 0.917104
36.914848 0.933104
36.914848 0.949104
36.964 0.915952
36.964 0.931952
36.964 0.947952
37.013152 0.914800
37.013152 0.930800
37.013152 0.946800
37.062304 0.913648
37.062304 0.929648
37.062304 0.945648
37.111456 0.912496
37.111456 0.928496
37.111456 0.944496
37.160608 0.911344
37.160608 0.927344
37.160608 0.943344
37.20976 0.910192
37.20976 0.926192
37.20976 0.942192
37.258912 0.909040
37.258912 0.925040
37.258912 0.941040
37.308064 0.907888
37.308064 0.923888
37.308064 0.939888
37.357216 0.906736
37.357216 0.922736
37.357216 0.938736
37.406368 0.905584
37.406368 0.921584
37.406368 0.937584
37.45552 0.904432
37.45552 0.920432
37.45552 0.936432
37.504672 0.903280
37.504672 0.919280
37.504672 0.935280
37.553824 0.902128
37.553824 0.918128
37.553824 0.934128
37.602976 0.900976
37.602976 0.916976
37.602976 0.932976
37.602976 0.948976
37.652128 0.915824
37.652128 0.931824
37.652128 0.947824
37.70128 0.914672
37.70128 0.930672
37.70128 0.946672
37.750432 0.913520
37.750432 0.929520
37.750432 0.945520
37.799584 0.912368
37.799584 0.928368
37.799584 0.944368
37.848736 0.911216
37.848736 0.927216
37.848736 0.943216
37.897888 0.910064
37.897888 0.926064
37.897888 0.942064
37.94704 0.908912
37.94704 0.924912
37.94704 0.940912
37.996192 0.907760
37.996192 0.923760
37.996192 0.939760
38.045344 0.906608
38.045344 0.922608
38.045344 0.938608
38.094496 0.905456
38.094496 0.921456
38.094496 0.937456
38.143648 0.904304
38.143648 0.920304
38.143648 0.936304
38.1928 0.903152
38.1928 0.919152
38.1928 0.935152
38.241952 0.902000
38.241952 0.918000
38.241952 0.934000
38.241952 0.950000
38.291104 0.916848
38.291104 0.932848
38.291104 0.948848
38.340256 0.915696
38.340256 0.931696
38.340256 0.947696
38.389408 0.914544
38.389408 0.930544
38.389408 0.946544
38.43856 0.913392
38.43856 0.929392
38.43856 0.945392
38.487712 0.912240
38.487712 0.928240
38.487712 0.944240
38.536864 0.911088
38.536864 0.927088
38.536864 0.943088
38.586016 0.909936
38.586016 0.925936
38.586016 0.941936
38.635168 0.908784
38.635168 0.924784
38.635168 0.940784
38.68432 0.907632
38.68432 0.923632
38.68432 0.939632
38.733472 0.906480
38.733472 0.922480
38.733472 0.938480
38.782624 0.905328
38.782624 0.921328
38.782624 0.937328
38.831776 0.904176
38.831776 0.920176
38.831776 0.936176
38.880928 0.903024
38.880928 0.919024
38.880928 0.935024
38.93008 0.901872
38.93008 0.917872
38.93008 0.933872
38.93008 0.949872
38.979232 0.916720
38.979232 0.932720
38.979232 0.948720
39.028384 0.915568
39.028384 0.931568
39.028384 0.947568
39.077536 0.914416
39.077536 0.930416
39.077536 0.946416
39.126688 0.913264
39.126688 0.929264
39.126688 0.945264
39.17584 0.912112
39.17584 0.928112
39.17584 0.944112
39.224992 0.910960
39.224992 0.926960
39.224992 0.942960
39.274144 0.909808
39.274144 0.925808
39.274144 0.941808
39.323296 0.908656
39.323296 0.924656
39.323296 0.940656
39.372448 0.907504
39.372448 0.923504
39.372448 0.939504
39.4216 0.906352
39.4216 0.922352
39.4216 0.938352
39.470752 0.905200
39.470752 0.921200
39.470752 0.937200
39.519904 0.904048
39.519904 0.920048
39.519904 0.936048
39.569056 0.902896
39.569056 0.918896
39.569056 0.934896
39.618208 0.901744
39.618208 0.917744
39.618208 0.933744
39.618208 0.949744
39.66736 0.916592
39.66736 0.932592
39.66736 0.948592
39.716512 0.915440
39.716512 0.931440
39.716512 0.947440
39.765664 0.914288
39.765664 0.930288
39.765664 0.946288
39.814816 0.913136
39.814816 0.929136
39.814816 0.945136
39.863968 0.911984
39.863968 0.927984
39.863968 0.943984
39.91312 0.910832
39.91312 0.926832
39.91312 0.942832
39.962272 0.909680
39.962272 0.925680
39.962272 0.941680
