0.1 0.103200
0.2032 0.103200
0.3064 0.594720
0.3064 1.089440
0.90112 0.103200
0.9364 0.954160
1.00432 1.380960
1.00432 1.875680
1.39584 0.103200
1.49904 1.875680
1.89056 0.103200
1.99376 1.875680
2.38528 0.103200
2.48848 1.875680
2.75904 2.099840
2.88 0.103200
2.9832 2.370400
2.9832 2.865120
3.37472 0.103200
3.47792 2.865120
3.86944 0.103200
3.97264 2.865120
4.36416 0.103200
4.46736 2.865120
4.46736 3.359840
4.85888 0.103200
4.96208 3.359840
5.3536 0.103200
5.4568 3.359840
5.84832 0.103200
6.34304 0.103200
6.83776 0.103200
7.33248 0.103200
7.8272 0.103200
7.9304 1.380960
7.9304 1.875680
8.32192 0.103200
8.42512 1.875680
8.81664 0.103200
8.91984 1.875680
9.31136 0.103200
9.41456 1.875680
9.80608 0.103200
9.90928 1.875680
10.3008 0.103200
10.404 1.875680
10.404 2.370400
10.79552 0.103200
10.89872 2.370400
11.29024 0.103200
11.39344 2.370400
11.78496 0.103200
11.88816 2.370400
12.27968 0.103200
12.38288 2.370400
12.7744 0.103200
12.8776 2.370400
12.8776 2.865120
13.26912 0.103200
13.37232 2.865120
13.76384 0.103200
13.86704 2.865120
14.25856 0.103200
14.36176 2.865120
14.75328 0.103200
14.85648 2.865120
15.248 0.103200
15.3512 2.865120
15.74272 0.103200
15.84592 2.865120
15.84592 3.359840
16.23744 0.103200
16.34064 3.359840
16.73216 0.103200
16.83536 3.359840
17.22688 0.103200
17.33008 3.359840
17.7216 0.103200
17.8248 3.359840
18.21632 0.103200
18.31952 3.359840
18.71104 0.103200
18.81424 3.359840
19.20576 0.103200
19.30896 3.359840
19.70048 0.103200
19.80368 3.359840
19.80368 3.854560
20.1952 0.103200
20.2984 3.854560
20.68992 0.103200
20.79312 3.854560
21.18464 0.103200
21.28784 3.854560
21.67936 0.103200
21.78256 3.854560
22.17408 0.103200
22.27728 3.854560
22.6688 0.103200
22.772 3.854560
23.16352 0.103200
23.26672 3.854560
23.65824 0.103200
23.76144 3.854560
23.76144 4.349280
24.15296 0.103200
24.25616 4.349280
24.64768 0.103200
24.75088 4.349280
25.1424 0.103200
25.2456 4.349280
25.63712 0.103200
25.74032 4.349280
26.13184 0.103200
26.23504 4.349280
26.62656 0.103200
26.72976 4.349280
27.12128 0.103200
27.22448 4.349280
27.616 0.103200
27.7192 4.349280
28.11072 0.103200
28.21392 4.349280
28.60544 0.103200
28.70864 4.349280
28.70864 4.844000
29.10016 0.103200
29.20336 4.844000
29.59488 0.103200
29.69808 4.844000
30.0896 0.103200
30.1928 4.844000
30.58432 0.103200
30.68752 4.844000
31.07904 0.103200
31.18224 4.844000
31.57376 0.103200
31.67696 4.844000
32.06848 0.103200
32.17168 4.844000
32.5632 0.103200
32.6664 4.844000
33.05792 0.103200
33.16112 4.844000
33.55264 0.103200
33.65584 4.844000
33.65584 5.338720
34.04736 0.103200
34.15056 5.338720
34.54208 0.103200
34.64528 5.338720
35.0368 0.103200
35.14 5.338720
35.53152 0.103200
35.63472 5.338720
36.02624 0.103200
36.12944 5.338720
36.52096 0.103200
36.62416 5.338720
37.01568 0.103200
37.11888 5.338720
37.5104 0.103200
37.6136 5.338720
38.00512 0.103200
38.10832 5.338720
38.49984 0.103200
38.60304 5.338720
38.99456 0.103200
39.09776 5.338720
39.48928 0.103200
39.59248 5.338720
39.59248 5.833440
39.984 0.103200
40.47872 0.103200
40.97344 0.103200
41.46816 0.103200
41.96288 0.103200
42.4576 0.103200
42.95232 0.103200
43.44704 0.103200
43.94176 0.103200
44.43648 0.103200
44.9312 0.103200
45.42592 0.103200
