0.1 0.166000
0.1 0.182000
0.1 0.182768
0.116384 0.182384
0.116384 0.198384
0.116384 0.199152
0.132768 0.198768
0.132768 0.214768
0.132768 0.215536
0.149152 0.215152
0.149152 0.231152
0.149152 0.231920
0.165536 0.231536
0.165536 0.247536
0.165536 0.248304
0.18192 0.247920
0.18192 0.263920
0.18192 0.264688
0.198304 0.264304
0.198304 0.280304
0.198304 0.281072
0.214688 0.280688
0.214688 0.296688
0.214688 0.297456
0.231072 0.297072
0.231072 0.313072
0.231072 0.313840
0.247456 0.313456
0.247456 0.329456
0.247456 0.330224
0.26384 0.329840
0.26384 0.345840
0.26384 0.346608
0.280224 0.346224
0.280224 0.362224
0.280224 0.362992
0.296608 0.362608
0.296608 0.378608
0.296608 0.379376
0.312992 0.378992
0.312992 0.394992
0.312992 0.395760
0.329376 0.395376
0.329376 0.411376
0.329376 0.412144
0.34576 0.411760
0.34576 0.427760
0.34576 0.428528
0.362144 0.428144
0.362144 0.444144
0.362144 0.444912
0.378528 0.444528
0.378528 0.460528
0.378528 0.461296
0.394912 0.460912
0.394912 0.476912
0.394912 0.477680
0.411296 0.477296
0.411296 0.493296
0.411296 0.494064
0.42768 0.493680
0.42768 0.509680
0.42768 0.510448
0.444064 0.510064
0.444064 0.526064
0.444064 0.526832
0.460448 0.526448
0.460448 0.542448
0.460448 0.543216
0.476832 0.542832
0.476832 0.558832
0.476832 0.559600
0.493216 0.559216
0.493216 0.575216
0.493216 0.575984
0.5096 0.575600
0.5096 0.591600
0.5096 0.592368
0.525984 0.591984
0.525984 0.607984
0.525984 0.608752
0.542368 0.608368
0.542368 0.624368
0.542368 0.625136
0.558752 0.624752
0.558752 0.640752
0.558752 0.641520
0.575136 0.641136
0.575136 0.657136
0.575136 0.657904
0.59152 0.657520
0.59152 0.673520
0.59152 0.674288
0.607904 0.673904
0.607904 0.689904
0.607904 0.690672
0.624288 0.690288
0.640672 0.689904
0.640672 0.705904
0.657056 0.705520
0.67344 0.705136
0.67344 0.721136
0.689824 0.720752
0.706208 0.720368
0.706208 0.736368
0.722592 0.735984
0.738976 0.735600
0.738976 0.751600
0.75536 0.751216
0.771744 0.750832
0.771744 0.766832
0.788128 0.766448
0.804512 0.766064
0.804512 0.782064
0.820896 0.781680
0.83728 0.781296
0.83728 0.797296
0.853664 0.796912
0.870048 0.796528
0.870048 0.812528
0.886432 0.812144
0.902816 0.811760
0.902816 0.827760
0.9192 0.827376
0.935584 0.826992
0.935584 0.842992
0.951968 0.842608
0.968352 0.842224
0.968352 0.858224
0.984736 0.857840
1.00112 0.857456
1.00112 0.873456
1.017504 0.873072
1.033888 0.872688
1.033888 0.888688
1.050272 0.888304
1.066656 0.887920
1.066656 0.903920
1.08304 0.903536
1.099424 0.903152
1.099424 0.919152
1.115808 0.918768
1.132192 0.918384
1.132192 0.934384
1.148576 0.934000
1.16496 0.933616
1.16496 0.949616
1.181344 0.949232
1.197728 0.948848
1.214112 0.948464
1.230496 0.948080
1.24688 0.947696
1.263264 0.947312
1.279648 0.946928
1.296032 0.946544
1.312416 0.946160
1.3288 0.945776
1.345184 0.945392
1.361568 0.945008
1.377952 0.944624
1.394336 0.944240
1.41072 0.943856
1.427104 0.943472
1.443488 0.943088
1.459872 0.942704
1.476256 0.942320
1.49264 0.941936
1.509024 0.941552
1.525408 0.941168
1.541792 0.940784
1.558176 0.940400
1.57456 0.940016
1.590944 0.939632
1.607328 0.939248
1.623712 0.938864
1.640096 0.938480
1.65648 0.938096
1.672864 0.937712
1.689248 0.937328
1.705632 0.936944
1.722016 0.936560
1.7384 0.936176
1.754784 0.935792
1.771168 0.935408
1.787552 0.935024
1.803936 0.934640
1.82032 0.934256
1.836704 0.933872
1.836704 0.949872
1.853088 0.949488
1.869472 0.949104
1.885856 0.948720
1.90224 0.948336
1.918624 0.947952
1.935008 0.947568
1.951392 0.947184
1.967776 0.946800
1.98416 0.946416
2.000544 0.946032
2.016928 0.945648
2.033312 0.945264
2.049696 0.944880
2.06608 0.944496
2.082464 0.944112
2.098848 0.943728
2.115232 0.943344
2.131616 0.942960
2.148 0.942576
2.164384 0.942192
2.180768 0.941808
2.197152 0.941424
2.213536 0.941040
2.22992 0.940656
2.246304 0.940272
2.262688 0.939888
2.279072 0.939504
2.295456 0.939120
2.31184 0.938736
2.328224 0.938352
2.344608 0.937968
2.360992 0.937584
2.377376 0.937200
2.39376 0.936816
2.410144 0.936432
2.426528 0.936048
2.442912 0.935664
2.459296 0.935280
2.47568 0.934896
2.492064 0.934512
2.508448 0.934128
2.524832 0.933744
2.524832 0.949744
2.541216 0.949360
2.5576 0.948976
2.573984 0.948592
2.590368 0.948208
2.606752 0.947824
2.623136 0.947440
2.63952 0.947056
2.655904 0.946672
2.672288 0.946288
2.688672 0.945904
2.705056 0.945520
2.72144 0.945136
2.737824 0.944752
2.754208 0.944368
2.770592 0.943984
2.786976 0.943600
2.80336 0.943216
2.819744 0.942832
2.836128 0.942448
2.852512 0.942064
2.868896 0.941680
2.88528 0.941296
2.901664 0.940912
2.918048 0.940528
2.934432 0.940144
2.950816 0.939760
2.9672 0.939376
2.983584 0.938992
2.999968 0.938608
3.016352 0.938224
3.032736 0.937840
3.04912 0.937456
3.065504 0.937072
3.081888 0.936688
3.098272 0.936304
3.114656 0.935920
3.13104 0.935536
3.147424 0.935152
3.163808 0.934768
3.180192 0.934384
3.196576 0.934000
3.21296 0.933616
3.21296 0.949616
3.229344 0.949232
3.245728 0.948848
3.262112 0.948464
3.278496 0.948080
3.29488 0.947696
3.311264 0.947312
3.327648 0.946928
3.344032 0.946544
3.360416 0.946160
3.3768 0.945776
3.393184 0.945392
3.409568 0.945008
3.425952 0.944624
3.442336 0.944240
3.45872 0.943856
3.475104 0.943472
3.491488 0.943088
3.507872 0.942704
3.524256 0.942320
3.54064 0.941936
3.557024 0.941552
3.573408 0.941168
3.589792 0.940784
3.606176 0.940400
3.62256 0.940016
3.638944 0.939632
3.655328 0.939248
3.671712 0.938864
3.688096 0.938480
3.70448 0.938096
3.720864 0.937712
3.737248 0.937328
3.753632 0.936944
3.770016 0.936560
3.7864 0.936176
3.802784 0.935792
3.819168 0.935408
3.835552 0.935024
3.851936 0.934640
3.86832 0.934256
3.884704 0.933872
3.884704 0.949872
3.901088 0.949488
3.917472 0.949104
3.933856 0.948720
3.95024 0.948336
3.966624 0.947952
3.983008 0.947568
3.999392 0.947184
4.015776 0.946800
4.03216 0.946416
4.048544 0.946032
4.064928 0.945648
4.081312 0.945264
4.097696 0.944880
4.11408 0.944496
4.130464 0.944112
4.146848 0.943728
4.163232 0.943344
4.179616 0.942960
4.196 0.942576
4.212384 0.942192
4.228768 0.941808
4.245152 0.941424
4.261536 0.941040
4.27792 0.940656
4.294304 0.940272
4.310688 0.939888
4.327072 0.939504
4.343456 0.939120
4.35984 0.938736
4.376224 0.938352
4.392608 0.937968
4.408992 0.937584
4.425376 0.937200
4.44176 0.936816
4.458144 0.936432
4.474528 0.936048
4.490912 0.935664
4.507296 0.935280
4.52368 0.934896
4.540064 0.934512
4.556448 0.934128
4.572832 0.933744
4.572832 0.949744
4.589216 0.949360
4.6056 0.948976
4.621984 0.948592
4.638368 0.948208
4.654752 0.947824
4.671136 0.947440
4.68752 0.947056
4.703904 0.946672
4.720288 0.946288
4.736672 0.945904
4.753056 0.945520
4.76944 0.945136
4.785824 0.944752
4.802208 0.944368
4.818592 0.943984
4.834976 0.943600
4.85136 0.943216
4.867744 0.942832
4.884128 0.942448
4.900512 0.942064
4.916896 0.941680
4.93328 0.941296
4.949664 0.940912
4.966048 0.940528
4.982432 0.940144
4.998816 0.939760
5.0152 0.939376
5.031584 0.938992
5.047968 0.938608
5.064352 0.938224
5.080736 0.937840
5.09712 0.937456
5.113504 0.937072
5.129888 0.936688
5.146272 0.936304
5.162656 0.935920
5.17904 0.935536
5.195424 0.935152
5.211808 0.934768
5.228192 0.934384
5.244576 0.934000
5.244576 0.950000
5.26096 0.949616
5.277344 0.949232
5.293728 0.948848
5.310112 0.948464
5.326496 0.948080
5.34288 0.947696
5.359264 0.947312
5.375648 0.946928
5.392032 0.946544
5.408416 0.946160
5.4248 0.945776
5.441184 0.945392
5.457568 0.945008
5.473952 0.944624
5.490336 0.944240
5.50672 0.943856
5.523104 0.943472
5.539488 0.943088
5.555872 0.942704
5.572256 0.942320
5.58864 0.941936
5.605024 0.941552
5.621408 0.941168
5.637792 0.940784
5.654176 0.940400
5.67056 0.940016
5.686944 0.939632
5.703328 0.939248
5.719712 0.938864
5.736096 0.938480
5.75248 0.938096
5.768864 0.937712
5.785248 0.937328
5.801632 0.936944
5.818016 0.936560
5.8344 0.936176
5.850784 0.935792
5.867168 0.935408
5.883552 0.935024
5.899936 0.934640
5.91632 0.934256
5.932704 0.933872
5.932704 0.949872
5.949088 0.949488
5.965472 0.949104
5.981856 0.948720
5.99824 0.948336
6.014624 0.947952
6.031008 0.947568
6.047392 0.947184
6.063776 0.946800
6.08016 0.946416
6.096544 0.946032
6.112928 0.945648
6.129312 0.945264
6.145696 0.944880
6.16208 0.944496
6.178464 0.944112
6.194848 0.943728
6.211232 0.943344
6.227616 0.942960
6.244 0.942576
6.260384 0.942192
6.276768 0.941808
6.293152 0.941424
6.309536 0.941040
6.32592 0.940656
6.342304 0.940272
6.358688 0.939888
6.375072 0.939504
6.391456 0.939120
6.40784 0.938736
6.424224 0.938352
6.440608 0.937968
6.456992 0.937584
6.473376 0.937200
6.48976 0.936816
6.506144 0.936432
6.522528 0.936048
6.538912 0.935664
6.555296 0.935280
6.57168 0.934896
6.588064 0.934512
6.604448 0.934128
6.620832 0.933744
6.620832 0.949744
6.637216 0.949360
6.6536 0.948976
6.669984 0.948592
6.686368 0.948208
6.702752 0.947824
6.719136 0.947440
6.73552 0.947056
6.751904 0.946672
6.768288 0.946288
6.784672 0.945904
6.801056 0.945520
6.81744 0.945136
6.833824 0.944752
6.850208 0.944368
6.866592 0.943984
6.882976 0.943600
6.89936 0.943216
6.915744 0.942832
6.932128 0.942448
6.948512 0.942064
6.964896 0.941680
6.98128 0.941296
6.997664 0.940912
7.014048 0.940528
7.030432 0.940144
7.046816 0.939760
7.0632 0.939376
7.079584 0.938992
7.095968 0.938608
7.112352 0.938224
7.128736 0.937840
7.14512 0.937456
7.161504 0.937072
7.177888 0.936688
7.194272 0.936304
7.210656 0.935920
7.22704 0.935536
7.243424 0.935152
7.259808 0.934768
7.276192 0.934384
7.292576 0.934000
7.292576 0.950000
7.30896 0.949616
7.325344 0.949232
7.341728 0.948848
7.358112 0.948464
7.374496 0.948080
7.39088 0.947696
7.407264 0.947312
7.423648 0.946928
7.440032 0.946544
7.456416 0.946160
7.4728 0.945776
7.489184 0.945392
7.505568 0.945008
7.521952 0.944624
7.538336 0.944240
7.55472 0.943856
7.571104 0.943472
7.587488 0.943088
7.603872 0.942704
7.620256 0.942320
7.63664 0.941936
7.653024 0.941552
7.669408 0.941168
7.685792 0.940784
7.702176 0.940400
7.71856 0.940016
7.734944 0.939632
7.751328 0.939248
7.767712 0.938864
7.784096 0.938480
7.80048 0.938096
7.816864 0.937712
7.833248 0.937328
7.849632 0.936944
7.866016 0.936560
7.8824 0.936176
7.898784 0.935792
7.915168 0.935408
7.931552 0.935024
7.947936 0.934640
7.96432 0.934256
7.980704 0.933872
7.980704 0.949872
7.997088 0.949488
8.013472 0.949104
8.029856 0.948720
8.04624 0.948336
8.062624 0.947952
8.079008 0.947568
8.095392 0.947184
8.111776 0.946800
8.12816 0.946416
8.144544 0.946032
8.160928 0.945648
8.177312 0.945264
8.193696 0.944880
8.21008 0.944496
8.226464 0.944112
8.242848 0.943728
8.259232 0.943344
8.275616 0.942960
8.292 0.942576
8.308384 0.942192
8.324768 0.941808
8.341152 0.941424
8.357536 0.941040
8.37392 0.940656
8.390304 0.940272
8.406688 0.939888
8.423072 0.939504
8.439456 0.939120
8.45584 0.938736
8.472224 0.938352
8.488608 0.937968
8.504992 0.937584
8.521376 0.937200
8.53776 0.936816
8.554144 0.936432
8.570528 0.936048
8.586912 0.935664
8.603296 0.935280
8.61968 0.934896
8.636064 0.934512
8.652448 0.934128
8.668832 0.933744
8.668832 0.949744
8.685216 0.949360
8.7016 0.948976
8.717984 0.948592
8.734368 0.948208
8.750752 0.947824
8.767136 0.947440
8.78352 0.947056
8.799904 0.946672
8.816288 0.946288
8.832672 0.945904
8.849056 0.945520
8.86544 0.945136
8.881824 0.944752
8.898208 0.944368
8.914592 0.943984
8.930976 0.943600
8.94736 0.943216
8.963744 0.942832
8.980128 0.942448
8.996512 0.942064
9.012896 0.941680
9.02928 0.941296
9.045664 0.940912
9.062048 0.940528
9.078432 0.940144
9.094816 0.939760
9.1112 0.939376
9.127584 0.938992
9.143968 0.938608
9.160352 0.938224
9.176736 0.937840
9.19312 0.937456
9.209504 0.937072
9.225888 0.936688
9.242272 0.936304
9.258656 0.935920
9.27504 0.935536
9.291424 0.935152
9.307808 0.934768
9.324192 0.934384
9.340576 0.934000
9.340576 0.950000
9.35696 0.949616
9.373344 0.949232
9.389728 0.948848
9.406112 0.948464
9.422496 0.948080
9.43888 0.947696
9.455264 0.947312
9.471648 0.946928
9.488032 0.946544
9.504416 0.946160
9.5208 0.945776
9.537184 0.945392
9.553568 0.945008
9.569952 0.944624
9.586336 0.944240
9.60272 0.943856
9.619104 0.943472
9.635488 0.943088
9.651872 0.942704
9.668256 0.942320
9.68464 0.941936
9.701024 0.941552
9.717408 0.941168
9.733792 0.940784
9.750176 0.940400
9.76656 0.940016
9.782944 0.939632
9.799328 0.939248
9.815712 0.938864
9.832096 0.938480
9.84848 0.938096
9.864864 0.937712
9.881248 0.937328
9.897632 0.936944
9.914016 0.936560
9.9304 0.936176
9.946784 0.935792
9.963168 0.935408
9.979552 0.935024
9.995936 0.934640
10.01232 0.934256
10.028704 0.933872
10.028704 0.949872
10.045088 0.949488
10.061472 0.949104
10.077856 0.948720
10.09424 0.948336
10.110624 0.947952
10.127008 0.947568
10.143392 0.947184
10.159776 0.946800
10.17616 0.946416
10.192544 0.946032
10.208928 0.945648
10.225312 0.945264
10.241696 0.944880
10.25808 0.944496
10.274464 0.944112
10.290848 0.943728
10.307232 0.943344
10.323616 0.942960
10.34 0.942576
10.356384 0.942192
10.372768 0.941808
10.389152 0.941424
10.405536 0.941040
10.42192 0.940656
10.438304 0.940272
10.454688 0.939888
10.471072 0.939504
10.487456 0.939120
10.50384 0.938736
10.520224 0.938352
10.536608 0.937968
10.552992 0.937584
10.569376 0.937200
10.58576 0.936816
10.602144 0.936432
10.618528 0.936048
10.634912 0.935664
10.651296 0.935280
10.66768 0.934896
10.684064 0.934512
10.700448 0.934128
10.716832 0.933744
10.716832 0.949744
10.733216 0.949360
10.7496 0.948976
10.765984 0.948592
10.782368 0.948208
10.798752 0.947824
10.815136 0.947440
10.83152 0.947056
10.847904 0.946672
10.864288 0.946288
10.880672 0.945904
10.897056 0.945520
10.91344 0.945136
10.929824 0.944752
10.946208 0.944368
10.962592 0.943984
10.978976 0.943600
10.99536 0.943216
11.011744 0.942832
11.028128 0.942448
11.044512 0.942064
11.060896 0.941680
11.07728 0.941296
11.093664 0.940912
11.110048 0.940528
11.126432 0.940144
11.142816 0.939760
11.1592 0.939376
11.175584 0.938992
11.191968 0.938608
11.208352 0.938224
11.224736 0.937840
11.24112 0.937456
11.257504 0.937072
11.273888 0.936688
11.290272 0.936304
11.306656 0.935920
11.32304 0.935536
11.339424 0.935152
11.355808 0.934768
11.372192 0.934384
11.388576 0.934000
11.388576 0.950000
11.40496 0.949616
11.421344 0.949232
11.437728 0.948848
11.454112 0.948464
11.470496 0.948080
11.48688 0.947696
11.503264 0.947312
11.519648 0.946928
11.536032 0.946544
11.552416 0.946160
11.5688 0.945776
11.585184 0.945392
11.601568 0.945008
11.617952 0.944624
11.634336 0.944240
11.65072 0.943856
11.667104 0.943472
11.683488 0.943088
11.699872 0.942704
11.716256 0.942320
11.73264 0.941936
11.749024 0.941552
11.765408 0.941168
11.781792 0.940784
11.798176 0.940400
11.81456 0.940016
11.830944 0.939632
11.847328 0.939248
11.863712 0.938864
11.880096 0.938480
11.89648 0.938096
11.912864 0.937712
11.929248 0.937328
11.945632 0.936944
11.962016 0.936560
11.9784 0.936176
11.994784 0.935792
12.011168 0.935408
12.027552 0.935024
12.043936 0.934640
12.06032 0.934256
12.076704 0.933872
12.076704 0.949872
12.093088 0.949488
12.109472 0.949104
12.125856 0.948720
12.14224 0.948336
12.158624 0.947952
12.175008 0.947568
12.191392 0.947184
12.207776 0.946800
12.22416 0.946416
12.240544 0.946032
12.256928 0.945648
12.273312 0.945264
12.289696 0.944880
12.30608 0.944496
12.322464 0.944112
12.338848 0.943728
12.355232 0.943344
12.371616 0.942960
12.388 0.942576
12.404384 0.942192
12.420768 0.941808
12.437152 0.941424
12.453536 0.941040
12.46992 0.940656
12.486304 0.940272
12.502688 0.939888
12.519072 0.939504
12.535456 0.939120
12.55184 0.938736
12.568224 0.938352
12.584608 0.937968
12.600992 0.937584
12.617376 0.937200
12.63376 0.936816
12.650144 0.936432
12.666528 0.936048
12.682912 0.935664
12.699296 0.935280
12.71568 0.934896
12.732064 0.934512
12.748448 0.934128
12.764832 0.933744
12.764832 0.949744
12.781216 0.949360
12.7976 0.948976
12.813984 0.948592
12.830368 0.948208
12.846752 0.947824
12.863136 0.947440
12.87952 0.947056
12.895904 0.946672
12.912288 0.946288
12.928672 0.945904
12.945056 0.945520
12.96144 0.945136
12.977824 0.944752
12.994208 0.944368
13.010592 0.943984
13.026976 0.943600
13.04336 0.943216
13.059744 0.942832
13.076128 0.942448
13.092512 0.942064
13.108896 0.941680
13.12528 0.941296
13.141664 0.940912
13.158048 0.940528
13.174432 0.940144
13.190816 0.939760
13.2072 0.939376
13.223584 0.938992
13.239968 0.938608
13.256352 0.938224
13.272736 0.937840
13.28912 0.937456
13.305504 0.937072
13.321888 0.936688
13.338272 0.936304
13.354656 0.935920
13.37104 0.935536
13.387424 0.935152
13.403808 0.934768
13.420192 0.934384
13.436576 0.934000
13.436576 0.950000
13.45296 0.949616
13.469344 0.949232
13.485728 0.948848
13.502112 0.948464
13.518496 0.948080
13.53488 0.947696
13.551264 0.947312
13.567648 0.946928
13.584032 0.946544
13.600416 0.946160
13.6168 0.945776
13.633184 0.945392
13.649568 0.945008
13.665952 0.944624
13.682336 0.944240
13.69872 0.943856
13.715104 0.943472
13.731488 0.943088
13.747872 0.942704
13.764256 0.942320
13.78064 0.941936
13.797024 0.941552
13.813408 0.941168
13.829792 0.940784
13.846176 0.940400
13.86256 0.940016
13.878944 0.939632
13.895328 0.939248
13.911712 0.938864
13.928096 0.938480
13.94448 0.938096
13.960864 0.937712
13.977248 0.937328
13.993632 0.936944
14.010016 0.936560
14.0264 0.936176
14.042784 0.935792
14.059168 0.935408
14.075552 0.935024
14.091936 0.934640
14.10832 0.934256
14.124704 0.933872
14.124704 0.949872
14.141088 0.949488
14.157472 0.949104
14.173856 0.948720
14.19024 0.948336
14.206624 0.947952
14.223008 0.947568
14.239392 0.947184
14.255776 0.946800
14.27216 0.946416
14.288544 0.946032
14.304928 0.945648
14.321312 0.945264
14.337696 0.944880
14.35408 0.944496
14.370464 0.944112
14.386848 0.943728
14.403232 0.943344
14.419616 0.942960
14.436 0.942576
14.452384 0.942192
14.468768 0.941808
14.485152 0.941424
14.501536 0.941040
14.51792 0.940656
14.534304 0.940272
14.550688 0.939888
14.567072 0.939504
14.583456 0.939120
14.59984 0.938736
14.616224 0.938352
14.632608 0.937968
14.648992 0.937584
14.665376 0.937200
14.68176 0.936816
14.698144 0.936432
14.714528 0.936048
14.730912 0.935664
14.747296 0.935280
14.76368 0.934896
14.780064 0.934512
14.796448 0.934128
14.812832 0.933744
14.812832 0.949744
14.829216 0.949360
14.8456 0.948976
14.861984 0.948592
14.878368 0.948208
14.894752 0.947824
14.911136 0.947440
14.92752 0.947056
14.943904 0.946672
14.960288 0.946288
14.976672 0.945904
14.993056 0.945520
15.00944 0.945136
15.025824 0.944752
15.042208 0.944368
15.058592 0.943984
15.074976 0.943600
15.09136 0.943216
15.107744 0.942832
15.124128 0.942448
15.140512 0.942064
15.156896 0.941680
15.17328 0.941296
15.189664 0.940912
15.206048 0.940528
15.222432 0.940144
15.238816 0.939760
15.2552 0.939376
15.271584 0.938992
15.287968 0.938608
15.304352 0.938224
15.320736 0.937840
15.33712 0.937456
15.353504 0.937072
15.369888 0.936688
15.386272 0.936304
15.402656 0.935920
15.41904 0.935536
15.435424 0.935152
15.451808 0.934768
15.468192 0.934384
15.484576 0.934000
15.484576 0.950000
15.50096 0.949616
15.517344 0.949232
15.533728 0.948848
15.550112 0.948464
15.566496 0.948080
15.58288 0.947696
15.599264 0.947312
15.615648 0.946928
15.632032 0.946544
15.648416 0.946160
15.6648 0.945776
15.681184 0.945392
15.697568 0.945008
15.713952 0.944624
15.730336 0.944240
15.74672 0.943856
15.763104 0.943472
15.779488 0.943088
15.795872 0.942704
15.812256 0.942320
15.82864 0.941936
15.845024 0.941552
15.861408 0.941168
15.877792 0.940784
15.894176 0.940400
15.91056 0.940016
15.926944 0.939632
15.943328 0.939248
15.959712 0.938864
15.976096 0.938480
15.99248 0.938096
16.008864 0.937712
16.025248 0.937328
16.041632 0.936944
16.058016 0.936560
16.0744 0.936176
16.090784 0.935792
16.107168 0.935408
16.123552 0.935024
16.139936 0.934640
16.15632 0.934256
16.172704 0.933872
16.172704 0.949872
16.189088 0.949488
16.205472 0.949104
16.221856 0.948720
16.23824 0.948336
16.254624 0.947952
16.271008 0.947568
16.287392 0.947184
16.303776 0.946800
16.32016 0.946416
16.336544 0.946032
16.352928 0.945648
16.369312 0.945264
16.385696 0.944880
16.40208 0.944496
16.418464 0.944112
16.434848 0.943728
16.451232 0.943344
16.467616 0.942960
16.484 0.942576
16.500384 0.942192
16.516768 0.941808
16.533152 0.941424
16.549536 0.941040
16.56592 0.940656
16.582304 0.940272
16.598688 0.939888
16.615072 0.939504
16.631456 0.939120
16.64784 0.938736
16.664224 0.938352
16.680608 0.937968
16.696992 0.937584
16.713376 0.937200
16.72976 0.936816
16.746144 0.936432
16.762528 0.936048
16.778912 0.935664
16.795296 0.935280
16.81168 0.934896
16.828064 0.934512
16.844448 0.934128
16.860832 0.933744
16.860832 0.949744
16.877216 0.949360
16.8936 0.948976
16.909984 0.948592
16.926368 0.948208
16.942752 0.947824
16.959136 0.947440
16.97552 0.947056
16.991904 0.946672
17.008288 0.946288
17.024672 0.945904
17.041056 0.945520
17.05744 0.945136
17.073824 0.944752
17.090208 0.944368
17.106592 0.943984
17.122976 0.943600
17.13936 0.943216
17.155744 0.942832
17.172128 0.942448
17.188512 0.942064
17.204896 0.941680
17.22128 0.941296
17.237664 0.940912
17.254048 0.940528
17.270432 0.940144
17.286816 0.939760
17.3032 0.939376
17.319584 0.938992
17.335968 0.938608
17.352352 0.938224
17.368736 0.937840
17.38512 0.937456
17.401504 0.937072
17.417888 0.936688
17.434272 0.936304
17.450656 0.935920
17.46704 0.935536
17.483424 0.935152
17.499808 0.934768
17.516192 0.934384
17.532576 0.934000
17.532576 0.950000
17.54896 0.949616
17.565344 0.949232
17.581728 0.948848
17.598112 0.948464
17.614496 0.948080
17.63088 0.947696
17.647264 0.947312
17.663648 0.946928
17.680032 0.946544
17.696416 0.946160
17.7128 0.945776
17.729184 0.945392
17.745568 0.945008
17.761952 0.944624
17.778336 0.944240
17.79472 0.943856
17.811104 0.943472
17.827488 0.943088
17.843872 0.942704
17.860256 0.942320
17.87664 0.941936
17.893024 0.941552
17.909408 0.941168
17.925792 0.940784
17.942176 0.940400
17.95856 0.940016
17.974944 0.939632
17.991328 0.939248
18.007712 0.938864
18.024096 0.938480
18.04048 0.938096
18.056864 0.937712
18.073248 0.937328
18.089632 0.936944
18.106016 0.936560
18.1224 0.936176
18.138784 0.935792
18.155168 0.935408
18.171552 0.935024
18.187936 0.934640
18.20432 0.934256
18.220704 0.933872
18.220704 0.949872
18.237088 0.949488
18.253472 0.949104
18.269856 0.948720
18.28624 0.948336
18.302624 0.947952
18.319008 0.947568
18.335392 0.947184
18.351776 0.946800
18.36816 0.946416
18.384544 0.946032
18.400928 0.945648
18.417312 0.945264
18.433696 0.944880
18.45008 0.944496
18.466464 0.944112
18.482848 0.943728
18.499232 0.943344
18.515616 0.942960
18.532 0.942576
18.548384 0.942192
18.564768 0.941808
18.581152 0.941424
18.597536 0.941040
18.61392 0.940656
18.630304 0.940272
18.646688 0.939888
18.663072 0.939504
18.679456 0.939120
18.69584 0.938736
18.712224 0.938352
18.728608 0.937968
18.744992 0.937584
18.761376 0.937200
18.77776 0.936816
18.794144 0.936432
18.810528 0.936048
18.826912 0.935664
18.843296 0.935280
18.85968 0.934896
18.876064 0.934512
18.892448 0.934128
18.908832 0.933744
18.908832 0.949744
18.925216 0.949360
18.9416 0.948976
18.957984 0.948592
18.974368 0.948208
18.990752 0.947824
19.007136 0.947440
19.02352 0.947056
19.039904 0.946672
19.056288 0.946288
19.072672 0.945904
19.089056 0.945520
19.10544 0.945136
19.121824 0.944752
19.138208 0.944368
19.154592 0.943984
19.170976 0.943600
19.18736 0.943216
19.203744 0.942832
19.220128 0.942448
19.236512 0.942064
19.252896 0.941680
19.26928 0.941296
19.285664 0.940912
19.302048 0.940528
19.318432 0.940144
19.334816 0.939760
19.3512 0.939376
19.367584 0.938992
19.383968 0.938608
19.400352 0.938224
19.416736 0.937840
19.43312 0.937456
19.449504 0.937072
19.465888 0.936688
19.482272 0.936304
19.498656 0.935920
19.51504 0.935536
19.531424 0.935152
19.547808 0.934768
19.564192 0.934384
19.580576 0.934000
19.580576 0.950000
19.59696 0.949616
19.613344 0.949232
19.629728 0.948848
19.646112 0.948464
19.662496 0.948080
19.67888 0.947696
19.695264 0.947312
19.711648 0.946928
19.728032 0.946544
19.744416 0.946160
19.7608 0.945776
19.777184 0.945392
19.793568 0.945008
19.809952 0.944624
19.826336 0.944240
19.84272 0.943856
19.859104 0.943472
19.875488 0.943088
19.891872 0.942704
19.908256 0.942320
19.92464 0.941936
19.941024 0.941552
19.957408 0.941168
19.973792 0.940784
19.990176 0.940400
20.00656 0.940016
20.022944 0.939632
20.039328 0.939248
20.055712 0.938864
20.072096 0.938480
20.08848 0.938096
20.104864 0.937712
20.121248 0.937328
20.137632 0.936944
20.154016 0.936560
20.1704 0.936176
20.186784 0.935792
20.203168 0.935408
20.219552 0.935024
20.235936 0.934640
20.25232 0.934256
20.268704 0.933872
20.268704 0.949872
20.285088 0.949488
20.301472 0.949104
20.317856 0.948720
20.33424 0.948336
20.350624 0.947952
20.367008 0.947568
20.383392 0.947184
20.399776 0.946800
20.41616 0.946416
20.432544 0.946032
20.448928 0.945648
20.465312 0.945264
20.481696 0.944880
20.49808 0.944496
20.514464 0.944112
20.530848 0.943728
20.547232 0.943344
20.563616 0.942960
20.58 0.942576
20.596384 0.942192
20.612768 0.941808
20.629152 0.941424
20.645536 0.941040
20.66192 0.940656
20.678304 0.940272
20.694688 0.939888
20.711072 0.939504
20.727456 0.939120
20.74384 0.938736
20.760224 0.938352
20.776608 0.937968
20.792992 0.937584
20.809376 0.937200
20.82576 0.936816
20.842144 0.936432
20.858528 0.936048
20.874912 0.935664
20.891296 0.935280
20.90768 0.934896
20.924064 0.934512
20.940448 0.934128
20.956832 0.933744
20.956832 0.949744
20.973216 0.949360
20.9896 0.948976
21.005984 0.948592
21.022368 0.948208
21.038752 0.947824
21.055136 0.947440
21.07152 0.947056
21.087904 0.946672
21.104288 0.946288
21.120672 0.945904
21.137056 0.945520
21.15344 0.945136
21.169824 0.944752
21.186208 0.944368
21.202592 0.943984
21.218976 0.943600
21.23536 0.943216
21.251744 0.942832
21.268128 0.942448
21.284512 0.942064
21.300896 0.941680
21.31728 0.941296
21.333664 0.940912
21.350048 0.940528
21.366432 0.940144
21.382816 0.939760
21.3992 0.939376
21.415584 0.938992
21.431968 0.938608
21.448352 0.938224
21.464736 0.937840
21.48112 0.937456
21.497504 0.937072
21.513888 0.936688
21.530272 0.936304
21.546656 0.935920
21.56304 0.935536
21.579424 0.935152
21.595808 0.934768
21.612192 0.934384
21.628576 0.934000
21.628576 0.950000
21.64496 0.949616
21.661344 0.949232
21.677728 0.948848
21.694112 0.948464
21.710496 0.948080
21.72688 0.947696
21.743264 0.947312
21.759648 0.946928
21.776032 0.946544
21.792416 0.946160
21.8088 0.945776
21.825184 0.945392
21.841568 0.945008
21.857952 0.944624
21.874336 0.944240
21.89072 0.943856
21.907104 0.943472
21.923488 0.943088
21.939872 0.942704
21.956256 0.942320
21.97264 0.941936
21.989024 0.941552
22.005408 0.941168
22.021792 0.940784
22.038176 0.940400
22.05456 0.940016
22.070944 0.939632
22.087328 0.939248
22.103712 0.938864
22.120096 0.938480
22.13648 0.938096
22.152864 0.937712
22.169248 0.937328
22.185632 0.936944
22.202016 0.936560
22.2184 0.936176
22.234784 0.935792
22.251168 0.935408
22.267552 0.935024
22.283936 0.934640
22.30032 0.934256
22.316704 0.933872
22.316704 0.949872
22.333088 0.949488
22.349472 0.949104
22.365856 0.948720
22.38224 0.948336
22.398624 0.947952
22.415008 0.947568
22.431392 0.947184
22.447776 0.946800
22.46416 0.946416
22.480544 0.946032
22.496928 0.945648
22.513312 0.945264
22.529696 0.944880
22.54608 0.944496
22.562464 0.944112
22.578848 0.943728
22.595232 0.943344
22.611616 0.942960
22.628 0.942576
22.644384 0.942192
22.660768 0.941808
22.677152 0.941424
22.693536 0.941040
22.70992 0.940656
22.726304 0.940272
22.742688 0.939888
22.759072 0.939504
22.775456 0.939120
22.79184 0.938736
22.808224 0.938352
22.824608 0.937968
22.840992 0.937584
22.857376 0.937200
22.87376 0.936816
22.890144 0.936432
22.906528 0.936048
22.922912 0.935664
22.939296 0.935280
22.95568 0.934896
22.972064 0.934512
22.988448 0.934128
23.004832 0.933744
23.004832 0.949744
23.021216 0.949360
23.0376 0.948976
23.053984 0.948592
23.070368 0.948208
23.086752 0.947824
23.103136 0.947440
23.11952 0.947056
23.135904 0.946672
23.152288 0.946288
23.168672 0.945904
23.185056 0.945520
23.20144 0.945136
23.217824 0.944752
23.234208 0.944368
23.250592 0.943984
23.266976 0.943600
23.28336 0.943216
23.299744 0.942832
23.316128 0.942448
23.332512 0.942064
23.348896 0.941680
23.36528 0.941296
23.381664 0.940912
23.398048 0.940528
23.414432 0.940144
23.430816 0.939760
23.4472 0.939376
23.463584 0.938992
23.479968 0.938608
23.496352 0.938224
23.512736 0.937840
23.52912 0.937456
23.545504 0.937072
23.561888 0.936688
23.578272 0.936304
23.594656 0.935920
23.61104 0.935536
23.627424 0.935152
23.643808 0.934768
23.660192 0.934384
23.676576 0.934000
23.676576 0.950000
23.69296 0.949616
23.709344 0.949232
23.725728 0.948848
23.742112 0.948464
23.758496 0.948080
23.77488 0.947696
23.791264 0.947312
23.807648 0.946928
23.824032 0.946544
23.840416 0.946160
23.8568 0.945776
23.873184 0.945392
23.889568 0.945008
23.905952 0.944624
23.922336 0.944240
23.93872 0.943856
23.955104 0.943472
23.971488 0.943088
23.987872 0.942704
24.004256 0.942320
24.02064 0.941936
24.037024 0.941552
24.053408 0.941168
24.069792 0.940784
24.086176 0.940400
24.10256 0.940016
24.118944 0.939632
24.135328 0.939248
24.151712 0.938864
24.168096 0.938480
24.18448 0.938096
24.200864 0.937712
24.217248 0.937328
24.233632 0.936944
24.250016 0.936560
24.2664 0.936176
24.282784 0.935792
24.299168 0.935408
24.315552 0.935024
24.331936 0.934640
24.34832 0.934256
24.364704 0.933872
24.364704 0.949872
24.381088 0.949488
24.397472 0.949104
24.413856 0.948720
24.43024 0.948336
24.446624 0.947952
24.463008 0.947568
24.479392 0.947184
24.495776 0.946800
24.51216 0.946416
24.528544 0.946032
24.544928 0.945648
24.561312 0.945264
24.577696 0.944880
24.59408 0.944496
24.610464 0.944112
24.626848 0.943728
24.643232 0.943344
24.659616 0.942960
24.676 0.942576
24.692384 0.942192
24.708768 0.941808
24.725152 0.941424
24.741536 0.941040
24.75792 0.940656
24.774304 0.940272
24.790688 0.939888
24.807072 0.939504
24.823456 0.939120
24.83984 0.938736
24.856224 0.938352
24.872608 0.937968
24.888992 0.937584
24.905376 0.937200
24.92176 0.936816
24.938144 0.936432
24.954528 0.936048
24.970912 0.935664
24.987296 0.935280
25.00368 0.934896
25.020064 0.934512
25.036448 0.934128
25.052832 0.933744
25.052832 0.949744
25.069216 0.949360
25.0856 0.948976
25.101984 0.948592
25.118368 0.948208
25.134752 0.947824
25.151136 0.947440
25.16752 0.947056
25.183904 0.946672
25.200288 0.946288
25.216672 0.945904
25.233056 0.945520
25.24944 0.945136
25.265824 0.944752
25.282208 0.944368
25.298592 0.943984
25.314976 0.943600
25.33136 0.943216
25.347744 0.942832
25.364128 0.942448
25.380512 0.942064
25.396896 0.941680
25.41328 0.941296
25.429664 0.940912
25.446048 0.940528
25.462432 0.940144
25.478816 0.939760
25.4952 0.939376
25.511584 0.938992
25.527968 0.938608
25.544352 0.938224
25.560736 0.937840
25.57712 0.937456
25.593504 0.937072
25.609888 0.936688
25.626272 0.936304
25.642656 0.935920
25.65904 0.935536
25.675424 0.935152
25.691808 0.934768
25.708192 0.934384
25.724576 0.934000
25.724576 0.950000
25.74096 0.949616
25.757344 0.949232
25.773728 0.948848
25.790112 0.948464
25.806496 0.948080
25.82288 0.947696
25.839264 0.947312
25.855648 0.946928
25.872032 0.946544
25.888416 0.946160
25.9048 0.945776
25.921184 0.945392
25.937568 0.945008
25.953952 0.944624
25.970336 0.944240
25.98672 0.943856
26.003104 0.943472
26.019488 0.943088
26.035872 0.942704
26.052256 0.942320
26.06864 0.941936
26.085024 0.941552
26.101408 0.941168
26.117792 0.940784
26.134176 0.940400
26.15056 0.940016
26.166944 0.939632
26.183328 0.939248
26.199712 0.938864
26.216096 0.938480
26.23248 0.938096
26.248864 0.937712
26.265248 0.937328
26.281632 0.936944
26.298016 0.936560
26.3144 0.936176
26.330784 0.935792
26.347168 0.935408
26.363552 0.935024
26.379936 0.934640
26.39632 0.934256
26.412704 0.933872
26.412704 0.949872
26.429088 0.949488
26.445472 0.949104
26.461856 0.948720
26.47824 0.948336
26.494624 0.947952
26.511008 0.947568
26.527392 0.947184
26.543776 0.946800
26.56016 0.946416
26.576544 0.946032
26.592928 0.945648
26.609312 0.945264
26.625696 0.944880
26.64208 0.944496
26.658464 0.944112
26.674848 0.943728
26.691232 0.943344
26.707616 0.942960
26.724 0.942576
26.740384 0.942192
26.756768 0.941808
26.773152 0.941424
26.789536 0.941040
26.80592 0.940656
26.822304 0.940272
26.838688 0.939888
26.855072 0.939504
26.871456 0.939120
26.88784 0.938736
26.904224 0.938352
26.920608 0.937968
26.936992 0.937584
26.953376 0.937200
26.96976 0.936816
26.986144 0.936432
27.002528 0.936048
27.018912 0.935664
27.035296 0.935280
27.05168 0.934896
27.068064 0.934512
27.084448 0.934128
27.100832 0.933744
27.100832 0.949744
27.117216 0.949360
27.1336 0.948976
27.149984 0.948592
27.166368 0.948208
27.182752 0.947824
27.199136 0.947440
27.21552 0.947056
27.231904 0.946672
27.248288 0.946288
27.264672 0.945904
27.281056 0.945520
27.29744 0.945136
27.313824 0.944752
27.330208 0.944368
27.346592 0.943984
27.362976 0.943600
27.37936 0.943216
27.395744 0.942832
27.412128 0.942448
27.428512 0.942064
27.444896 0.941680
27.46128 0.941296
27.477664 0.940912
27.494048 0.940528
27.510432 0.940144
27.526816 0.939760
27.5432 0.939376
27.559584 0.938992
27.575968 0.938608
27.592352 0.938224
27.608736 0.937840
27.62512 0.937456
27.641504 0.937072
27.657888 0.936688
27.674272 0.936304
27.690656 0.935920
27.70704 0.935536
27.723424 0.935152
27.739808 0.934768
27.756192 0.934384
27.772576 0.934000
27.772576 0.950000
27.78896 0.949616
27.805344 0.949232
27.821728 0.948848
27.838112 0.948464
27.854496 0.948080
27.87088 0.947696
27.887264 0.947312
27.903648 0.946928
27.920032 0.946544
27.936416 0.946160
27.9528 0.945776
27.969184 0.945392
27.985568 0.945008
28.001952 0.944624
28.018336 0.944240
28.03472 0.943856
28.051104 0.943472
28.067488 0.943088
28.083872 0.942704
28.100256 0.942320
28.11664 0.941936
28.133024 0.941552
28.149408 0.941168
28.165792 0.940784
28.182176 0.940400
28.19856 0.940016
28.214944 0.939632
28.231328 0.939248
28.247712 0.938864
28.264096 0.938480
28.28048 0.938096
28.296864 0.937712
28.313248 0.937328
28.329632 0.936944
28.346016 0.936560
28.3624 0.936176
28.378784 0.935792
28.395168 0.935408
28.411552 0.935024
28.427936 0.934640
28.44432 0.934256
28.460704 0.933872
28.460704 0.949872
28.477088 0.949488
28.493472 0.949104
28.509856 0.948720
28.52624 0.948336
28.542624 0.947952
28.559008 0.947568
28.575392 0.947184
28.591776 0.946800
28.60816 0.946416
28.624544 0.946032
28.640928 0.945648
28.657312 0.945264
28.673696 0.944880
28.69008 0.944496
28.706464 0.944112
28.722848 0.943728
28.739232 0.943344
28.755616 0.942960
28.772 0.942576
28.788384 0.942192
28.804768 0.941808
28.821152 0.941424
28.837536 0.941040
28.85392 0.940656
28.870304 0.940272
28.886688 0.939888
28.903072 0.939504
28.919456 0.939120
28.93584 0.938736
28.952224 0.938352
28.968608 0.937968
28.984992 0.937584
29.001376 0.937200
29.01776 0.936816
29.034144 0.936432
29.050528 0.936048
29.066912 0.935664
29.083296 0.935280
29.09968 0.934896
29.116064 0.934512
29.132448 0.934128
29.148832 0.933744
29.148832 0.949744
29.165216 0.949360
29.1816 0.948976
29.197984 0.948592
29.214368 0.948208
29.230752 0.947824
29.247136 0.947440
29.26352 0.947056
29.279904 0.946672
29.296288 0.946288
29.312672 0.945904
29.329056 0.945520
29.34544 0.945136
29.361824 0.944752
29.378208 0.944368
29.394592 0.943984
29.410976 0.943600
29.42736 0.943216
29.443744 0.942832
29.460128 0.942448
29.476512 0.942064
29.492896 0.941680
29.50928 0.941296
29.525664 0.940912
29.542048 0.940528
29.558432 0.940144
29.574816 0.939760
29.5912 0.939376
29.607584 0.938992
29.623968 0.938608
29.640352 0.938224
29.656736 0.937840
29.67312 0.937456
29.689504 0.937072
29.705888 0.936688
29.722272 0.936304
29.738656 0.935920
29.75504 0.935536
29.771424 0.935152
29.787808 0.934768
29.804192 0.934384
29.820576 0.934000
29.820576 0.950000
29.83696 0.949616
29.853344 0.949232
29.869728 0.948848
29.886112 0.948464
29.902496 0.948080
29.91888 0.947696
29.935264 0.947312
29.951648 0.946928
29.968032 0.946544
29.984416 0.946160
30.0008 0.945776
30.017184 0.945392
30.033568 0.945008
30.049952 0.944624
30.066336 0.944240
30.08272 0.943856
30.099104 0.943472
30.115488 0.943088
30.131872 0.942704
30.148256 0.942320
30.16464 0.941936
30.181024 0.941552
30.197408 0.941168
30.213792 0.940784
30.230176 0.940400
30.24656 0.940016
30.262944 0.939632
30.279328 0.939248
30.295712 0.938864
30.312096 0.938480
30.32848 0.938096
30.344864 0.937712
30.361248 0.937328
30.377632 0.936944
30.394016 0.936560
30.4104 0.936176
30.426784 0.935792
30.443168 0.935408
30.459552 0.935024
30.475936 0.934640
30.49232 0.934256
30.508704 0.933872
30.508704 0.949872
30.525088 0.949488
30.541472 0.949104
30.557856 0.948720
30.57424 0.948336
30.590624 0.947952
30.607008 0.947568
30.623392 0.947184
30.639776 0.946800
30.65616 0.946416
30.672544 0.946032
30.688928 0.945648
30.705312 0.945264
30.721696 0.944880
30.73808 0.944496
30.754464 0.944112
30.770848 0.943728
30.787232 0.943344
30.803616 0.942960
30.82 0.942576
30.836384 0.942192
30.852768 0.941808
30.869152 0.941424
30.885536 0.941040
30.90192 0.940656
30.918304 0.940272
30.934688 0.939888
30.951072 0.939504
30.967456 0.939120
30.98384 0.938736
31.000224 0.938352
31.016608 0.937968
31.032992 0.937584
31.049376 0.937200
31.06576 0.936816
31.082144 0.936432
31.098528 0.936048
31.114912 0.935664
31.131296 0.935280
31.14768 0.934896
31.164064 0.934512
31.180448 0.934128
31.196832 0.933744
31.196832 0.949744
31.213216 0.949360
31.2296 0.948976
31.245984 0.948592
31.262368 0.948208
31.278752 0.947824
31.295136 0.947440
31.31152 0.947056
31.327904 0.946672
31.344288 0.946288
31.360672 0.945904
31.377056 0.945520
31.39344 0.945136
31.409824 0.944752
31.426208 0.944368
31.442592 0.943984
31.458976 0.943600
31.47536 0.943216
31.491744 0.942832
31.508128 0.942448
31.524512 0.942064
31.540896 0.941680
31.55728 0.941296
31.573664 0.940912
31.590048 0.940528
31.606432 0.940144
31.622816 0.939760
31.6392 0.939376
31.655584 0.938992
31.671968 0.938608
31.688352 0.938224
31.704736 0.937840
31.72112 0.937456
31.737504 0.937072
31.753888 0.936688
31.770272 0.936304
31.786656 0.935920
31.80304 0.935536
31.819424 0.935152
31.835808 0.934768
31.852192 0.934384
31.868576 0.934000
31.868576 0.950000
31.88496 0.949616
31.901344 0.949232
31.917728 0.948848
31.934112 0.948464
31.950496 0.948080
31.96688 0.947696
31.983264 0.947312
31.999648 0.946928
32.016032 0.946544
32.032416 0.946160
32.0488 0.945776
32.065184 0.945392
32.081568 0.945008
32.097952 0.944624
32.114336 0.944240
32.13072 0.943856
32.147104 0.943472
32.163488 0.943088
32.179872 0.942704
32.196256 0.942320
32.21264 0.941936
32.229024 0.941552
32.245408 0.941168
32.261792 0.940784
32.278176 0.940400
32.29456 0.940016
32.310944 0.939632
32.327328 0.939248
32.343712 0.938864
32.360096 0.938480
32.37648 0.938096
32.392864 0.937712
32.409248 0.937328
32.425632 0.936944
32.442016 0.936560
32.4584 0.936176
32.474784 0.935792
32.491168 0.935408
32.507552 0.935024
32.523936 0.934640
32.54032 0.934256
32.556704 0.933872
32.556704 0.949872
32.573088 0.949488
32.589472 0.949104
32.605856 0.948720
32.62224 0.948336
32.638624 0.947952
32.655008 0.947568
32.671392 0.947184
32.687776 0.946800
32.70416 0.946416
32.720544 0.946032
32.736928 0.945648
32.753312 0.945264
32.769696 0.944880
32.78608 0.944496
32.802464 0.944112
32.818848 0.943728
32.835232 0.943344
32.851616 0.942960
32.868 0.942576
32.884384 0.942192
32.900768 0.941808
32.917152 0.941424
32.933536 0.941040
32.94992 0.940656
32.966304 0.940272
32.982688 0.939888
32.999072 0.939504
33.015456 0.939120
33.03184 0.938736
33.048224 0.938352
33.064608 0.937968
33.080992 0.937584
33.097376 0.937200
33.11376 0.936816
33.130144 0.936432
33.146528 0.936048
33.162912 0.935664
33.179296 0.935280
33.19568 0.934896
33.212064 0.934512
33.228448 0.934128
33.244832 0.933744
33.244832 0.949744
33.261216 0.949360
33.2776 0.948976
33.293984 0.948592
33.310368 0.948208
33.326752 0.947824
33.343136 0.947440
33.35952 0.947056
33.375904 0.946672
33.392288 0.946288
33.408672 0.945904
33.425056 0.945520
33.44144 0.945136
33.457824 0.944752
33.474208 0.944368
33.490592 0.943984
33.506976 0.943600
33.52336 0.943216
33.539744 0.942832
33.556128 0.942448
33.572512 0.942064
33.588896 0.941680
33.60528 0.941296
33.621664 0.940912
33.638048 0.940528
33.654432 0.940144
33.670816 0.939760
33.6872 0.939376
33.703584 0.938992
33.719968 0.938608
33.736352 0.938224
33.752736 0.937840
33.76912 0.937456
33.785504 0.937072
33.801888 0.936688
33.818272 0.936304
33.834656 0.935920
33.85104 0.935536
33.867424 0.935152
33.883808 0.934768
33.900192 0.934384
33.916576 0.934000
33.916576 0.950000
33.93296 0.949616
33.949344 0.949232
33.965728 0.948848
33.982112 0.948464
33.998496 0.948080
34.01488 0.947696
34.031264 0.947312
34.047648 0.946928
34.064032 0.946544
34.080416 0.946160
34.0968 0.945776
34.113184 0.945392
34.129568 0.945008
34.145952 0.944624
34.162336 0.944240
34.17872 0.943856
34.195104 0.943472
34.211488 0.943088
34.227872 0.942704
34.244256 0.942320
34.26064 0.941936
34.277024 0.941552
34.293408 0.941168
34.309792 0.940784
34.326176 0.940400
34.34256 0.940016
34.358944 0.939632
34.375328 0.939248
34.391712 0.938864
34.408096 0.938480
34.42448 0.938096
34.440864 0.937712
34.457248 0.937328
34.473632 0.936944
34.490016 0.936560
34.5064 0.936176
34.522784 0.935792
34.539168 0.935408
34.555552 0.935024
34.571936 0.934640
34.58832 0.934256
34.604704 0.933872
34.604704 0.949872
34.621088 0.949488
34.637472 0.949104
34.653856 0.948720
34.67024 0.948336
34.686624 0.947952
34.703008 0.947568
34.719392 0.947184
34.735776 0.946800
34.75216 0.946416
34.768544 0.946032
34.784928 0.945648
34.801312 0.945264
34.817696 0.944880
34.83408 0.944496
34.850464 0.944112
34.866848 0.943728
34.883232 0.943344
34.899616 0.942960
34.916 0.942576
34.932384 0.942192
34.948768 0.941808
34.965152 0.941424
34.981536 0.941040
34.99792 0.940656
35.014304 0.940272
35.030688 0.939888
35.047072 0.939504
35.063456 0.939120
35.07984 0.938736
35.096224 0.938352
35.112608 0.937968
35.128992 0.937584
35.145376 0.937200
35.16176 0.936816
35.178144 0.936432
35.194528 0.936048
35.210912 0.935664
35.227296 0.935280
35.24368 0.934896
35.260064 0.934512
35.276448 0.934128
35.292832 0.933744
35.292832 0.949744
35.309216 0.949360
35.3256 0.948976
35.341984 0.948592
35.358368 0.948208
35.374752 0.947824
35.391136 0.947440
35.40752 0.947056
35.423904 0.946672
35.440288 0.946288
35.456672 0.945904
35.473056 0.945520
35.48944 0.945136
35.505824 0.944752
35.522208 0.944368
35.538592 0.943984
35.554976 0.943600
35.57136 0.943216
35.587744 0.942832
35.604128 0.942448
35.620512 0.942064
35.636896 0.941680
35.65328 0.941296
35.669664 0.940912
35.686048 0.940528
35.702432 0.940144
35.718816 0.939760
35.7352 0.939376
35.751584 0.938992
35.767968 0.938608
35.784352 0.938224
35.800736 0.937840
35.81712 0.937456
35.833504 0.937072
35.849888 0.936688
35.866272 0.936304
35.882656 0.935920
35.89904 0.935536
35.915424 0.935152
35.931808 0.934768
35.948192 0.934384
35.964576 0.934000
35.964576 0.950000
35.98096 0.949616
35.997344 0.949232
36.013728 0.948848
36.030112 0.948464
36.046496 0.948080
36.06288 0.947696
36.079264 0.947312
36.095648 0.946928
36.112032 0.946544
36.128416 0.946160
36.1448 0.945776
36.161184 0.945392
36.177568 0.945008
36.193952 0.944624
36.210336 0.944240
36.22672 0.943856
36.243104 0.943472
36.259488 0.943088
36.275872 0.942704
36.292256 0.942320
36.30864 0.941936
36.325024 0.941552
36.341408 0.941168
36.357792 0.940784
36.374176 0.940400
36.39056 0.940016
36.406944 0.939632
36.423328 0.939248
36.439712 0.938864
36.456096 0.938480
36.47248 0.938096
36.488864 0.937712
36.505248 0.937328
36.521632 0.936944
36.538016 0.936560
36.5544 0.936176
36.570784 0.935792
36.587168 0.935408
36.603552 0.935024
36.619936 0.934640
36.63632 0.934256
36.652704 0.933872
36.652704 0.949872
36.669088 0.949488
36.685472 0.949104
36.701856 0.948720
36.71824 0.948336
36.734624 0.947952
36.751008 0.947568
36.767392 0.947184
36.783776 0.946800
36.80016 0.946416
36.816544 0.946032
36.832928 0.945648
36.849312 0.945264
36.865696 0.944880
36.88208 0.944496
36.898464 0.944112
36.914848 0.943728
36.931232 0.943344
36.947616 0.942960
36.964 0.942576
36.980384 0.942192
36.996768 0.941808
37.013152 0.941424
37.029536 0.941040
37.04592 0.940656
37.062304 0.940272
37.078688 0.939888
37.095072 0.939504
37.111456 0.939120
37.12784 0.938736
37.144224 0.938352
37.160608 0.937968
37.176992 0.937584
37.193376 0.937200
37.20976 0.936816
37.226144 0.936432
37.242528 0.936048
37.258912 0.935664
37.275296 0.935280
37.29168 0.934896
37.308064 0.934512
37.324448 0.934128
37.340832 0.933744
37.340832 0.949744
37.357216 0.949360
37.3736 0.948976
37.389984 0.948592
37.406368 0.948208
37.422752 0.947824
37.439136 0.947440
37.45552 0.947056
37.471904 0.946672
37.488288 0.946288
37.504672 0.945904
37.521056 0.945520
37.53744 0.945136
37.553824 0.944752
37.570208 0.944368
37.586592 0.943984
37.602976 0.943600
37.61936 0.943216
37.635744 0.942832
37.652128 0.942448
37.668512 0.942064
37.684896 0.941680
37.70128 0.941296
37.717664 0.940912
37.734048 0.940528
37.750432 0.940144
37.766816 0.939760
37.7832 0.939376
37.799584 0.938992
37.815968 0.938608
37.832352 0.938224
37.848736 0.937840
37.86512 0.937456
37.881504 0.937072
37.897888 0.936688
37.914272 0.936304
37.930656 0.935920
37.94704 0.935536
37.963424 0.935152
37.979808 0.934768
37.996192 0.934384
38.012576 0.934000
38.012576 0.950000
38.02896 0.949616
38.045344 0.949232
38.061728 0.948848
38.078112 0.948464
38.094496 0.948080
38.11088 0.947696
38.127264 0.947312
38.143648 0.946928
38.160032 0.946544
38.176416 0.946160
38.1928 0.945776
38.209184 0.945392
38.225568 0.945008
38.241952 0.944624
38.258336 0.944240
38.27472 0.943856
38.291104 0.943472
38.307488 0.943088
38.323872 0.942704
38.340256 0.942320
38.35664 0.941936
38.373024 0.941552
38.389408 0.941168
38.405792 0.940784
38.422176 0.940400
38.43856 0.940016
38.454944 0.939632
38.471328 0.939248
38.487712 0.938864
38.504096 0.938480
38.52048 0.938096
38.536864 0.937712
38.553248 0.937328
38.569632 0.936944
38.586016 0.936560
38.6024 0.936176
38.618784 0.935792
38.635168 0.935408
38.651552 0.935024
38.667936 0.934640
38.68432 0.934256
38.700704 0.933872
38.700704 0.949872
38.717088 0.949488
38.733472 0.949104
38.749856 0.948720
38.76624 0.948336
38.782624 0.947952
38.799008 0.947568
38.815392 0.947184
38.831776 0.946800
38.84816 0.946416
38.864544 0.946032
38.880928 0.945648
38.897312 0.945264
38.913696 0.944880
38.93008 0.944496
38.946464 0.944112
38.962848 0.943728
38.979232 0.943344
38.995616 0.942960
39.012 0.942576
39.028384 0.942192
39.044768 0.941808
39.061152 0.941424
39.077536 0.941040
39.09392 0.940656
39.110304 0.940272
39.126688 0.939888
39.143072 0.939504
39.159456 0.939120
39.17584 0.938736
39.192224 0.938352
39.208608 0.937968
39.224992 0.937584
39.241376 0.937200
39.25776 0.936816
39.274144 0.936432
39.290528 0.936048
39.306912 0.935664
39.323296 0.935280
39.33968 0.934896
39.356064 0.934512
39.372448 0.934128
39.388832 0.933744
39.388832 0.949744
39.405216 0.949360
39.4216 0.948976
39.437984 0.948592
39.454368 0.948208
39.470752 0.947824
39.487136 0.947440
39.50352 0.947056
39.519904 0.946672
39.536288 0.946288
39.552672 0.945904
39.569056 0.945520
39.58544 0.945136
39.601824 0.944752
39.618208 0.944368
39.634592 0.943984
39.650976 0.943600
39.66736 0.943216
39.683744 0.942832
39.700128 0.942448
39.716512 0.942064
39.732896 0.941680
39.74928 0.941296
39.765664 0.940912
39.782048 0.940528
39.798432 0.940144
39.814816 0.939760
39.8312 0.939376
39.847584 0.938992
39.863968 0.938608
39.880352 0.938224
39.896736 0.937840
39.91312 0.937456
39.929504 0.937072
39.945888 0.936688
39.962272 0.936304
39.978656 0.935920
39.99504 0.935536
