0.1 0.166000
0.1 0.182000
0.1 0.198000
0.1 0.214000
0.1 0.215536
0.132768 0.198768
0.132768 0.214768
0.132768 0.230768
0.132768 0.246768
0.132768 0.248304
0.165536 0.231536
0.165536 0.247536
0.165536 0.263536
0.165536 0.279536
0.165536 0.281072
0.198304 0.264304
0.198304 0.280304
0.198304 0.296304
0.198304 0.312304
0.198304 0.313840
0.231072 0.297072
0.231072 0.313072
0.231072 0.329072
0.231072 0.345072
0.231072 0.346608
0.26384 0.329840
0.26384 0.345840
0.26384 0.361840
0.26384 0.377840
0.26384 0.379376
0.296608 0.362608
0.296608 0.378608
0.296608 0.394608
0.296608 0.410608
0.296608 0.412144
0.329376 0.395376
0.329376 0.411376
0.329376 0.427376
0.329376 0.443376
0.329376 0.444912
0.362144 0.428144
0.362144 0.444144
0.362144 0.460144
0.362144 0.476144
0.362144 0.477680
0.394912 0.460912
0.394912 0.476912
0.394912 0.492912
0.394912 0.508912
0.394912 0.510448
0.42768 0.493680
0.42768 0.509680
0.42768 0.525680
0.42768 0.541680
0.42768 0.543216
0.460448 0.526448
0.460448 0.542448
0.460448 0.558448
0.460448 0.574448
0.460448 0.575984
0.493216 0.559216
0.493216 0.575216
0.493216 0.591216
0.493216 0.607216
0.493216 0.608752
0.525984 0.591984
0.525984 0.607984
0.525984 0.623984
0.525984 0.639984
0.525984 0.641520
0.558752 0.624752
0.558752 0.640752
0.558752 0.656752
0.558752 0.672752
0.558752 0.674288
0.59152 0.657520
0.59152 0.673520
0.59152 0.689520
0.59152 0.705520
0.59152 0.707056
0.624288 0.690288
0.624288 0.706288
0.624288 0.722288
0.624288 0.738288
0.624288 0.739824
0.657056 0.723056
0.657056 0.739056
0.657056 0.755056
0.657056 0.771056
0.657056 0.772592
0.689824 0.755824
0.689824 0.771824
0.689824 0.787824
0.689824 0.803824
0.722592 0.787056
0.722592 0.803056
0.722592 0.819056
0.75536 0.802288
0.75536 0.818288
0.788128 0.801520
0.788128 0.817520
0.788128 0.833520
0.820896 0.816752
0.820896 0.832752
0.853664 0.815984
0.853664 0.831984
0.853664 0.847984
0.886432 0.831216
0.886432 0.847216
0.9192 0.830448
0.9192 0.846448
0.9192 0.862448
0.951968 0.845680
0.951968 0.861680
0.984736 0.844912
0.984736 0.860912
0.984736 0.876912
1.017504 0.860144
1.017504 0.876144
1.050272 0.859376
1.050272 0.875376
1.050272 0.891376
1.08304 0.874608
1.08304 0.890608
1.115808 0.873840
1.115808 0.889840
1.115808 0.905840
1.148576 0.889072
1.148576 0.905072
1.181344 0.888304
1.181344 0.904304
1.181344 0.920304
1.214112 0.903536
1.214112 0.919536
1.24688 0.902768
1.24688 0.918768
1.24688 0.934768
1.279648 0.918000
1.279648 0.934000
1.312416 0.917232
1.312416 0.933232
1.312416 0.949232
1.345184 0.932464
1.345184 0.948464
1.377952 0.931696
1.377952 0.947696
1.41072 0.930928
1.41072 0.946928
1.443488 0.930160
1.443488 0.946160
1.476256 0.929392
1.476256 0.945392
1.509024 0.928624
1.509024 0.944624
1.541792 0.927856
1.541792 0.943856
1.57456 0.927088
1.57456 0.943088
1.607328 0.926320
1.607328 0.942320
1.640096 0.925552
1.640096 0.941552
1.672864 0.924784
1.672864 0.940784
1.705632 0.924016
1.705632 0.940016
1.7384 0.923248
1.7384 0.939248
1.771168 0.922480
1.771168 0.938480
1.803936 0.921712
1.803936 0.937712
1.836704 0.920944
1.836704 0.936944
1.869472 0.920176
1.869472 0.936176
1.90224 0.919408
1.90224 0.935408
1.935008 0.918640
1.935008 0.934640
1.967776 0.917872
1.967776 0.933872
1.967776 0.949872
2.000544 0.933104
2.000544 0.949104
2.033312 0.932336
2.033312 0.948336
2.06608 0.931568
2.06608 0.947568
2.098848 0.930800
2.098848 0.946800
2.131616 0.930032
2.131616 0.946032
2.164384 0.929264
2.164384 0.945264
2.197152 0.928496
2.197152 0.944496
2.22992 0.927728
2.22992 0.943728
2.262688 0.926960
2.262688 0.942960
2.295456 0.926192
2.295456 0.942192
2.328224 0.925424
2.328224 0.941424
2.360992 0.924656
2.360992 0.940656
2.39376 0.923888
2.39376 0.939888
2.426528 0.923120
2.426528 0.939120
2.459296 0.922352
2.459296 0.938352
2.492064 0.921584
2.492064 0.937584
2.524832 0.920816
2.524832 0.936816
2.5576 0.920048
2.5576 0.936048
2.590368 0.919280
2.590368 0.935280
2.623136 0.918512
2.623136 0.934512
2.655904 0.917744
2.655904 0.933744
2.655904 0.949744
2.688672 0.932976
2.688672 0.948976
2.72144 0.932208
2.72144 0.948208
2.754208 0.931440
2.754208 0.947440
2.786976 0.930672
2.786976 0.946672
2.819744 0.929904
2.819744 0.945904
2.852512 0.929136
2.852512 0.945136
2.88528 0.928368
2.88528 0.944368
2.918048 0.927600
2.918048 0.943600
2.950816 0.926832
2.950816 0.942832
2.983584 0.926064
2.983584 0.942064
3.016352 0.925296
3.016352 0.941296
3.04912 0.924528
3.04912 0.940528
3.081888 0.923760
3.081888 0.939760
3.114656 0.922992
3.114656 0.938992
3.147424 0.922224
3.147424 0.938224
3.180192 0.921456
3.180192 0.937456
3.21296 0.920688
3.21296 0.936688
3.245728 0.919920
3.245728 0.935920
3.278496 0.919152
3.278496 0.935152
3.311264 0.918384
3.311264 0.934384
3.344032 0.917616
3.344032 0.933616
3.344032 0.949616
3.3768 0.932848
3.3768 0.948848
3.409568 0.932080
3.409568 0.948080
3.442336 0.931312
3.442336 0.947312
3.475104 0.930544
3.475104 0.946544
3.507872 0.929776
3.507872 0.945776
3.54064 0.929008
3.54064 0.945008
3.573408 0.928240
3.573408 0.944240
3.606176 0.927472
3.606176 0.943472
3.638944 0.926704
3.638944 0.942704
3.671712 0.925936
3.671712 0.941936
3.70448 0.925168
3.70448 0.941168
3.737248 0.924400
3.737248 0.940400
3.770016 0.923632
3.770016 0.939632
3.802784 0.922864
3.802784 0.938864
3.835552 0.922096
3.835552 0.938096
3.86832 0.921328
3.86832 0.937328
3.901088 0.920560
3.901088 0.936560
3.933856 0.919792
3.933856 0.935792
3.966624 0.919024
3.966624 0.935024
3.999392 0.918256
3.999392 0.934256
4.03216 0.917488
4.03216 0.933488
4.03216 0.949488
4.064928 0.932720
4.064928 0.948720
4.097696 0.931952
4.097696 0.947952
4.130464 0.931184
4.130464 0.947184
4.163232 0.930416
4.163232 0.946416
4.196 0.929648
4.196 0.945648
4.228768 0.928880
4.228768 0.944880
4.261536 0.928112
4.261536 0.944112
4.294304 0.927344
4.294304 0.943344
4.327072 0.926576
4.327072 0.942576
4.35984 0.925808
4.35984 0.941808
4.392608 0.925040
4.392608 0.941040
4.425376 0.924272
4.425376 0.940272
4.458144 0.923504
4.458144 0.939504
4.490912 0.922736
4.490912 0.938736
4.52368 0.921968
4.52368 0.937968
4.556448 0.921200
4.556448 0.937200
4.589216 0.920432
4.589216 0.936432
4.621984 0.919664
4.621984 0.935664
4.654752 0.918896
4.654752 0.934896
4.68752 0.918128
4.68752 0.934128
4.720288 0.917360
4.720288 0.933360
4.720288 0.949360
4.753056 0.932592
4.753056 0.948592
4.785824 0.931824
4.785824 0.947824
4.818592 0.931056
4.818592 0.947056
4.85136 0.930288
4.85136 0.946288
4.884128 0.929520
4.884128 0.945520
4.916896 0.928752
4.916896 0.944752
4.949664 0.927984
4.949664 0.943984
4.982432 0.927216
4.982432 0.943216
5.0152 0.926448
5.0152 0.942448
5.047968 0.925680
5.047968 0.941680
5.080736 0.924912
5.080736 0.940912
5.113504 0.924144
5.113504 0.940144
5.146272 0.923376
5.146272 0.939376
5.17904 0.922608
5.17904 0.938608
5.211808 0.921840
5.211808 0.937840
5.244576 0.921072
5.244576 0.937072
5.277344 0.920304
5.277344 0.936304
5.310112 0.919536
5.310112 0.935536
5.34288 0.918768
5.34288 0.934768
5.375648 0.918000
5.375648 0.934000
5.408416 0.917232
5.408416 0.933232
5.408416 0.949232
5.441184 0.932464
5.441184 0.948464
5.473952 0.931696
5.473952 0.947696
5.50672 0.930928
5.50672 0.946928
5.539488 0.930160
5.539488 0.946160
5.572256 0.929392
5.572256 0.945392
5.605024 0.928624
5.605024 0.944624
5.637792 0.927856
5.637792 0.943856
5.67056 0.927088
5.67056 0.943088
5.703328 0.926320
5.703328 0.942320
5.736096 0.925552
5.736096 0.941552
5.768864 0.924784
5.768864 0.940784
5.801632 0.924016
5.801632 0.940016
5.8344 0.923248
5.8344 0.939248
5.867168 0.922480
5.867168 0.938480
5.899936 0.921712
5.899936 0.937712
5.932704 0.920944
5.932704 0.936944
5.965472 0.920176
5.965472 0.936176
5.99824 0.919408
5.99824 0.935408
6.031008 0.918640
6.031008 0.934640
6.063776 0.917872
6.063776 0.933872
6.063776 0.949872
6.096544 0.933104
6.096544 0.949104
6.129312 0.932336
6.129312 0.948336
6.16208 0.931568
6.16208 0.947568
6.194848 0.930800
6.194848 0.946800
6.227616 0.930032
6.227616 0.946032
6.260384 0.929264
6.260384 0.945264
6.293152 0.928496
6.293152 0.944496
6.32592 0.927728
6.32592 0.943728
6.358688 0.926960
6.358688 0.942960
6.391456 0.926192
6.391456 0.942192
6.424224 0.925424
6.424224 0.941424
6.456992 0.924656
6.456992 0.940656
6.48976 0.923888
6.48976 0.939888
6.522528 0.923120
6.522528 0.939120
6.555296 0.922352
6.555296 0.938352
6.588064 0.921584
6.588064 0.937584
6.620832 0.920816
6.620832 0.936816
6.6536 0.920048
6.6536 0.936048
6.686368 0.919280
6.686368 0.935280
6.719136 0.918512
6.719136 0.934512
6.751904 0.917744
6.751904 0.933744
6.751904 0.949744
6.784672 0.932976
6.784672 0.948976
6.81744 0.932208
6.81744 0.948208
6.850208 0.931440
6.850208 0.947440
6.882976 0.930672
6.882976 0.946672
6.915744 0.929904
6.915744 0.945904
6.948512 0.929136
6.948512 0.945136
6.98128 0.928368
6.98128 0.944368
7.014048 0.927600
7.014048 0.943600
7.046816 0.926832
7.046816 0.942832
7.079584 0.926064
7.079584 0.942064
7.112352 0.925296
7.112352 0.941296
7.14512 0.924528
7.14512 0.940528
7.177888 0.923760
7.177888 0.939760
7.210656 0.922992
7.210656 0.938992
7.243424 0.922224
7.243424 0.938224
7.276192 0.921456
7.276192 0.937456
7.30896 0.920688
7.30896 0.936688
7.341728 0.919920
7.341728 0.935920
7.374496 0.919152
7.374496 0.935152
7.407264 0.918384
7.407264 0.934384
7.440032 0.917616
7.440032 0.933616
7.440032 0.949616
7.4728 0.932848
7.4728 0.948848
7.505568 0.932080
7.505568 0.948080
7.538336 0.931312
7.538336 0.947312
7.571104 0.930544
7.571104 0.946544
7.603872 0.929776
7.603872 0.945776
7.63664 0.929008
7.63664 0.945008
7.669408 0.928240
7.669408 0.944240
7.702176 0.927472
7.702176 0.943472
7.734944 0.926704
7.734944 0.942704
7.767712 0.925936
7.767712 0.941936
7.80048 0.925168
7.80048 0.941168
7.833248 0.924400
7.833248 0.940400
7.866016 0.923632
7.866016 0.939632
7.898784 0.922864
7.898784 0.938864
7.931552 0.922096
7.931552 0.938096
7.96432 0.921328
7.96432 0.937328
7.997088 0.920560
7.997088 0.936560
8.029856 0.919792
8.029856 0.935792
8.062624 0.919024
8.062624 0.935024
8.095392 0.918256
8.095392 0.934256
8.12816 0.917488
8.12816 0.933488
8.12816 0.949488
8.160928 0.932720
8.160928 0.948720
8.193696 0.931952
8.193696 0.947952
8.226464 0.931184
8.226464 0.947184
8.259232 0.930416
8.259232 0.946416
8.292 0.929648
8.292 0.945648
8.324768 0.928880
8.324768 0.944880
8.357536 0.928112
8.357536 0.944112
8.390304 0.927344
8.390304 0.943344
8.423072 0.926576
8.423072 0.942576
8.45584 0.925808
8.45584 0.941808
8.488608 0.925040
8.488608 0.941040
8.521376 0.924272
8.521376 0.940272
8.554144 0.923504
8.554144 0.939504
8.586912 0.922736
8.586912 0.938736
8.61968 0.921968
8.61968 0.937968
8.652448 0.921200
8.652448 0.937200
8.685216 0.920432
8.685216 0.936432
8.717984 0.919664
8.717984 0.935664
8.750752 0.918896
8.750752 0.934896
8.78352 0.918128
8.78352 0.934128
8.816288 0.917360
8.816288 0.933360
8.816288 0.949360
8.849056 0.932592
8.849056 0.948592
8.881824 0.931824
8.881824 0.947824
8.914592 0.931056
8.914592 0.947056
8.94736 0.930288
8.94736 0.946288
8.980128 0.929520
8.980128 0.945520
9.012896 0.928752
9.012896 0.944752
9.045664 0.927984
9.045664 0.943984
9.078432 0.927216
9.078432 0.943216
9.1112 0.926448
9.1112 0.942448
9.143968 0.925680
9.143968 0.941680
9.176736 0.924912
9.176736 0.940912
9.209504 0.924144
9.209504 0.940144
9.242272 0.923376
9.242272 0.939376
9.27504 0.922608
9.27504 0.938608
9.307808 0.921840
9.307808 0.937840
9.340576 0.921072
9.340576 0.937072
9.373344 0.920304
9.373344 0.936304
9.406112 0.919536
9.406112 0.935536
9.43888 0.918768
9.43888 0.934768
9.471648 0.918000
9.471648 0.934000
9.471648 0.950000
9.504416 0.933232
9.504416 0.949232
9.537184 0.932464
9.537184 0.948464
9.569952 0.931696
9.569952 0.947696
9.60272 0.930928
9.60272 0.946928
9.635488 0.930160
9.635488 0.946160
9.668256 0.929392
9.668256 0.945392
9.701024 0.928624
9.701024 0.944624
9.733792 0.927856
9.733792 0.943856
9.76656 0.927088
9.76656 0.943088
9.799328 0.926320
9.799328 0.942320
9.832096 0.925552
9.832096 0.941552
9.864864 0.924784
9.864864 0.940784
9.897632 0.924016
9.897632 0.940016
9.9304 0.923248
9.9304 0.939248
9.963168 0.922480
9.963168 0.938480
9.995936 0.921712
9.995936 0.937712
10.028704 0.920944
10.028704 0.936944
10.061472 0.920176
10.061472 0.936176
10.09424 0.919408
10.09424 0.935408
10.127008 0.918640
10.127008 0.934640
10.159776 0.917872
10.159776 0.933872
10.159776 0.949872
10.192544 0.933104
10.192544 0.949104
10.225312 0.932336
10.225312 0.948336
10.25808 0.931568
10.25808 0.947568
10.290848 0.930800
10.290848 0.946800
10.323616 0.930032
10.323616 0.946032
10.356384 0.929264
10.356384 0.945264
10.389152 0.928496
10.389152 0.944496
10.42192 0.927728
10.42192 0.943728
10.454688 0.926960
10.454688 0.942960
10.487456 0.926192
10.487456 0.942192
10.520224 0.925424
10.520224 0.941424
10.552992 0.924656
10.552992 0.940656
10.58576 0.923888
10.58576 0.939888
10.618528 0.923120
10.618528 0.939120
10.651296 0.922352
10.651296 0.938352
10.684064 0.921584
10.684064 0.937584
10.716832 0.920816
10.716832 0.936816
10.7496 0.920048
10.7496 0.936048
10.782368 0.919280
10.782368 0.935280
10.815136 0.918512
10.815136 0.934512
10.847904 0.917744
10.847904 0.933744
10.847904 0.949744
10.880672 0.932976
10.880672 0.948976
10.91344 0.932208
10.91344 0.948208
10.946208 0.931440
10.946208 0.947440
10.978976 0.930672
10.978976 0.946672
11.011744 0.929904
11.011744 0.945904
11.044512 0.929136
11.044512 0.945136
11.07728 0.928368
11.07728 0.944368
11.110048 0.927600
11.110048 0.943600
11.142816 0.926832
11.142816 0.942832
11.175584 0.926064
11.175584 0.942064
11.208352 0.925296
11.208352 0.941296
11.24112 0.924528
11.24112 0.940528
11.273888 0.923760
11.273888 0.939760
11.306656 0.922992
11.306656 0.938992
11.339424 0.922224
11.339424 0.938224
11.372192 0.921456
11.372192 0.937456
11.40496 0.920688
11.40496 0.936688
11.437728 0.919920
11.437728 0.935920
11.470496 0.919152
11.470496 0.935152
11.503264 0.918384
11.503264 0.934384
11.536032 0.917616
11.536032 0.933616
11.536032 0.949616
11.5688 0.932848
11.5688 0.948848
11.601568 0.932080
11.601568 0.948080
11.634336 0.931312
11.634336 0.947312
11.667104 0.930544
11.667104 0.946544
11.699872 0.929776
11.699872 0.945776
11.73264 0.929008
11.73264 0.945008
11.765408 0.928240
11.765408 0.944240
11.798176 0.927472
11.798176 0.943472
11.830944 0.926704
11.830944 0.942704
11.863712 0.925936
11.863712 0.941936
11.89648 0.925168
11.89648 0.941168
11.929248 0.924400
11.929248 0.940400
11.962016 0.923632
11.962016 0.939632
11.994784 0.922864
11.994784 0.938864
12.027552 0.922096
12.027552 0.938096
12.06032 0.921328
12.06032 0.937328
12.093088 0.920560
12.093088 0.936560
12.125856 0.919792
12.125856 0.935792
12.158624 0.919024
12.158624 0.935024
12.191392 0.918256
12.191392 0.934256
12.22416 0.917488
12.22416 0.933488
12.22416 0.949488
12.256928 0.932720
12.256928 0.948720
12.289696 0.931952
12.289696 0.947952
12.322464 0.931184
12.322464 0.947184
12.355232 0.930416
12.355232 0.946416
12.388 0.929648
12.388 0.945648
12.420768 0.928880
12.420768 0.944880
12.453536 0.928112
12.453536 0.944112
12.486304 0.927344
12.486304 0.943344
12.519072 0.926576
12.519072 0.942576
12.55184 0.925808
12.55184 0.941808
12.584608 0.925040
12.584608 0.941040
12.617376 0.924272
12.617376 0.940272
12.650144 0.923504
12.650144 0.939504
12.682912 0.922736
12.682912 0.938736
12.71568 0.921968
12.71568 0.937968
12.748448 0.921200
12.748448 0.937200
12.781216 0.920432
12.781216 0.936432
12.813984 0.919664
12.813984 0.935664
12.846752 0.918896
12.846752 0.934896
12.87952 0.918128
12.87952 0.934128
12.912288 0.917360
12.912288 0.933360
12.912288 0.949360
12.945056 0.932592
12.945056 0.948592
12.977824 0.931824
12.977824 0.947824
13.010592 0.931056
13.010592 0.947056
13.04336 0.930288
13.04336 0.946288
13.076128 0.929520
13.076128 0.945520
13.108896 0.928752
13.108896 0.944752
13.141664 0.927984
13.141664 0.943984
13.174432 0.927216
13.174432 0.943216
13.2072 0.926448
13.2072 0.942448
13.239968 0.925680
13.239968 0.941680
13.272736 0.924912
13.272736 0.940912
13.305504 0.924144
13.305504 0.940144
13.338272 0.923376
13.338272 0.939376
13.37104 0.922608
13.37104 0.938608
13.403808 0.921840
13.403808 0.937840
13.436576 0.921072
13.436576 0.937072
13.469344 0.920304
13.469344 0.936304
13.502112 0.919536
13.502112 0.935536
13.53488 0.918768
13.53488 0.934768
13.567648 0.918000
13.567648 0.934000
13.567648 0.950000
13.600416 0.933232
13.600416 0.949232
13.633184 0.932464
13.633184 0.948464
13.665952 0.931696
13.665952 0.947696
13.69872 0.930928
13.69872 0.946928
13.731488 0.930160
13.731488 0.946160
13.764256 0.929392
13.764256 0.945392
13.797024 0.928624
13.797024 0.944624
13.829792 0.927856
13.829792 0.943856
13.86256 0.927088
13.86256 0.943088
13.895328 0.926320
13.895328 0.942320
13.928096 0.925552
13.928096 0.941552
13.960864 0.924784
13.960864 0.940784
13.993632 0.924016
13.993632 0.940016
14.0264 0.923248
14.0264 0.939248
14.059168 0.922480
14.059168 0.938480
14.091936 0.921712
14.091936 0.937712
14.124704 0.920944
14.124704 0.936944
14.157472 0.920176
14.157472 0.936176
14.19024 0.919408
14.19024 0.935408
14.223008 0.918640
14.223008 0.934640
14.255776 0.917872
14.255776 0.933872
14.255776 0.949872
14.288544 0.933104
14.288544 0.949104
14.321312 0.932336
14.321312 0.948336
14.35408 0.931568
14.35408 0.947568
14.386848 0.930800
14.386848 0.946800
14.419616 0.930032
14.419616 0.946032
14.452384 0.929264
14.452384 0.945264
14.485152 0.928496
14.485152 0.944496
14.51792 0.927728
14.51792 0.943728
14.550688 0.926960
14.550688 0.942960
14.583456 0.926192
14.583456 0.942192
14.616224 0.925424
14.616224 0.941424
14.648992 0.924656
14.648992 0.940656
14.68176 0.923888
14.68176 0.939888
14.714528 0.923120
14.714528 0.939120
14.747296 0.922352
14.747296 0.938352
14.780064 0.921584
14.780064 0.937584
14.812832 0.920816
14.812832 0.936816
14.8456 0.920048
14.8456 0.936048
14.878368 0.919280
14.878368 0.935280
14.911136 0.918512
14.911136 0.934512
14.943904 0.917744
14.943904 0.933744
14.943904 0.949744
14.976672 0.932976
14.976672 0.948976
15.00944 0.932208
15.00944 0.948208
15.042208 0.931440
15.042208 0.947440
15.074976 0.930672
15.074976 0.946672
15.107744 0.929904
15.107744 0.945904
15.140512 0.929136
15.140512 0.945136
15.17328 0.928368
15.17328 0.944368
15.206048 0.927600
15.206048 0.943600
15.238816 0.926832
15.238816 0.942832
15.271584 0.926064
15.271584 0.942064
15.304352 0.925296
15.304352 0.941296
15.33712 0.924528
15.33712 0.940528
15.369888 0.923760
15.369888 0.939760
15.402656 0.922992
15.402656 0.938992
15.435424 0.922224
15.435424 0.938224
15.468192 0.921456
15.468192 0.937456
15.50096 0.920688
15.50096 0.936688
15.533728 0.919920
15.533728 0.935920
15.566496 0.919152
15.566496 0.935152
15.599264 0.918384
15.599264 0.934384
15.632032 0.917616
15.632032 0.933616
15.632032 0.949616
15.6648 0.932848
15.6648 0.948848
15.697568 0.932080
15.697568 0.948080
15.730336 0.931312
15.730336 0.947312
15.763104 0.930544
15.763104 0.946544
15.795872 0.929776
15.795872 0.945776
15.82864 0.929008
15.82864 0.945008
15.861408 0.928240
15.861408 0.944240
15.894176 0.927472
15.894176 0.943472
15.926944 0.926704
15.926944 0.942704
15.959712 0.925936
15.959712 0.941936
15.99248 0.925168
15.99248 0.941168
16.025248 0.924400
16.025248 0.940400
16.058016 0.923632
16.058016 0.939632
16.090784 0.922864
16.090784 0.938864
16.123552 0.922096
16.123552 0.938096
16.15632 0.921328
16.15632 0.937328
16.189088 0.920560
16.189088 0.936560
16.221856 0.919792
16.221856 0.935792
16.254624 0.919024
16.254624 0.935024
16.287392 0.918256
16.287392 0.934256
16.32016 0.917488
16.32016 0.933488
16.32016 0.949488
16.352928 0.932720
16.352928 0.948720
16.385696 0.931952
16.385696 0.947952
16.418464 0.931184
16.418464 0.947184
16.451232 0.930416
16.451232 0.946416
16.484 0.929648
16.484 0.945648
16.516768 0.928880
16.516768 0.944880
16.549536 0.928112
16.549536 0.944112
16.582304 0.927344
16.582304 0.943344
16.615072 0.926576
16.615072 0.942576
16.64784 0.925808
16.64784 0.941808
16.680608 0.925040
16.680608 0.941040
16.713376 0.924272
16.713376 0.940272
16.746144 0.923504
16.746144 0.939504
16.778912 0.922736
16.778912 0.938736
16.81168 0.921968
16.81168 0.937968
16.844448 0.921200
16.844448 0.937200
16.877216 0.920432
16.877216 0.936432
16.909984 0.919664
16.909984 0.935664
16.942752 0.918896
16.942752 0.934896
16.97552 0.918128
16.97552 0.934128
17.008288 0.917360
17.008288 0.933360
17.008288 0.949360
17.041056 0.932592
17.041056 0.948592
17.073824 0.931824
17.073824 0.947824
17.106592 0.931056
17.106592 0.947056
17.13936 0.930288
17.13936 0.946288
17.172128 0.929520
17.172128 0.945520
17.204896 0.928752
17.204896 0.944752
17.237664 0.927984
17.237664 0.943984
17.270432 0.927216
17.270432 0.943216
17.3032 0.926448
17.3032 0.942448
17.335968 0.925680
17.335968 0.941680
17.368736 0.924912
17.368736 0.940912
17.401504 0.924144
17.401504 0.940144
17.434272 0.923376
17.434272 0.939376
17.46704 0.922608
17.46704 0.938608
17.499808 0.921840
17.499808 0.937840
17.532576 0.921072
17.532576 0.937072
17.565344 0.920304
17.565344 0.936304
17.598112 0.919536
17.598112 0.935536
17.63088 0.918768
17.63088 0.934768
17.663648 0.918000
17.663648 0.934000
17.663648 0.950000
17.696416 0.933232
17.696416 0.949232
17.729184 0.932464
17.729184 0.948464
17.761952 0.931696
17.761952 0.947696
17.79472 0.930928
17.79472 0.946928
17.827488 0.930160
17.827488 0.946160
17.860256 0.929392
17.860256 0.945392
17.893024 0.928624
17.893024 0.944624
17.925792 0.927856
17.925792 0.943856
17.95856 0.927088
17.95856 0.943088
17.991328 0.926320
17.991328 0.942320
18.024096 0.925552
18.024096 0.941552
18.056864 0.924784
18.056864 0.940784
18.089632 0.924016
18.089632 0.940016
18.1224 0.923248
18.1224 0.939248
18.155168 0.922480
18.155168 0.938480
18.187936 0.921712
18.187936 0.937712
18.220704 0.920944
18.220704 0.936944
18.253472 0.920176
18.253472 0.936176
18.28624 0.919408
18.28624 0.935408
18.319008 0.918640
18.319008 0.934640
18.351776 0.917872
18.351776 0.933872
18.351776 0.949872
18.384544 0.933104
18.384544 0.949104
18.417312 0.932336
18.417312 0.948336
18.45008 0.931568
18.45008 0.947568
18.482848 0.930800
18.482848 0.946800
18.515616 0.930032
18.515616 0.946032
18.548384 0.929264
18.548384 0.945264
18.581152 0.928496
18.581152 0.944496
18.61392 0.927728
18.61392 0.943728
18.646688 0.926960
18.646688 0.942960
18.679456 0.926192
18.679456 0.942192
18.712224 0.925424
18.712224 0.941424
18.744992 0.924656
18.744992 0.940656
18.77776 0.923888
18.77776 0.939888
18.810528 0.923120
18.810528 0.939120
18.843296 0.922352
18.843296 0.938352
18.876064 0.921584
18.876064 0.937584
18.908832 0.920816
18.908832 0.936816
18.9416 0.920048
18.9416 0.936048
18.974368 0.919280
18.974368 0.935280
19.007136 0.918512
19.007136 0.934512
19.039904 0.917744
19.039904 0.933744
19.039904 0.949744
19.072672 0.932976
19.072672 0.948976
19.10544 0.932208
19.10544 0.948208
19.138208 0.931440
19.138208 0.947440
19.170976 0.930672
19.170976 0.946672
19.203744 0.929904
19.203744 0.945904
19.236512 0.929136
19.236512 0.945136
19.26928 0.928368
19.26928 0.944368
19.302048 0.927600
19.302048 0.943600
19.334816 0.926832
19.334816 0.942832
19.367584 0.926064
19.367584 0.942064
19.400352 0.925296
19.400352 0.941296
19.43312 0.924528
19.43312 0.940528
19.465888 0.923760
19.465888 0.939760
19.498656 0.922992
19.498656 0.938992
19.531424 0.922224
19.531424 0.938224
19.564192 0.921456
19.564192 0.937456
19.59696 0.920688
19.59696 0.936688
19.629728 0.919920
19.629728 0.935920
19.662496 0.919152
19.662496 0.935152
19.695264 0.918384
19.695264 0.934384
19.728032 0.917616
19.728032 0.933616
19.728032 0.949616
19.7608 0.932848
19.7608 0.948848
19.793568 0.932080
19.793568 0.948080
19.826336 0.931312
19.826336 0.947312
19.859104 0.930544
19.859104 0.946544
19.891872 0.929776
19.891872 0.945776
19.92464 0.929008
19.92464 0.945008
19.957408 0.928240
19.957408 0.944240
19.990176 0.927472
19.990176 0.943472
20.022944 0.926704
20.022944 0.942704
20.055712 0.925936
20.055712 0.941936
20.08848 0.925168
20.08848 0.941168
20.121248 0.924400
20.121248 0.940400
20.154016 0.923632
20.154016 0.939632
20.186784 0.922864
20.186784 0.938864
20.219552 0.922096
20.219552 0.938096
20.25232 0.921328
20.25232 0.937328
20.285088 0.920560
20.285088 0.936560
20.317856 0.919792
20.317856 0.935792
20.350624 0.919024
20.350624 0.935024
20.383392 0.918256
20.383392 0.934256
20.41616 0.917488
20.41616 0.933488
20.41616 0.949488
20.448928 0.932720
20.448928 0.948720
20.481696 0.931952
20.481696 0.947952
20.514464 0.931184
20.514464 0.947184
20.547232 0.930416
20.547232 0.946416
20.58 0.929648
20.58 0.945648
20.612768 0.928880
20.612768 0.944880
20.645536 0.928112
20.645536 0.944112
20.678304 0.927344
20.678304 0.943344
20.711072 0.926576
20.711072 0.942576
20.74384 0.925808
20.74384 0.941808
20.776608 0.925040
20.776608 0.941040
20.809376 0.924272
20.809376 0.940272
20.842144 0.923504
20.842144 0.939504
20.874912 0.922736
20.874912 0.938736
20.90768 0.921968
20.90768 0.937968
20.940448 0.921200
20.940448 0.937200
20.973216 0.920432
20.973216 0.936432
21.005984 0.919664
21.005984 0.935664
21.038752 0.918896
21.038752 0.934896
21.07152 0.918128
21.07152 0.934128
21.104288 0.917360
21.104288 0.933360
21.104288 0.949360
21.137056 0.932592
21.137056 0.948592
21.169824 0.931824
21.169824 0.947824
21.202592 0.931056
21.202592 0.947056
21.23536 0.930288
21.23536 0.946288
21.268128 0.929520
21.268128 0.945520
21.300896 0.928752
21.300896 0.944752
21.333664 0.927984
21.333664 0.943984
21.366432 0.927216
21.366432 0.943216
21.3992 0.926448
21.3992 0.942448
21.431968 0.925680
21.431968 0.941680
21.464736 0.924912
21.464736 0.940912
21.497504 0.924144
21.497504 0.940144
21.530272 0.923376
21.530272 0.939376
21.56304 0.922608
21.56304 0.938608
21.595808 0.921840
21.595808 0.937840
21.628576 0.921072
21.628576 0.937072
21.661344 0.920304
21.661344 0.936304
21.694112 0.919536
21.694112 0.935536
21.72688 0.918768
21.72688 0.934768
21.759648 0.918000
21.759648 0.934000
21.759648 0.950000
21.792416 0.933232
21.792416 0.949232
21.825184 0.932464
21.825184 0.948464
21.857952 0.931696
21.857952 0.947696
21.89072 0.930928
21.89072 0.946928
21.923488 0.930160
21.923488 0.946160
21.956256 0.929392
21.956256 0.945392
21.989024 0.928624
21.989024 0.944624
22.021792 0.927856
22.021792 0.943856
22.05456 0.927088
22.05456 0.943088
22.087328 0.926320
22.087328 0.942320
22.120096 0.925552
22.120096 0.941552
22.152864 0.924784
22.152864 0.940784
22.185632 0.924016
22.185632 0.940016
22.2184 0.923248
22.2184 0.939248
22.251168 0.922480
22.251168 0.938480
22.283936 0.921712
22.283936 0.937712
22.316704 0.920944
22.316704 0.936944
22.349472 0.920176
22.349472 0.936176
22.38224 0.919408
22.38224 0.935408
22.415008 0.918640
22.415008 0.934640
22.447776 0.917872
22.447776 0.933872
22.447776 0.949872
22.480544 0.933104
22.480544 0.949104
22.513312 0.932336
22.513312 0.948336
22.54608 0.931568
22.54608 0.947568
22.578848 0.930800
22.578848 0.946800
22.611616 0.930032
22.611616 0.946032
22.644384 0.929264
22.644384 0.945264
22.677152 0.928496
22.677152 0.944496
22.70992 0.927728
22.70992 0.943728
22.742688 0.926960
22.742688 0.942960
22.775456 0.926192
22.775456 0.942192
22.808224 0.925424
22.808224 0.941424
22.840992 0.924656
22.840992 0.940656
22.87376 0.923888
22.87376 0.939888
22.906528 0.923120
22.906528 0.939120
22.939296 0.922352
22.939296 0.938352
22.972064 0.921584
22.972064 0.937584
23.004832 0.920816
23.004832 0.936816
23.0376 0.920048
23.0376 0.936048
23.070368 0.919280
23.070368 0.935280
23.103136 0.918512
23.103136 0.934512
23.135904 0.917744
23.135904 0.933744
23.135904 0.949744
23.168672 0.932976
23.168672 0.948976
23.20144 0.932208
23.20144 0.948208
23.234208 0.931440
23.234208 0.947440
23.266976 0.930672
23.266976 0.946672
23.299744 0.929904
23.299744 0.945904
23.332512 0.929136
23.332512 0.945136
23.36528 0.928368
23.36528 0.944368
23.398048 0.927600
23.398048 0.943600
23.430816 0.926832
23.430816 0.942832
23.463584 0.926064
23.463584 0.942064
23.496352 0.925296
23.496352 0.941296
23.52912 0.924528
23.52912 0.940528
23.561888 0.923760
23.561888 0.939760
23.594656 0.922992
23.594656 0.938992
23.627424 0.922224
23.627424 0.938224
23.660192 0.921456
23.660192 0.937456
23.69296 0.920688
23.69296 0.936688
23.725728 0.919920
23.725728 0.935920
23.758496 0.919152
23.758496 0.935152
23.791264 0.918384
23.791264 0.934384
23.824032 0.917616
23.824032 0.933616
23.824032 0.949616
23.8568 0.932848
23.8568 0.948848
23.889568 0.932080
23.889568 0.948080
23.922336 0.931312
23.922336 0.947312
23.955104 0.930544
23.955104 0.946544
23.987872 0.929776
23.987872 0.945776
24.02064 0.929008
24.02064 0.945008
24.053408 0.928240
24.053408 0.944240
24.086176 0.927472
24.086176 0.943472
24.118944 0.926704
24.118944 0.942704
24.151712 0.925936
24.151712 0.941936
24.18448 0.925168
24.18448 0.941168
24.217248 0.924400
24.217248 0.940400
24.250016 0.923632
24.250016 0.939632
24.282784 0.922864
24.282784 0.938864
24.315552 0.922096
24.315552 0.938096
24.34832 0.921328
24.34832 0.937328
24.381088 0.920560
24.381088 0.936560
24.413856 0.919792
24.413856 0.935792
24.446624 0.919024
24.446624 0.935024
24.479392 0.918256
24.479392 0.934256
24.51216 0.917488
24.51216 0.933488
24.51216 0.949488
24.544928 0.932720
24.544928 0.948720
24.577696 0.931952
24.577696 0.947952
24.610464 0.931184
24.610464 0.947184
24.643232 0.930416
24.643232 0.946416
24.676 0.929648
24.676 0.945648
24.708768 0.928880
24.708768 0.944880
24.741536 0.928112
24.741536 0.944112
24.774304 0.927344
24.774304 0.943344
24.807072 0.926576
24.807072 0.942576
24.83984 0.925808
24.83984 0.941808
24.872608 0.925040
24.872608 0.941040
24.905376 0.924272
24.905376 0.940272
24.938144 0.923504
24.938144 0.939504
24.970912 0.922736
24.970912 0.938736
25.00368 0.921968
25.00368 0.937968
25.036448 0.921200
25.036448 0.937200
25.069216 0.920432
25.069216 0.936432
25.101984 0.919664
25.101984 0.935664
25.134752 0.918896
25.134752 0.934896
25.16752 0.918128
25.16752 0.934128
25.200288 0.917360
25.200288 0.933360
25.200288 0.949360
25.233056 0.932592
25.233056 0.948592
25.265824 0.931824
25.265824 0.947824
25.298592 0.931056
25.298592 0.947056
25.33136 0.930288
25.33136 0.946288
25.364128 0.929520
25.364128 0.945520
25.396896 0.928752
25.396896 0.944752
25.429664 0.927984
25.429664 0.943984
25.462432 0.927216
25.462432 0.943216
25.4952 0.926448
25.4952 0.942448
25.527968 0.925680
25.527968 0.941680
25.560736 0.924912
25.560736 0.940912
25.593504 0.924144
25.593504 0.940144
25.626272 0.923376
25.626272 0.939376
25.65904 0.922608
25.65904 0.938608
25.691808 0.921840
25.691808 0.937840
25.724576 0.921072
25.724576 0.937072
25.757344 0.920304
25.757344 0.936304
25.790112 0.919536
25.790112 0.935536
25.82288 0.918768
25.82288 0.934768
25.855648 0.918000
25.855648 0.934000
25.855648 0.950000
25.888416 0.933232
25.888416 0.949232
25.921184 0.932464
25.921184 0.948464
25.953952 0.931696
25.953952 0.947696
25.98672 0.930928
25.98672 0.946928
26.019488 0.930160
26.019488 0.946160
26.052256 0.929392
26.052256 0.945392
26.085024 0.928624
26.085024 0.944624
26.117792 0.927856
26.117792 0.943856
26.15056 0.927088
26.15056 0.943088
26.183328 0.926320
26.183328 0.942320
26.216096 0.925552
26.216096 0.941552
26.248864 0.924784
26.248864 0.940784
26.281632 0.924016
26.281632 0.940016
26.3144 0.923248
26.3144 0.939248
26.347168 0.922480
26.347168 0.938480
26.379936 0.921712
26.379936 0.937712
26.412704 0.920944
26.412704 0.936944
26.445472 0.920176
26.445472 0.936176
26.47824 0.919408
26.47824 0.935408
26.511008 0.918640
26.511008 0.934640
26.543776 0.917872
26.543776 0.933872
26.543776 0.949872
26.576544 0.933104
26.576544 0.949104
26.609312 0.932336
26.609312 0.948336
26.64208 0.931568
26.64208 0.947568
26.674848 0.930800
26.674848 0.946800
26.707616 0.930032
26.707616 0.946032
26.740384 0.929264
26.740384 0.945264
26.773152 0.928496
26.773152 0.944496
26.80592 0.927728
26.80592 0.943728
26.838688 0.926960
26.838688 0.942960
26.871456 0.926192
26.871456 0.942192
26.904224 0.925424
26.904224 0.941424
26.936992 0.924656
26.936992 0.940656
26.96976 0.923888
26.96976 0.939888
27.002528 0.923120
27.002528 0.939120
27.035296 0.922352
27.035296 0.938352
27.068064 0.921584
27.068064 0.937584
27.100832 0.920816
27.100832 0.936816
27.1336 0.920048
27.1336 0.936048
27.166368 0.919280
27.166368 0.935280
27.199136 0.918512
27.199136 0.934512
27.231904 0.917744
27.231904 0.933744
27.231904 0.949744
27.264672 0.932976
27.264672 0.948976
27.29744 0.932208
27.29744 0.948208
27.330208 0.931440
27.330208 0.947440
27.362976 0.930672
27.362976 0.946672
27.395744 0.929904
27.395744 0.945904
27.428512 0.929136
27.428512 0.945136
27.46128 0.928368
27.46128 0.944368
27.494048 0.927600
27.494048 0.943600
27.526816 0.926832
27.526816 0.942832
27.559584 0.926064
27.559584 0.942064
27.592352 0.925296
27.592352 0.941296
27.62512 0.924528
27.62512 0.940528
27.657888 0.923760
27.657888 0.939760
27.690656 0.922992
27.690656 0.938992
27.723424 0.922224
27.723424 0.938224
27.756192 0.921456
27.756192 0.937456
27.78896 0.920688
27.78896 0.936688
27.821728 0.919920
27.821728 0.935920
27.854496 0.919152
27.854496 0.935152
27.887264 0.918384
27.887264 0.934384
27.920032 0.917616
27.920032 0.933616
27.920032 0.949616
27.9528 0.932848
27.9528 0.948848
27.985568 0.932080
27.985568 0.948080
28.018336 0.931312
28.018336 0.947312
28.051104 0.930544
28.051104 0.946544
28.083872 0.929776
28.083872 0.945776
28.11664 0.929008
28.11664 0.945008
28.149408 0.928240
28.149408 0.944240
28.182176 0.927472
28.182176 0.943472
28.214944 0.926704
28.214944 0.942704
28.247712 0.925936
28.247712 0.941936
28.28048 0.925168
28.28048 0.941168
28.313248 0.924400
28.313248 0.940400
28.346016 0.923632
28.346016 0.939632
28.378784 0.922864
28.378784 0.938864
28.411552 0.922096
28.411552 0.938096
28.44432 0.921328
28.44432 0.937328
28.477088 0.920560
28.477088 0.936560
28.509856 0.919792
28.509856 0.935792
28.542624 0.919024
28.542624 0.935024
28.575392 0.918256
28.575392 0.934256
28.60816 0.917488
28.60816 0.933488
28.60816 0.949488
28.640928 0.932720
28.640928 0.948720
28.673696 0.931952
28.673696 0.947952
28.706464 0.931184
28.706464 0.947184
28.739232 0.930416
28.739232 0.946416
28.772 0.929648
28.772 0.945648
28.804768 0.928880
28.804768 0.944880
28.837536 0.928112
28.837536 0.944112
28.870304 0.927344
28.870304 0.943344
28.903072 0.926576
28.903072 0.942576
28.93584 0.925808
28.93584 0.941808
28.968608 0.925040
28.968608 0.941040
29.001376 0.924272
29.001376 0.940272
29.034144 0.923504
29.034144 0.939504
29.066912 0.922736
29.066912 0.938736
29.09968 0.921968
29.09968 0.937968
29.132448 0.921200
29.132448 0.937200
29.165216 0.920432
29.165216 0.936432
29.197984 0.919664
29.197984 0.935664
29.230752 0.918896
29.230752 0.934896
29.26352 0.918128
29.26352 0.934128
29.296288 0.917360
29.296288 0.933360
29.296288 0.949360
29.329056 0.932592
29.329056 0.948592
29.361824 0.931824
29.361824 0.947824
29.394592 0.931056
29.394592 0.947056
29.42736 0.930288
29.42736 0.946288
29.460128 0.929520
29.460128 0.945520
29.492896 0.928752
29.492896 0.944752
29.525664 0.927984
29.525664 0.943984
29.558432 0.927216
29.558432 0.943216
29.5912 0.926448
29.5912 0.942448
29.623968 0.925680
29.623968 0.941680
29.656736 0.924912
29.656736 0.940912
29.689504 0.924144
29.689504 0.940144
29.722272 0.923376
29.722272 0.939376
29.75504 0.922608
29.75504 0.938608
29.787808 0.921840
29.787808 0.937840
29.820576 0.921072
29.820576 0.937072
29.853344 0.920304
29.853344 0.936304
29.886112 0.919536
29.886112 0.935536
29.91888 0.918768
29.91888 0.934768
29.951648 0.918000
29.951648 0.934000
29.951648 0.950000
29.984416 0.933232
29.984416 0.949232
30.017184 0.932464
30.017184 0.948464
30.049952 0.931696
30.049952 0.947696
30.08272 0.930928
30.08272 0.946928
30.115488 0.930160
30.115488 0.946160
30.148256 0.929392
30.148256 0.945392
30.181024 0.928624
30.181024 0.944624
30.213792 0.927856
30.213792 0.943856
30.24656 0.927088
30.24656 0.943088
30.279328 0.926320
30.279328 0.942320
30.312096 0.925552
30.312096 0.941552
30.344864 0.924784
30.344864 0.940784
30.377632 0.924016
30.377632 0.940016
30.4104 0.923248
30.4104 0.939248
30.443168 0.922480
30.443168 0.938480
30.475936 0.921712
30.475936 0.937712
30.508704 0.920944
30.508704 0.936944
30.541472 0.920176
30.541472 0.936176
30.57424 0.919408
30.57424 0.935408
30.607008 0.918640
30.607008 0.934640
30.639776 0.917872
30.639776 0.933872
30.639776 0.949872
30.672544 0.933104
30.672544 0.949104
30.705312 0.932336
30.705312 0.948336
30.73808 0.931568
30.73808 0.947568
30.770848 0.930800
30.770848 0.946800
30.803616 0.930032
30.803616 0.946032
30.836384 0.929264
30.836384 0.945264
30.869152 0.928496
30.869152 0.944496
30.90192 0.927728
30.90192 0.943728
30.934688 0.926960
30.934688 0.942960
30.967456 0.926192
30.967456 0.942192
31.000224 0.925424
31.000224 0.941424
31.032992 0.924656
31.032992 0.940656
31.06576 0.923888
31.06576 0.939888
31.098528 0.923120
31.098528 0.939120
31.131296 0.922352
31.131296 0.938352
31.164064 0.921584
31.164064 0.937584
31.196832 0.920816
31.196832 0.936816
31.2296 0.920048
31.2296 0.936048
31.262368 0.919280
31.262368 0.935280
31.295136 0.918512
31.295136 0.934512
31.327904 0.917744
31.327904 0.933744
31.327904 0.949744
31.360672 0.932976
31.360672 0.948976
31.39344 0.932208
31.39344 0.948208
31.426208 0.931440
31.426208 0.947440
31.458976 0.930672
31.458976 0.946672
31.491744 0.929904
31.491744 0.945904
31.524512 0.929136
31.524512 0.945136
31.55728 0.928368
31.55728 0.944368
31.590048 0.927600
31.590048 0.943600
31.622816 0.926832
31.622816 0.942832
31.655584 0.926064
31.655584 0.942064
31.688352 0.925296
31.688352 0.941296
31.72112 0.924528
31.72112 0.940528
31.753888 0.923760
31.753888 0.939760
31.786656 0.922992
31.786656 0.938992
31.819424 0.922224
31.819424 0.938224
31.852192 0.921456
31.852192 0.937456
31.88496 0.920688
31.88496 0.936688
31.917728 0.919920
31.917728 0.935920
31.950496 0.919152
31.950496 0.935152
31.983264 0.918384
31.983264 0.934384
32.016032 0.917616
32.016032 0.933616
32.016032 0.949616
32.0488 0.932848
32.0488 0.948848
32.081568 0.932080
32.081568 0.948080
32.114336 0.931312
32.114336 0.947312
32.147104 0.930544
32.147104 0.946544
32.179872 0.929776
32.179872 0.945776
32.21264 0.929008
32.21264 0.945008
32.245408 0.928240
32.245408 0.944240
32.278176 0.927472
32.278176 0.943472
32.310944 0.926704
32.310944 0.942704
32.343712 0.925936
32.343712 0.941936
32.37648 0.925168
32.37648 0.941168
32.409248 0.924400
32.409248 0.940400
32.442016 0.923632
32.442016 0.939632
32.474784 0.922864
32.474784 0.938864
32.507552 0.922096
32.507552 0.938096
32.54032 0.921328
32.54032 0.937328
32.573088 0.920560
32.573088 0.936560
32.605856 0.919792
32.605856 0.935792
32.638624 0.919024
32.638624 0.935024
32.671392 0.918256
32.671392 0.934256
32.70416 0.917488
32.70416 0.933488
32.70416 0.949488
32.736928 0.932720
32.736928 0.948720
32.769696 0.931952
32.769696 0.947952
32.802464 0.931184
32.802464 0.947184
32.835232 0.930416
32.835232 0.946416
32.868 0.929648
32.868 0.945648
32.900768 0.928880
32.900768 0.944880
32.933536 0.928112
32.933536 0.944112
32.966304 0.927344
32.966304 0.943344
32.999072 0.926576
32.999072 0.942576
33.03184 0.925808
33.03184 0.941808
33.064608 0.925040
33.064608 0.941040
33.097376 0.924272
33.097376 0.940272
33.130144 0.923504
33.130144 0.939504
33.162912 0.922736
33.162912 0.938736
33.19568 0.921968
33.19568 0.937968
33.228448 0.921200
33.228448 0.937200
33.261216 0.920432
33.261216 0.936432
33.293984 0.919664
33.293984 0.935664
33.326752 0.918896
33.326752 0.934896
33.35952 0.918128
33.35952 0.934128
33.392288 0.917360
33.392288 0.933360
33.392288 0.949360
33.425056 0.932592
33.425056 0.948592
33.457824 0.931824
33.457824 0.947824
33.490592 0.931056
33.490592 0.947056
33.52336 0.930288
33.52336 0.946288
33.556128 0.929520
33.556128 0.945520
33.588896 0.928752
33.588896 0.944752
33.621664 0.927984
33.621664 0.943984
33.654432 0.927216
33.654432 0.943216
33.6872 0.926448
33.6872 0.942448
33.719968 0.925680
33.719968 0.941680
33.752736 0.924912
33.752736 0.940912
33.785504 0.924144
33.785504 0.940144
33.818272 0.923376
33.818272 0.939376
33.85104 0.922608
33.85104 0.938608
33.883808 0.921840
33.883808 0.937840
33.916576 0.921072
33.916576 0.937072
33.949344 0.920304
33.949344 0.936304
33.982112 0.919536
33.982112 0.935536
34.01488 0.918768
34.01488 0.934768
34.047648 0.918000
34.047648 0.934000
34.047648 0.950000
34.080416 0.933232
34.080416 0.949232
34.113184 0.932464
34.113184 0.948464
34.145952 0.931696
34.145952 0.947696
34.17872 0.930928
34.17872 0.946928
34.211488 0.930160
34.211488 0.946160
34.244256 0.929392
34.244256 0.945392
34.277024 0.928624
34.277024 0.944624
34.309792 0.927856
34.309792 0.943856
34.34256 0.927088
34.34256 0.943088
34.375328 0.926320
34.375328 0.942320
34.408096 0.925552
34.408096 0.941552
34.440864 0.924784
34.440864 0.940784
34.473632 0.924016
34.473632 0.940016
34.5064 0.923248
34.5064 0.939248
34.539168 0.922480
34.539168 0.938480
34.571936 0.921712
34.571936 0.937712
34.604704 0.920944
34.604704 0.936944
34.637472 0.920176
34.637472 0.936176
34.67024 0.919408
34.67024 0.935408
34.703008 0.918640
34.703008 0.934640
34.735776 0.917872
34.735776 0.933872
34.735776 0.949872
34.768544 0.933104
34.768544 0.949104
34.801312 0.932336
34.801312 0.948336
34.83408 0.931568
34.83408 0.947568
34.866848 0.930800
34.866848 0.946800
34.899616 0.930032
34.899616 0.946032
34.932384 0.929264
34.932384 0.945264
34.965152 0.928496
34.965152 0.944496
34.99792 0.927728
34.99792 0.943728
35.030688 0.926960
35.030688 0.942960
35.063456 0.926192
35.063456 0.942192
35.096224 0.925424
35.096224 0.941424
35.128992 0.924656
35.128992 0.940656
35.16176 0.923888
35.16176 0.939888
35.194528 0.923120
35.194528 0.939120
35.227296 0.922352
35.227296 0.938352
35.260064 0.921584
35.260064 0.937584
35.292832 0.920816
35.292832 0.936816
35.3256 0.920048
35.3256 0.936048
35.358368 0.919280
35.358368 0.935280
35.391136 0.918512
35.391136 0.934512
35.423904 0.917744
35.423904 0.933744
35.423904 0.949744
35.456672 0.932976
35.456672 0.948976
35.48944 0.932208
35.48944 0.948208
35.522208 0.931440
35.522208 0.947440
35.554976 0.930672
35.554976 0.946672
35.587744 0.929904
35.587744 0.945904
35.620512 0.929136
35.620512 0.945136
35.65328 0.928368
35.65328 0.944368
35.686048 0.927600
35.686048 0.943600
35.718816 0.926832
35.718816 0.942832
35.751584 0.926064
35.751584 0.942064
35.784352 0.925296
35.784352 0.941296
35.81712 0.924528
35.81712 0.940528
35.849888 0.923760
35.849888 0.939760
35.882656 0.922992
35.882656 0.938992
35.915424 0.922224
35.915424 0.938224
35.948192 0.921456
35.948192 0.937456
35.98096 0.920688
35.98096 0.936688
36.013728 0.919920
36.013728 0.935920
36.046496 0.919152
36.046496 0.935152
36.079264 0.918384
36.079264 0.934384
36.112032 0.917616
36.112032 0.933616
36.112032 0.949616
36.1448 0.932848
36.1448 0.948848
36.177568 0.932080
36.177568 0.948080
36.210336 0.931312
36.210336 0.947312
36.243104 0.930544
36.243104 0.946544
36.275872 0.929776
36.275872 0.945776
36.30864 0.929008
36.30864 0.945008
36.341408 0.928240
36.341408 0.944240
36.374176 0.927472
36.374176 0.943472
36.406944 0.926704
36.406944 0.942704
36.439712 0.925936
36.439712 0.941936
36.47248 0.925168
36.47248 0.941168
36.505248 0.924400
36.505248 0.940400
36.538016 0.923632
36.538016 0.939632
36.570784 0.922864
36.570784 0.938864
36.603552 0.922096
36.603552 0.938096
36.63632 0.921328
36.63632 0.937328
36.669088 0.920560
36.669088 0.936560
36.701856 0.919792
36.701856 0.935792
36.734624 0.919024
36.734624 0.935024
36.767392 0.918256
36.767392 0.934256
36.80016 0.917488
36.80016 0.933488
36.80016 0.949488
36.832928 0.932720
36.832928 0.948720
36.865696 0.931952
36.865696 0.947952
36.898464 0.931184
36.898464 0.947184
36.931232 0.930416
36.931232 0.946416
36.964 0.929648
36.964 0.945648
36.996768 0.928880
36.996768 0.944880
37.029536 0.928112
37.029536 0.944112
37.062304 0.927344
37.062304 0.943344
37.095072 0.926576
37.095072 0.942576
37.12784 0.925808
37.12784 0.941808
37.160608 0.925040
37.160608 0.941040
37.193376 0.924272
37.193376 0.940272
37.226144 0.923504
37.226144 0.939504
37.258912 0.922736
37.258912 0.938736
37.29168 0.921968
37.29168 0.937968
37.324448 0.921200
37.324448 0.937200
37.357216 0.920432
37.357216 0.936432
37.389984 0.919664
37.389984 0.935664
37.422752 0.918896
37.422752 0.934896
37.45552 0.918128
37.45552 0.934128
37.488288 0.917360
37.488288 0.933360
37.488288 0.949360
37.521056 0.932592
37.521056 0.948592
37.553824 0.931824
37.553824 0.947824
37.586592 0.931056
37.586592 0.947056
37.61936 0.930288
37.61936 0.946288
37.652128 0.929520
37.652128 0.945520
37.684896 0.928752
37.684896 0.944752
37.717664 0.927984
37.717664 0.943984
37.750432 0.927216
37.750432 0.943216
37.7832 0.926448
37.7832 0.942448
37.815968 0.925680
37.815968 0.941680
37.848736 0.924912
37.848736 0.940912
37.881504 0.924144
37.881504 0.940144
37.914272 0.923376
37.914272 0.939376
37.94704 0.922608
37.94704 0.938608
37.979808 0.921840
37.979808 0.937840
38.012576 0.921072
38.012576 0.937072
38.045344 0.920304
38.045344 0.936304
38.078112 0.919536
38.078112 0.935536
38.11088 0.918768
38.11088 0.934768
38.143648 0.918000
38.143648 0.934000
38.143648 0.950000
38.176416 0.933232
38.176416 0.949232
38.209184 0.932464
38.209184 0.948464
38.241952 0.931696
38.241952 0.947696
38.27472 0.930928
38.27472 0.946928
38.307488 0.930160
38.307488 0.946160
38.340256 0.929392
38.340256 0.945392
38.373024 0.928624
38.373024 0.944624
38.405792 0.927856
38.405792 0.943856
38.43856 0.927088
38.43856 0.943088
38.471328 0.926320
38.471328 0.942320
38.504096 0.925552
38.504096 0.941552
38.536864 0.924784
38.536864 0.940784
38.569632 0.924016
38.569632 0.940016
38.6024 0.923248
38.6024 0.939248
38.635168 0.922480
38.635168 0.938480
38.667936 0.921712
38.667936 0.937712
38.700704 0.920944
38.700704 0.936944
38.733472 0.920176
38.733472 0.936176
38.76624 0.919408
38.76624 0.935408
38.799008 0.918640
38.799008 0.934640
38.831776 0.917872
38.831776 0.933872
38.831776 0.949872
38.864544 0.933104
38.864544 0.949104
38.897312 0.932336
38.897312 0.948336
38.93008 0.931568
38.93008 0.947568
38.962848 0.930800
38.962848 0.946800
38.995616 0.930032
38.995616 0.946032
39.028384 0.929264
39.028384 0.945264
39.061152 0.928496
39.061152 0.944496
39.09392 0.927728
39.09392 0.943728
39.126688 0.926960
39.126688 0.942960
39.159456 0.926192
39.159456 0.942192
39.192224 0.925424
39.192224 0.941424
39.224992 0.924656
39.224992 0.940656
39.25776 0.923888
39.25776 0.939888
39.290528 0.923120
39.290528 0.939120
39.323296 0.922352
39.323296 0.938352
39.356064 0.921584
39.356064 0.937584
39.388832 0.920816
39.388832 0.936816
39.4216 0.920048
39.4216 0.936048
39.454368 0.919280
39.454368 0.935280
39.487136 0.918512
39.487136 0.934512
39.519904 0.917744
39.519904 0.933744
39.519904 0.949744
39.552672 0.932976
39.552672 0.948976
39.58544 0.932208
39.58544 0.948208
39.618208 0.931440
39.618208 0.947440
39.650976 0.930672
39.650976 0.946672
39.683744 0.929904
39.683744 0.945904
39.716512 0.929136
39.716512 0.945136
39.74928 0.928368
39.74928 0.944368
39.782048 0.927600
39.782048 0.943600
39.814816 0.926832
39.814816 0.942832
39.847584 0.926064
39.847584 0.942064
39.880352 0.925296
39.880352 0.941296
39.91312 0.924528
39.91312 0.940528
39.945888 0.923760
39.945888 0.939760
39.978656 0.922992
39.978656 0.938992
