0.1 0.166000
0.1 0.166384
0.108192 0.174192
0.108192 0.174576
0.116384 0.182384
0.116384 0.182768
0.124576 0.190576
0.124576 0.190960
0.132768 0.198768
0.132768 0.199152
0.14096 0.206960
0.14096 0.207344
0.149152 0.215152
0.149152 0.215536
0.157344 0.223344
0.157344 0.223728
0.165536 0.231536
0.165536 0.231920
0.173728 0.239728
0.173728 0.240112
0.18192 0.247920
0.18192 0.248304
0.190112 0.256112
0.190112 0.256496
0.198304 0.264304
0.198304 0.264688
0.206496 0.272496
0.206496 0.272880
0.214688 0.280688
0.214688 0.281072
0.22288 0.288880
0.22288 0.289264
0.231072 0.297072
0.231072 0.297456
0.239264 0.305264
0.239264 0.305648
0.247456 0.313456
0.247456 0.313840
0.255648 0.321648
0.255648 0.322032
0.26384 0.329840
0.26384 0.330224
0.272032 0.338032
0.272032 0.338416
0.280224 0.346224
0.280224 0.346608
0.288416 0.354416
0.288416 0.354800
0.296608 0.362608
0.296608 0.362992
0.3048 0.370800
0.3048 0.371184
0.312992 0.378992
0.312992 0.379376
0.321184 0.387184
0.321184 0.387568
0.329376 0.395376
0.329376 0.395760
0.337568 0.403568
0.337568 0.403952
0.34576 0.411760
0.34576 0.412144
0.353952 0.419952
0.353952 0.420336
0.362144 0.428144
0.362144 0.428528
0.370336 0.436336
0.370336 0.436720
0.378528 0.444528
0.378528 0.444912
0.38672 0.452720
0.38672 0.453104
0.394912 0.460912
0.394912 0.461296
0.403104 0.469104
0.403104 0.469488
0.411296 0.477296
0.411296 0.477680
0.419488 0.485488
0.419488 0.485872
0.42768 0.493680
0.42768 0.494064
0.435872 0.501872
0.435872 0.502256
0.444064 0.510064
0.444064 0.510448
0.452256 0.518256
0.452256 0.518640
0.460448 0.526448
0.460448 0.526832
0.46864 0.534640
0.46864 0.535024
0.476832 0.542832
0.476832 0.543216
0.485024 0.551024
0.485024 0.551408
0.493216 0.559216
0.501408 0.567024
0.5096 0.574832
0.517792 0.582640
0.525984 0.590448
0.534176 0.598256
0.542368 0.606064
0.55056 0.613872
0.558752 0.621680
0.566944 0.629488
0.575136 0.637296
0.583328 0.645104
0.59152 0.652912
0.599712 0.660720
0.607904 0.668528
0.616096 0.676336
0.624288 0.684144
0.63248 0.691952
0.640672 0.699760
0.648864 0.707568
0.657056 0.715376
0.665248 0.723184
0.67344 0.730992
0.681632 0.738800
0.689824 0.746608
0.698016 0.754416
0.706208 0.762224
0.7144 0.770032
0.722592 0.777840
0.730784 0.785648
0.738976 0.793456
0.747168 0.801264
0.75536 0.809072
0.763552 0.816880
0.771744 0.824688
0.779936 0.832496
0.788128 0.840304
0.79632 0.848112
0.804512 0.855920
0.812704 0.863728
0.820896 0.871536
0.829088 0.879344
0.83728 0.887152
0.845472 0.894960
0.853664 0.902768
0.861856 0.910576
0.870048 0.918384
0.87824 0.926192
0.886432 0.934000
0.894624 0.941808
0.902816 0.949616
0.9192 0.949232
0.935584 0.948848
0.951968 0.948464
0.968352 0.948080
0.984736 0.947696
1.00112 0.947312
1.017504 0.946928
1.033888 0.946544
1.050272 0.946160
1.066656 0.945776
1.08304 0.945392
1.099424 0.945008
1.115808 0.944624
1.132192 0.944240
1.148576 0.943856
1.16496 0.943472
1.181344 0.943088
1.197728 0.942704
1.214112 0.942320
1.230496 0.941936
1.238688 0.949744
1.255072 0.949360
1.271456 0.948976
1.28784 0.948592
1.304224 0.948208
1.320608 0.947824
1.336992 0.947440
1.353376 0.947056
1.36976 0.946672
1.386144 0.946288
1.402528 0.945904
1.418912 0.945520
1.435296 0.945136
1.45168 0.944752
1.468064 0.944368
1.484448 0.943984
1.500832 0.943600
1.517216 0.943216
1.5336 0.942832
1.549984 0.942448
1.566368 0.942064
1.57456 0.949872
1.590944 0.949488
1.607328 0.949104
1.623712 0.948720
1.640096 0.948336
1.65648 0.947952
1.672864 0.947568
1.689248 0.947184
1.705632 0.946800
1.722016 0.946416
1.7384 0.946032
1.754784 0.945648
1.771168 0.945264
1.787552 0.944880
1.803936 0.944496
1.82032 0.944112
1.836704 0.943728
1.853088 0.943344
1.869472 0.942960
1.885856 0.942576
1.90224 0.942192
1.918624 0.941808
1.926816 0.949616
1.9432 0.949232
1.959584 0.948848
1.975968 0.948464
1.992352 0.948080
2.008736 0.947696
2.02512 0.947312
2.041504 0.946928
2.057888 0.946544
2.074272 0.946160
2.090656 0.945776
2.10704 0.945392
2.123424 0.945008
2.139808 0.944624
2.156192 0.944240
2.172576 0.943856
2.18896 0.943472
2.205344 0.943088
2.221728 0.942704
2.238112 0.942320
2.254496 0.941936
2.262688 0.949744
2.279072 0.949360
2.295456 0.948976
2.31184 0.948592
2.328224 0.948208
2.344608 0.947824
2.360992 0.947440
2.377376 0.947056
2.39376 0.946672
2.410144 0.946288
2.426528 0.945904
2.442912 0.945520
2.459296 0.945136
2.47568 0.944752
2.492064 0.944368
2.508448 0.943984
2.524832 0.943600
2.541216 0.943216
2.5576 0.942832
2.573984 0.942448
2.590368 0.942064
2.59856 0.949872
2.614944 0.949488
2.631328 0.949104
2.647712 0.948720
2.664096 0.948336
2.68048 0.947952
2.696864 0.947568
2.713248 0.947184
2.729632 0.946800
2.746016 0.946416
2.7624 0.946032
2.778784 0.945648
2.795168 0.945264
2.811552 0.944880
2.827936 0.944496
2.84432 0.944112
2.860704 0.943728
2.877088 0.943344
2.893472 0.942960
2.909856 0.942576
2.92624 0.942192
2.934432 0.950000
2.950816 0.949616
2.9672 0.949232
2.983584 0.948848
2.999968 0.948464
3.016352 0.948080
3.032736 0.947696
3.04912 0.947312
3.065504 0.946928
3.081888 0.946544
3.098272 0.946160
3.114656 0.945776
3.13104 0.945392
3.147424 0.945008
3.163808 0.944624
3.180192 0.944240
3.196576 0.943856
3.21296 0.943472
3.229344 0.943088
3.245728 0.942704
3.262112 0.942320
3.278496 0.941936
3.286688 0.949744
3.303072 0.949360
3.319456 0.948976
3.33584 0.948592
3.352224 0.948208
3.368608 0.947824
3.384992 0.947440
3.401376 0.947056
3.41776 0.946672
3.434144 0.946288
3.450528 0.945904
3.466912 0.945520
3.483296 0.945136
3.49968 0.944752
3.516064 0.944368
3.532448 0.943984
3.548832 0.943600
3.565216 0.943216
3.5816 0.942832
3.597984 0.942448
3.614368 0.942064
3.62256 0.949872
3.638944 0.949488
3.655328 0.949104
3.671712 0.948720
3.688096 0.948336
3.70448 0.947952
3.720864 0.947568
3.737248 0.947184
3.753632 0.946800
3.770016 0.946416
3.7864 0.946032
3.802784 0.945648
3.819168 0.945264
3.835552 0.944880
3.851936 0.944496
3.86832 0.944112
3.884704 0.943728
3.901088 0.943344
3.917472 0.942960
3.933856 0.942576
3.95024 0.942192
3.958432 0.950000
3.974816 0.949616
3.9912 0.949232
4.007584 0.948848
4.023968 0.948464
4.040352 0.948080
4.056736 0.947696
4.07312 0.947312
4.089504 0.946928
4.105888 0.946544
4.122272 0.946160
4.138656 0.945776
4.15504 0.945392
4.171424 0.945008
4.187808 0.944624
4.204192 0.944240
4.220576 0.943856
4.23696 0.943472
4.253344 0.943088
4.269728 0.942704
4.286112 0.942320
4.302496 0.941936
4.310688 0.949744
4.327072 0.949360
4.343456 0.948976
4.35984 0.948592
4.376224 0.948208
4.392608 0.947824
4.408992 0.947440
4.425376 0.947056
4.44176 0.946672
4.458144 0.946288
4.474528 0.945904
4.490912 0.945520
4.507296 0.945136
4.52368 0.944752
4.540064 0.944368
4.556448 0.943984
4.572832 0.943600
4.589216 0.943216
4.6056 0.942832
4.621984 0.942448
4.638368 0.942064
4.64656 0.949872
4.662944 0.949488
4.679328 0.949104
4.695712 0.948720
4.712096 0.948336
4.72848 0.947952
4.744864 0.947568
4.761248 0.947184
4.777632 0.946800
4.794016 0.946416
4.8104 0.946032
4.826784 0.945648
4.843168 0.945264
4.859552 0.944880
4.875936 0.944496
4.89232 0.944112
4.908704 0.943728
4.925088 0.943344
4.941472 0.942960
4.957856 0.942576
4.97424 0.942192
4.982432 0.950000
4.998816 0.949616
5.0152 0.949232
5.031584 0.948848
5.047968 0.948464
5.064352 0.948080
5.080736 0.947696
5.09712 0.947312
5.113504 0.946928
5.129888 0.946544
5.146272 0.946160
5.162656 0.945776
5.17904 0.945392
5.195424 0.945008
5.211808 0.944624
5.228192 0.944240
5.244576 0.943856
5.26096 0.943472
5.277344 0.943088
5.293728 0.942704
5.310112 0.942320
5.326496 0.941936
5.334688 0.949744
5.351072 0.949360
5.367456 0.948976
5.38384 0.948592
5.400224 0.948208
5.416608 0.947824
5.432992 0.947440
5.449376 0.947056
5.46576 0.946672
5.482144 0.946288
5.498528 0.945904
5.514912 0.945520
5.531296 0.945136
5.54768 0.944752
5.564064 0.944368
5.580448 0.943984
5.596832 0.943600
5.613216 0.943216
5.6296 0.942832
5.645984 0.942448
5.662368 0.942064
5.67056 0.949872
5.686944 0.949488
5.703328 0.949104
5.719712 0.948720
5.736096 0.948336
5.75248 0.947952
5.768864 0.947568
5.785248 0.947184
5.801632 0.946800
5.818016 0.946416
5.8344 0.946032
5.850784 0.945648
5.867168 0.945264
5.883552 0.944880
5.899936 0.944496
5.91632 0.944112
5.932704 0.943728
5.949088 0.943344
5.965472 0.942960
5.981856 0.942576
5.99824 0.942192
6.006432 0.950000
6.022816 0.949616
6.0392 0.949232
6.055584 0.948848
6.071968 0.948464
6.088352 0.948080
6.104736 0.947696
6.12112 0.947312
6.137504 0.946928
6.153888 0.946544
6.170272 0.946160
6.186656 0.945776
6.20304 0.945392
6.219424 0.945008
6.235808 0.944624
6.252192 0.944240
6.268576 0.943856
6.28496 0.943472
6.301344 0.943088
6.317728 0.942704
6.334112 0.942320
6.350496 0.941936
6.358688 0.949744
6.375072 0.949360
6.391456 0.948976
6.40784 0.948592
6.424224 0.948208
6.440608 0.947824
6.456992 0.947440
6.473376 0.947056
6.48976 0.946672
6.506144 0.946288
6.522528 0.945904
6.538912 0.945520
6.555296 0.945136
6.57168 0.944752
6.588064 0.944368
6.604448 0.943984
6.620832 0.943600
6.637216 0.943216
6.6536 0.942832
6.669984 0.942448
6.686368 0.942064
6.69456 0.949872
6.710944 0.949488
6.727328 0.949104
6.743712 0.948720
6.760096 0.948336
6.77648 0.947952
6.792864 0.947568
6.809248 0.947184
6.825632 0.946800
6.842016 0.946416
6.8584 0.946032
6.874784 0.945648
6.891168 0.945264
6.907552 0.944880
6.923936 0.944496
6.94032 0.944112
6.956704 0.943728
6.973088 0.943344
6.989472 0.942960
7.005856 0.942576
7.02224 0.942192
7.030432 0.950000
7.046816 0.949616
7.0632 0.949232
7.079584 0.948848
7.095968 0.948464
7.112352 0.948080
7.128736 0.947696
7.14512 0.947312
7.161504 0.946928
7.177888 0.946544
7.194272 0.946160
7.210656 0.945776
7.22704 0.945392
7.243424 0.945008
7.259808 0.944624
7.276192 0.944240
7.292576 0.943856
7.30896 0.943472
7.325344 0.943088
7.341728 0.942704
7.358112 0.942320
7.374496 0.941936
7.382688 0.949744
7.399072 0.949360
7.415456 0.948976
7.43184 0.948592
7.448224 0.948208
7.464608 0.947824
7.480992 0.947440
7.497376 0.947056
7.51376 0.946672
7.530144 0.946288
7.546528 0.945904
7.562912 0.945520
7.579296 0.945136
7.59568 0.944752
7.612064 0.944368
7.628448 0.943984
7.644832 0.943600
7.661216 0.943216
7.6776 0.942832
7.693984 0.942448
7.710368 0.942064
7.71856 0.949872
7.734944 0.949488
7.751328 0.949104
7.767712 0.948720
7.784096 0.948336
7.80048 0.947952
7.816864 0.947568
7.833248 0.947184
7.849632 0.946800
7.866016 0.946416
7.8824 0.946032
7.898784 0.945648
7.915168 0.945264
7.931552 0.944880
7.947936 0.944496
7.96432 0.944112
7.980704 0.943728
7.997088 0.943344
8.013472 0.942960
8.029856 0.942576
8.04624 0.942192
8.054432 0.950000
8.070816 0.949616
8.0872 0.949232
8.103584 0.948848
8.119968 0.948464
8.136352 0.948080
8.152736 0.947696
8.16912 0.947312
8.185504 0.946928
8.201888 0.946544
8.218272 0.946160
8.234656 0.945776
8.25104 0.945392
8.267424 0.945008
8.283808 0.944624
8.300192 0.944240
8.316576 0.943856
8.33296 0.943472
8.349344 0.943088
8.365728 0.942704
8.382112 0.942320
8.398496 0.941936
8.406688 0.949744
8.423072 0.949360
8.439456 0.948976
8.45584 0.948592
8.472224 0.948208
8.488608 0.947824
8.504992 0.947440
8.521376 0.947056
8.53776 0.946672
8.554144 0.946288
8.570528 0.945904
8.586912 0.945520
8.603296 0.945136
8.61968 0.944752
8.636064 0.944368
8.652448 0.943984
8.668832 0.943600
8.685216 0.943216
8.7016 0.942832
8.717984 0.942448
8.734368 0.942064
8.74256 0.949872
8.758944 0.949488
8.775328 0.949104
8.791712 0.948720
8.808096 0.948336
8.82448 0.947952
8.840864 0.947568
8.857248 0.947184
8.873632 0.946800
8.890016 0.946416
8.9064 0.946032
8.922784 0.945648
8.939168 0.945264
8.955552 0.944880
8.971936 0.944496
8.98832 0.944112
9.004704 0.943728
9.021088 0.943344
9.037472 0.942960
9.053856 0.942576
9.07024 0.942192
9.078432 0.950000
9.094816 0.949616
9.1112 0.949232
9.127584 0.948848
9.143968 0.948464
9.160352 0.948080
9.176736 0.947696
9.19312 0.947312
9.209504 0.946928
9.225888 0.946544
9.242272 0.946160
9.258656 0.945776
9.27504 0.945392
9.291424 0.945008
9.307808 0.944624
9.324192 0.944240
9.340576 0.943856
9.35696 0.943472
9.373344 0.943088
9.389728 0.942704
9.406112 0.942320
9.422496 0.941936
9.430688 0.949744
9.447072 0.949360
9.463456 0.948976
9.47984 0.948592
9.496224 0.948208
9.512608 0.947824
9.528992 0.947440
9.545376 0.947056
9.56176 0.946672
9.578144 0.946288
9.594528 0.945904
9.610912 0.945520
9.627296 0.945136
9.64368 0.944752
9.660064 0.944368
9.676448 0.943984
9.692832 0.943600
9.709216 0.943216
9.7256 0.942832
9.741984 0.942448
9.758368 0.942064
9.76656 0.949872
9.782944 0.949488
9.799328 0.949104
9.815712 0.948720
9.832096 0.948336
9.84848 0.947952
9.864864 0.947568
9.881248 0.947184
9.897632 0.946800
9.914016 0.946416
9.9304 0.946032
9.946784 0.945648
9.963168 0.945264
9.979552 0.944880
9.995936 0.944496
10.01232 0.944112
10.028704 0.943728
10.045088 0.943344
10.061472 0.942960
10.077856 0.942576
10.09424 0.942192
10.110624 0.941808
10.118816 0.949616
10.1352 0.949232
10.151584 0.948848
10.167968 0.948464
10.184352 0.948080
10.200736 0.947696
10.21712 0.947312
10.233504 0.946928
10.249888 0.946544
10.266272 0.946160
10.282656 0.945776
10.29904 0.945392
10.315424 0.945008
10.331808 0.944624
10.348192 0.944240
10.364576 0.943856
10.38096 0.943472
10.397344 0.943088
10.413728 0.942704
10.430112 0.942320
10.446496 0.941936
10.454688 0.949744
10.471072 0.949360
10.487456 0.948976
10.50384 0.948592
10.520224 0.948208
10.536608 0.947824
10.552992 0.947440
10.569376 0.947056
10.58576 0.946672
10.602144 0.946288
10.618528 0.945904
10.634912 0.945520
10.651296 0.945136
10.66768 0.944752
10.684064 0.944368
10.700448 0.943984
10.716832 0.943600
10.733216 0.943216
10.7496 0.942832
10.765984 0.942448
10.782368 0.942064
10.79056 0.949872
10.806944 0.949488
10.823328 0.949104
10.839712 0.948720
10.856096 0.948336
10.87248 0.947952
10.888864 0.947568
10.905248 0.947184
10.921632 0.946800
10.938016 0.946416
10.9544 0.946032
10.970784 0.945648
10.987168 0.945264
11.003552 0.944880
11.019936 0.944496
11.03632 0.944112
11.052704 0.943728
11.069088 0.943344
11.085472 0.942960
11.101856 0.942576
11.11824 0.942192
11.134624 0.941808
11.142816 0.949616
11.1592 0.949232
11.175584 0.948848
11.191968 0.948464
11.208352 0.948080
11.224736 0.947696
11.24112 0.947312
11.257504 0.946928
11.273888 0.946544
11.290272 0.946160
11.306656 0.945776
11.32304 0.945392
11.339424 0.945008
11.355808 0.944624
11.372192 0.944240
11.388576 0.943856
11.40496 0.943472
11.421344 0.943088
11.437728 0.942704
11.454112 0.942320
11.470496 0.941936
11.478688 0.949744
11.495072 0.949360
11.511456 0.948976
11.52784 0.948592
11.544224 0.948208
11.560608 0.947824
11.576992 0.947440
11.593376 0.947056
11.60976 0.946672
11.626144 0.946288
11.642528 0.945904
11.658912 0.945520
11.675296 0.945136
11.69168 0.944752
11.708064 0.944368
11.724448 0.943984
11.740832 0.943600
11.757216 0.943216
11.7736 0.942832
11.789984 0.942448
11.806368 0.942064
11.81456 0.949872
11.830944 0.949488
11.847328 0.949104
11.863712 0.948720
11.880096 0.948336
11.89648 0.947952
11.912864 0.947568
11.929248 0.947184
11.945632 0.946800
11.962016 0.946416
11.9784 0.946032
11.994784 0.945648
12.011168 0.945264
12.027552 0.944880
12.043936 0.944496
12.06032 0.944112
12.076704 0.943728
12.093088 0.943344
12.109472 0.942960
12.125856 0.942576
12.14224 0.942192
12.158624 0.941808
12.166816 0.949616
12.1832 0.949232
12.199584 0.948848
12.215968 0.948464
12.232352 0.948080
12.248736 0.947696
12.26512 0.947312
12.281504 0.946928
12.297888 0.946544
12.314272 0.946160
12.330656 0.945776
12.34704 0.945392
12.363424 0.945008
12.379808 0.944624
12.396192 0.944240
12.412576 0.943856
12.42896 0.943472
12.445344 0.943088
12.461728 0.942704
12.478112 0.942320
12.494496 0.941936
12.502688 0.949744
12.519072 0.949360
12.535456 0.948976
12.55184 0.948592
12.568224 0.948208
12.584608 0.947824
12.600992 0.947440
12.617376 0.947056
12.63376 0.946672
12.650144 0.946288
12.666528 0.945904
12.682912 0.945520
12.699296 0.945136
12.71568 0.944752
12.732064 0.944368
12.748448 0.943984
12.764832 0.943600
12.781216 0.943216
12.7976 0.942832
12.813984 0.942448
12.830368 0.942064
12.83856 0.949872
12.854944 0.949488
12.871328 0.949104
12.887712 0.948720
12.904096 0.948336
12.92048 0.947952
12.936864 0.947568
12.953248 0.947184
12.969632 0.946800
12.986016 0.946416
13.0024 0.946032
13.018784 0.945648
13.035168 0.945264
13.051552 0.944880
13.067936 0.944496
13.08432 0.944112
13.100704 0.943728
13.117088 0.943344
13.133472 0.942960
13.149856 0.942576
13.16624 0.942192
13.182624 0.941808
13.190816 0.949616
13.2072 0.949232
13.223584 0.948848
13.239968 0.948464
13.256352 0.948080
13.272736 0.947696
13.28912 0.947312
13.305504 0.946928
13.321888 0.946544
13.338272 0.946160
13.354656 0.945776
13.37104 0.945392
13.387424 0.945008
13.403808 0.944624
13.420192 0.944240
13.436576 0.943856
13.45296 0.943472
13.469344 0.943088
13.485728 0.942704
13.502112 0.942320
13.518496 0.941936
13.526688 0.949744
13.543072 0.949360
13.559456 0.948976
13.57584 0.948592
13.592224 0.948208
13.608608 0.947824
13.624992 0.947440
13.641376 0.947056
13.65776 0.946672
13.674144 0.946288
13.690528 0.945904
13.706912 0.945520
13.723296 0.945136
13.73968 0.944752
13.756064 0.944368
13.772448 0.943984
13.788832 0.943600
13.805216 0.943216
13.8216 0.942832
13.837984 0.942448
13.854368 0.942064
13.86256 0.949872
13.878944 0.949488
13.895328 0.949104
13.911712 0.948720
13.928096 0.948336
13.94448 0.947952
13.960864 0.947568
13.977248 0.947184
13.993632 0.946800
14.010016 0.946416
14.0264 0.946032
14.042784 0.945648
14.059168 0.945264
14.075552 0.944880
14.091936 0.944496
14.10832 0.944112
14.124704 0.943728
14.141088 0.943344
14.157472 0.942960
14.173856 0.942576
14.19024 0.942192
14.206624 0.941808
14.214816 0.949616
14.2312 0.949232
14.247584 0.948848
14.263968 0.948464
14.280352 0.948080
14.296736 0.947696
14.31312 0.947312
14.329504 0.946928
14.345888 0.946544
14.362272 0.946160
14.378656 0.945776
14.39504 0.945392
14.411424 0.945008
14.427808 0.944624
14.444192 0.944240
14.460576 0.943856
14.47696 0.943472
14.493344 0.943088
14.509728 0.942704
14.526112 0.942320
14.542496 0.941936
14.550688 0.949744
14.567072 0.949360
14.583456 0.948976
14.59984 0.948592
14.616224 0.948208
14.632608 0.947824
14.648992 0.947440
14.665376 0.947056
14.68176 0.946672
14.698144 0.946288
14.714528 0.945904
14.730912 0.945520
14.747296 0.945136
14.76368 0.944752
14.780064 0.944368
14.796448 0.943984
14.812832 0.943600
14.829216 0.943216
14.8456 0.942832
14.861984 0.942448
14.878368 0.942064
14.88656 0.949872
14.902944 0.949488
14.919328 0.949104
14.935712 0.948720
14.952096 0.948336
14.96848 0.947952
14.984864 0.947568
15.001248 0.947184
15.017632 0.946800
15.034016 0.946416
15.0504 0.946032
15.066784 0.945648
15.083168 0.945264
15.099552 0.944880
15.115936 0.944496
15.13232 0.944112
15.148704 0.943728
15.165088 0.943344
15.181472 0.942960
15.197856 0.942576
15.21424 0.942192
15.230624 0.941808
15.238816 0.949616
15.2552 0.949232
15.271584 0.948848
15.287968 0.948464
15.304352 0.948080
15.320736 0.947696
15.33712 0.947312
15.353504 0.946928
15.369888 0.946544
15.386272 0.946160
15.402656 0.945776
15.41904 0.945392
15.435424 0.945008
15.451808 0.944624
15.468192 0.944240
15.484576 0.943856
15.50096 0.943472
15.517344 0.943088
15.533728 0.942704
15.550112 0.942320
15.566496 0.941936
15.574688 0.949744
15.591072 0.949360
15.607456 0.948976
15.62384 0.948592
15.640224 0.948208
15.656608 0.947824
15.672992 0.947440
15.689376 0.947056
15.70576 0.946672
15.722144 0.946288
15.738528 0.945904
15.754912 0.945520
15.771296 0.945136
15.78768 0.944752
15.804064 0.944368
15.820448 0.943984
15.836832 0.943600
15.853216 0.943216
15.8696 0.942832
15.885984 0.942448
15.902368 0.942064
15.91056 0.949872
15.926944 0.949488
15.943328 0.949104
15.959712 0.948720
15.976096 0.948336
15.99248 0.947952
16.008864 0.947568
16.025248 0.947184
16.041632 0.946800
16.058016 0.946416
16.0744 0.946032
16.090784 0.945648
16.107168 0.945264
16.123552 0.944880
16.139936 0.944496
16.15632 0.944112
16.172704 0.943728
16.189088 0.943344
16.205472 0.942960
16.221856 0.942576
16.23824 0.942192
16.254624 0.941808
16.262816 0.949616
16.2792 0.949232
16.295584 0.948848
16.311968 0.948464
16.328352 0.948080
16.344736 0.947696
16.36112 0.947312
16.377504 0.946928
16.393888 0.946544
16.410272 0.946160
16.426656 0.945776
16.44304 0.945392
16.459424 0.945008
16.475808 0.944624
16.492192 0.944240
16.508576 0.943856
16.52496 0.943472
16.541344 0.943088
16.557728 0.942704
16.574112 0.942320
16.590496 0.941936
16.598688 0.949744
16.615072 0.949360
16.631456 0.948976
16.64784 0.948592
16.664224 0.948208
16.680608 0.947824
16.696992 0.947440
16.713376 0.947056
16.72976 0.946672
16.746144 0.946288
16.762528 0.945904
16.778912 0.945520
16.795296 0.945136
16.81168 0.944752
16.828064 0.944368
16.844448 0.943984
16.860832 0.943600
16.877216 0.943216
16.8936 0.942832
16.909984 0.942448
16.926368 0.942064
16.93456 0.949872
16.950944 0.949488
16.967328 0.949104
16.983712 0.948720
17.000096 0.948336
17.01648 0.947952
17.032864 0.947568
17.049248 0.947184
17.065632 0.946800
17.082016 0.946416
17.0984 0.946032
17.114784 0.945648
17.131168 0.945264
17.147552 0.944880
17.163936 0.944496
17.18032 0.944112
17.196704 0.943728
17.213088 0.943344
17.229472 0.942960
17.245856 0.942576
17.26224 0.942192
17.278624 0.941808
17.286816 0.949616
17.3032 0.949232
17.319584 0.948848
17.335968 0.948464
17.352352 0.948080
17.368736 0.947696
17.38512 0.947312
17.401504 0.946928
17.417888 0.946544
17.434272 0.946160
17.450656 0.945776
17.46704 0.945392
17.483424 0.945008
17.499808 0.944624
17.516192 0.944240
17.532576 0.943856
17.54896 0.943472
17.565344 0.943088
17.581728 0.942704
17.598112 0.942320
17.614496 0.941936
17.622688 0.949744
17.639072 0.949360
17.655456 0.948976
17.67184 0.948592
17.688224 0.948208
17.704608 0.947824
17.720992 0.947440
17.737376 0.947056
17.75376 0.946672
17.770144 0.946288
17.786528 0.945904
17.802912 0.945520
17.819296 0.945136
17.83568 0.944752
17.852064 0.944368
17.868448 0.943984
17.884832 0.943600
17.901216 0.943216
17.9176 0.942832
17.933984 0.942448
17.950368 0.942064
17.95856 0.949872
17.974944 0.949488
17.991328 0.949104
18.007712 0.948720
18.024096 0.948336
18.04048 0.947952
18.056864 0.947568
18.073248 0.947184
18.089632 0.946800
18.106016 0.946416
18.1224 0.946032
18.138784 0.945648
18.155168 0.945264
18.171552 0.944880
18.187936 0.944496
18.20432 0.944112
18.220704 0.943728
18.237088 0.943344
18.253472 0.942960
18.269856 0.942576
18.28624 0.942192
18.294432 0.950000
18.310816 0.949616
18.3272 0.949232
18.343584 0.948848
18.359968 0.948464
18.376352 0.948080
18.392736 0.947696
18.40912 0.947312
18.425504 0.946928
18.441888 0.946544
18.458272 0.946160
18.474656 0.945776
18.49104 0.945392
18.507424 0.945008
18.523808 0.944624
18.540192 0.944240
18.556576 0.943856
18.57296 0.943472
18.589344 0.943088
18.605728 0.942704
18.622112 0.942320
18.638496 0.941936
18.646688 0.949744
18.663072 0.949360
18.679456 0.948976
18.69584 0.948592
18.712224 0.948208
18.728608 0.947824
18.744992 0.947440
18.761376 0.947056
18.77776 0.946672
18.794144 0.946288
18.810528 0.945904
18.826912 0.945520
18.843296 0.945136
18.85968 0.944752
18.876064 0.944368
18.892448 0.943984
18.908832 0.943600
18.925216 0.943216
18.9416 0.942832
18.957984 0.942448
18.974368 0.942064
18.98256 0.949872
18.998944 0.949488
19.015328 0.949104
19.031712 0.948720
19.048096 0.948336
19.06448 0.947952
19.080864 0.947568
19.097248 0.947184
19.113632 0.946800
19.130016 0.946416
19.1464 0.946032
19.162784 0.945648
19.179168 0.945264
19.195552 0.944880
19.211936 0.944496
19.22832 0.944112
19.244704 0.943728
19.261088 0.943344
19.277472 0.942960
19.293856 0.942576
19.31024 0.942192
19.318432 0.950000
19.334816 0.949616
19.3512 0.949232
19.367584 0.948848
19.383968 0.948464
19.400352 0.948080
19.416736 0.947696
19.43312 0.947312
19.449504 0.946928
19.465888 0.946544
19.482272 0.946160
19.498656 0.945776
19.51504 0.945392
19.531424 0.945008
19.547808 0.944624
19.564192 0.944240
19.580576 0.943856
19.59696 0.943472
19.613344 0.943088
19.629728 0.942704
19.646112 0.942320
19.662496 0.941936
19.670688 0.949744
19.687072 0.949360
19.703456 0.948976
19.71984 0.948592
19.736224 0.948208
19.752608 0.947824
19.768992 0.947440
19.785376 0.947056
19.80176 0.946672
19.818144 0.946288
19.834528 0.945904
19.850912 0.945520
19.867296 0.945136
19.88368 0.944752
19.900064 0.944368
19.916448 0.943984
19.932832 0.943600
19.949216 0.943216
19.9656 0.942832
19.981984 0.942448
19.998368 0.942064
20.00656 0.949872
20.022944 0.949488
20.039328 0.949104
20.055712 0.948720
20.072096 0.948336
20.08848 0.947952
20.104864 0.947568
20.121248 0.947184
20.137632 0.946800
20.154016 0.946416
20.1704 0.946032
20.186784 0.945648
20.203168 0.945264
20.219552 0.944880
20.235936 0.944496
20.25232 0.944112
20.268704 0.943728
20.285088 0.943344
20.301472 0.942960
20.317856 0.942576
20.33424 0.942192
20.342432 0.950000
20.358816 0.949616
20.3752 0.949232
20.391584 0.948848
20.407968 0.948464
20.424352 0.948080
20.440736 0.947696
20.45712 0.947312
20.473504 0.946928
20.489888 0.946544
20.506272 0.946160
20.522656 0.945776
20.53904 0.945392
20.555424 0.945008
20.571808 0.944624
20.588192 0.944240
20.604576 0.943856
20.62096 0.943472
20.637344 0.943088
20.653728 0.942704
20.670112 0.942320
20.686496 0.941936
20.694688 0.949744
20.711072 0.949360
20.727456 0.948976
20.74384 0.948592
20.760224 0.948208
20.776608 0.947824
20.792992 0.947440
20.809376 0.947056
20.82576 0.946672
20.842144 0.946288
20.858528 0.945904
20.874912 0.945520
20.891296 0.945136
20.90768 0.944752
20.924064 0.944368
20.940448 0.943984
20.956832 0.943600
20.973216 0.943216
20.9896 0.942832
21.005984 0.942448
21.022368 0.942064
21.03056 0.949872
21.046944 0.949488
21.063328 0.949104
21.079712 0.948720
21.096096 0.948336
21.11248 0.947952
21.128864 0.947568
21.145248 0.947184
21.161632 0.946800
21.178016 0.946416
21.1944 0.946032
21.210784 0.945648
21.227168 0.945264
21.243552 0.944880
21.259936 0.944496
21.27632 0.944112
21.292704 0.943728
21.309088 0.943344
21.325472 0.942960
21.341856 0.942576
21.35824 0.942192
21.366432 0.950000
21.382816 0.949616
21.3992 0.949232
21.415584 0.948848
21.431968 0.948464
21.448352 0.948080
21.464736 0.947696
21.48112 0.947312
21.497504 0.946928
21.513888 0.946544
21.530272 0.946160
21.546656 0.945776
21.56304 0.945392
21.579424 0.945008
21.595808 0.944624
21.612192 0.944240
21.628576 0.943856
21.64496 0.943472
21.661344 0.943088
21.677728 0.942704
21.694112 0.942320
21.710496 0.941936
21.718688 0.949744
21.735072 0.949360
21.751456 0.948976
21.76784 0.948592
21.784224 0.948208
21.800608 0.947824
21.816992 0.947440
21.833376 0.947056
21.84976 0.946672
21.866144 0.946288
21.882528 0.945904
21.898912 0.945520
21.915296 0.945136
21.93168 0.944752
21.948064 0.944368
21.964448 0.943984
21.980832 0.943600
21.997216 0.943216
22.0136 0.942832
22.029984 0.942448
22.046368 0.942064
22.05456 0.949872
22.070944 0.949488
22.087328 0.949104
22.103712 0.948720
22.120096 0.948336
22.13648 0.947952
22.152864 0.947568
22.169248 0.947184
22.185632 0.946800
22.202016 0.946416
22.2184 0.946032
22.234784 0.945648
22.251168 0.945264
22.267552 0.944880
22.283936 0.944496
22.30032 0.944112
22.316704 0.943728
22.333088 0.943344
22.349472 0.942960
22.365856 0.942576
22.38224 0.942192
22.390432 0.950000
22.406816 0.949616
22.4232 0.949232
22.439584 0.948848
22.455968 0.948464
22.472352 0.948080
22.488736 0.947696
22.50512 0.947312
22.521504 0.946928
22.537888 0.946544
22.554272 0.946160
22.570656 0.945776
22.58704 0.945392
22.603424 0.945008
22.619808 0.944624
22.636192 0.944240
22.652576 0.943856
22.66896 0.943472
22.685344 0.943088
22.701728 0.942704
22.718112 0.942320
22.734496 0.941936
22.742688 0.949744
22.759072 0.949360
22.775456 0.948976
22.79184 0.948592
22.808224 0.948208
22.824608 0.947824
22.840992 0.947440
22.857376 0.947056
22.87376 0.946672
22.890144 0.946288
22.906528 0.945904
22.922912 0.945520
22.939296 0.945136
22.95568 0.944752
22.972064 0.944368
22.988448 0.943984
23.004832 0.943600
23.021216 0.943216
23.0376 0.942832
23.053984 0.942448
23.070368 0.942064
23.07856 0.949872
23.094944 0.949488
23.111328 0.949104
23.127712 0.948720
23.144096 0.948336
23.16048 0.947952
23.176864 0.947568
23.193248 0.947184
23.209632 0.946800
23.226016 0.946416
23.2424 0.946032
23.258784 0.945648
23.275168 0.945264
23.291552 0.944880
23.307936 0.944496
23.32432 0.944112
23.340704 0.943728
23.357088 0.943344
23.373472 0.942960
23.389856 0.942576
23.40624 0.942192
23.414432 0.950000
23.430816 0.949616
23.4472 0.949232
23.463584 0.948848
23.479968 0.948464
23.496352 0.948080
23.512736 0.947696
23.52912 0.947312
23.545504 0.946928
23.561888 0.946544
23.578272 0.946160
23.594656 0.945776
23.61104 0.945392
23.627424 0.945008
23.643808 0.944624
23.660192 0.944240
23.676576 0.943856
23.69296 0.943472
23.709344 0.943088
23.725728 0.942704
23.742112 0.942320
23.758496 0.941936
23.766688 0.949744
23.783072 0.949360
23.799456 0.948976
23.81584 0.948592
23.832224 0.948208
23.848608 0.947824
23.864992 0.947440
23.881376 0.947056
23.89776 0.946672
23.914144 0.946288
23.930528 0.945904
23.946912 0.945520
23.963296 0.945136
23.97968 0.944752
23.996064 0.944368
24.012448 0.943984
24.028832 0.943600
24.045216 0.943216
24.0616 0.942832
24.077984 0.942448
24.094368 0.942064
24.10256 0.949872
24.118944 0.949488
24.135328 0.949104
24.151712 0.948720
24.168096 0.948336
24.18448 0.947952
24.200864 0.947568
24.217248 0.947184
24.233632 0.946800
24.250016 0.946416
24.2664 0.946032
24.282784 0.945648
24.299168 0.945264
24.315552 0.944880
24.331936 0.944496
24.34832 0.944112
24.364704 0.943728
24.381088 0.943344
24.397472 0.942960
24.413856 0.942576
24.43024 0.942192
24.438432 0.950000
24.454816 0.949616
24.4712 0.949232
24.487584 0.948848
24.503968 0.948464
24.520352 0.948080
24.536736 0.947696
24.55312 0.947312
24.569504 0.946928
24.585888 0.946544
24.602272 0.946160
24.618656 0.945776
24.63504 0.945392
24.651424 0.945008
24.667808 0.944624
24.684192 0.944240
24.700576 0.943856
24.71696 0.943472
24.733344 0.943088
24.749728 0.942704
24.766112 0.942320
24.782496 0.941936
24.790688 0.949744
24.807072 0.949360
24.823456 0.948976
24.83984 0.948592
24.856224 0.948208
24.872608 0.947824
24.888992 0.947440
24.905376 0.947056
24.92176 0.946672
24.938144 0.946288
24.954528 0.945904
24.970912 0.945520
24.987296 0.945136
25.00368 0.944752
25.020064 0.944368
25.036448 0.943984
25.052832 0.943600
25.069216 0.943216
25.0856 0.942832
25.101984 0.942448
25.118368 0.942064
25.12656 0.949872
25.142944 0.949488
25.159328 0.949104
25.175712 0.948720
25.192096 0.948336
25.20848 0.947952
25.224864 0.947568
25.241248 0.947184
25.257632 0.946800
25.274016 0.946416
25.2904 0.946032
25.306784 0.945648
25.323168 0.945264
25.339552 0.944880
25.355936 0.944496
25.37232 0.944112
25.388704 0.943728
25.405088 0.943344
25.421472 0.942960
25.437856 0.942576
25.45424 0.942192
25.462432 0.950000
25.478816 0.949616
25.4952 0.949232
25.511584 0.948848
25.527968 0.948464
25.544352 0.948080
25.560736 0.947696
25.57712 0.947312
25.593504 0.946928
25.609888 0.946544
25.626272 0.946160
25.642656 0.945776
25.65904 0.945392
25.675424 0.945008
25.691808 0.944624
25.708192 0.944240
25.724576 0.943856
25.74096 0.943472
25.757344 0.943088
25.773728 0.942704
25.790112 0.942320
25.806496 0.941936
25.814688 0.949744
25.831072 0.949360
25.847456 0.948976
25.86384 0.948592
25.880224 0.948208
25.896608 0.947824
25.912992 0.947440
25.929376 0.947056
25.94576 0.946672
25.962144 0.946288
25.978528 0.945904
25.994912 0.945520
26.011296 0.945136
26.02768 0.944752
26.044064 0.944368
26.060448 0.943984
26.076832 0.943600
26.093216 0.943216
26.1096 0.942832
26.125984 0.942448
26.142368 0.942064
26.15056 0.949872
26.166944 0.949488
26.183328 0.949104
26.199712 0.948720
26.216096 0.948336
26.23248 0.947952
26.248864 0.947568
26.265248 0.947184
26.281632 0.946800
26.298016 0.946416
26.3144 0.946032
26.330784 0.945648
26.347168 0.945264
26.363552 0.944880
26.379936 0.944496
26.39632 0.944112
26.412704 0.943728
26.429088 0.943344
26.445472 0.942960
26.461856 0.942576
26.47824 0.942192
26.486432 0.950000
26.502816 0.949616
26.5192 0.949232
26.535584 0.948848
26.551968 0.948464
26.568352 0.948080
26.584736 0.947696
26.60112 0.947312
26.617504 0.946928
26.633888 0.946544
26.650272 0.946160
26.666656 0.945776
26.68304 0.945392
26.699424 0.945008
26.715808 0.944624
26.732192 0.944240
26.748576 0.943856
26.76496 0.943472
26.781344 0.943088
26.797728 0.942704
26.814112 0.942320
26.830496 0.941936
26.838688 0.949744
26.855072 0.949360
26.871456 0.948976
26.88784 0.948592
26.904224 0.948208
26.920608 0.947824
26.936992 0.947440
26.953376 0.947056
26.96976 0.946672
26.986144 0.946288
27.002528 0.945904
27.018912 0.945520
27.035296 0.945136
27.05168 0.944752
27.068064 0.944368
27.084448 0.943984
27.100832 0.943600
27.117216 0.943216
27.1336 0.942832
27.149984 0.942448
27.166368 0.942064
27.17456 0.949872
27.190944 0.949488
27.207328 0.949104
27.223712 0.948720
27.240096 0.948336
27.25648 0.947952
27.272864 0.947568
27.289248 0.947184
27.305632 0.946800
27.322016 0.946416
27.3384 0.946032
27.354784 0.945648
27.371168 0.945264
27.387552 0.944880
27.403936 0.944496
27.42032 0.944112
27.436704 0.943728
27.453088 0.943344
27.469472 0.942960
27.485856 0.942576
27.50224 0.942192
27.510432 0.950000
27.526816 0.949616
27.5432 0.949232
27.559584 0.948848
27.575968 0.948464
27.592352 0.948080
27.608736 0.947696
27.62512 0.947312
27.641504 0.946928
27.657888 0.946544
27.674272 0.946160
27.690656 0.945776
27.70704 0.945392
27.723424 0.945008
27.739808 0.944624
27.756192 0.944240
27.772576 0.943856
27.78896 0.943472
27.805344 0.943088
27.821728 0.942704
27.838112 0.942320
27.854496 0.941936
27.862688 0.949744
27.879072 0.949360
27.895456 0.948976
27.91184 0.948592
27.928224 0.948208
27.944608 0.947824
27.960992 0.947440
27.977376 0.947056
27.99376 0.946672
28.010144 0.946288
28.026528 0.945904
28.042912 0.945520
28.059296 0.945136
28.07568 0.944752
28.092064 0.944368
28.108448 0.943984
28.124832 0.943600
28.141216 0.943216
28.1576 0.942832
28.173984 0.942448
28.190368 0.942064
28.19856 0.949872
28.214944 0.949488
28.231328 0.949104
28.247712 0.948720
28.264096 0.948336
28.28048 0.947952
28.296864 0.947568
28.313248 0.947184
28.329632 0.946800
28.346016 0.946416
28.3624 0.946032
28.378784 0.945648
28.395168 0.945264
28.411552 0.944880
28.427936 0.944496
28.44432 0.944112
28.460704 0.943728
28.477088 0.943344
28.493472 0.942960
28.509856 0.942576
28.52624 0.942192
28.534432 0.950000
28.550816 0.949616
28.5672 0.949232
28.583584 0.948848
28.599968 0.948464
28.616352 0.948080
28.632736 0.947696
28.64912 0.947312
28.665504 0.946928
28.681888 0.946544
28.698272 0.946160
28.714656 0.945776
28.73104 0.945392
28.747424 0.945008
28.763808 0.944624
28.780192 0.944240
28.796576 0.943856
28.81296 0.943472
28.829344 0.943088
28.845728 0.942704
28.862112 0.942320
28.878496 0.941936
28.886688 0.949744
28.903072 0.949360
28.919456 0.948976
28.93584 0.948592
28.952224 0.948208
28.968608 0.947824
28.984992 0.947440
29.001376 0.947056
29.01776 0.946672
29.034144 0.946288
29.050528 0.945904
29.066912 0.945520
29.083296 0.945136
29.09968 0.944752
29.116064 0.944368
29.132448 0.943984
29.148832 0.943600
29.165216 0.943216
29.1816 0.942832
29.197984 0.942448
29.214368 0.942064
29.22256 0.949872
29.238944 0.949488
29.255328 0.949104
29.271712 0.948720
29.288096 0.948336
29.30448 0.947952
29.320864 0.947568
29.337248 0.947184
29.353632 0.946800
29.370016 0.946416
29.3864 0.946032
29.402784 0.945648
29.419168 0.945264
29.435552 0.944880
29.451936 0.944496
29.46832 0.944112
29.484704 0.943728
29.501088 0.943344
29.517472 0.942960
29.533856 0.942576
29.55024 0.942192
29.558432 0.950000
29.574816 0.949616
29.5912 0.949232
29.607584 0.948848
29.623968 0.948464
29.640352 0.948080
29.656736 0.947696
29.67312 0.947312
29.689504 0.946928
29.705888 0.946544
29.722272 0.946160
29.738656 0.945776
29.75504 0.945392
29.771424 0.945008
29.787808 0.944624
29.804192 0.944240
29.820576 0.943856
29.83696 0.943472
29.853344 0.943088
29.869728 0.942704
29.886112 0.942320
29.902496 0.941936
29.910688 0.949744
29.927072 0.949360
29.943456 0.948976
29.95984 0.948592
29.976224 0.948208
29.992608 0.947824
30.008992 0.947440
30.025376 0.947056
30.04176 0.946672
30.058144 0.946288
30.074528 0.945904
30.090912 0.945520
30.107296 0.945136
30.12368 0.944752
30.140064 0.944368
30.156448 0.943984
30.172832 0.943600
30.189216 0.943216
30.2056 0.942832
30.221984 0.942448
30.238368 0.942064
30.24656 0.949872
30.262944 0.949488
30.279328 0.949104
30.295712 0.948720
30.312096 0.948336
30.32848 0.947952
30.344864 0.947568
30.361248 0.947184
30.377632 0.946800
30.394016 0.946416
30.4104 0.946032
30.426784 0.945648
30.443168 0.945264
30.459552 0.944880
30.475936 0.944496
30.49232 0.944112
30.508704 0.943728
30.525088 0.943344
30.541472 0.942960
30.557856 0.942576
30.57424 0.942192
30.582432 0.950000
30.598816 0.949616
30.6152 0.949232
30.631584 0.948848
30.647968 0.948464
30.664352 0.948080
30.680736 0.947696
30.69712 0.947312
30.713504 0.946928
30.729888 0.946544
30.746272 0.946160
30.762656 0.945776
30.77904 0.945392
30.795424 0.945008
30.811808 0.944624
30.828192 0.944240
30.844576 0.943856
30.86096 0.943472
30.877344 0.943088
30.893728 0.942704
30.910112 0.942320
30.926496 0.941936
30.934688 0.949744
30.951072 0.949360
30.967456 0.948976
30.98384 0.948592
31.000224 0.948208
31.016608 0.947824
31.032992 0.947440
31.049376 0.947056
31.06576 0.946672
31.082144 0.946288
31.098528 0.945904
31.114912 0.945520
31.131296 0.945136
31.14768 0.944752
31.164064 0.944368
31.180448 0.943984
31.196832 0.943600
31.213216 0.943216
31.2296 0.942832
31.245984 0.942448
31.262368 0.942064
31.27056 0.949872
31.286944 0.949488
31.303328 0.949104
31.319712 0.948720
31.336096 0.948336
31.35248 0.947952
31.368864 0.947568
31.385248 0.947184
31.401632 0.946800
31.418016 0.946416
31.4344 0.946032
31.450784 0.945648
31.467168 0.945264
31.483552 0.944880
31.499936 0.944496
31.51632 0.944112
31.532704 0.943728
31.549088 0.943344
31.565472 0.942960
31.581856 0.942576
31.59824 0.942192
31.606432 0.950000
31.622816 0.949616
31.6392 0.949232
31.655584 0.948848
31.671968 0.948464
31.688352 0.948080
31.704736 0.947696
31.72112 0.947312
31.737504 0.946928
31.753888 0.946544
31.770272 0.946160
31.786656 0.945776
31.80304 0.945392
31.819424 0.945008
31.835808 0.944624
31.852192 0.944240
31.868576 0.943856
31.88496 0.943472
31.901344 0.943088
31.917728 0.942704
31.934112 0.942320
31.950496 0.941936
31.958688 0.949744
31.975072 0.949360
31.991456 0.948976
32.00784 0.948592
32.024224 0.948208
32.040608 0.947824
32.056992 0.947440
32.073376 0.947056
32.08976 0.946672
32.106144 0.946288
32.122528 0.945904
32.138912 0.945520
32.155296 0.945136
32.17168 0.944752
32.188064 0.944368
32.204448 0.943984
32.220832 0.943600
32.237216 0.943216
32.2536 0.942832
32.269984 0.942448
32.286368 0.942064
32.29456 0.949872
32.310944 0.949488
32.327328 0.949104
32.343712 0.948720
32.360096 0.948336
32.37648 0.947952
32.392864 0.947568
32.409248 0.947184
32.425632 0.946800
32.442016 0.946416
32.4584 0.946032
32.474784 0.945648
32.491168 0.945264
32.507552 0.944880
32.523936 0.944496
32.54032 0.944112
32.556704 0.943728
32.573088 0.943344
32.589472 0.942960
32.605856 0.942576
32.62224 0.942192
32.630432 0.950000
32.646816 0.949616
32.6632 0.949232
32.679584 0.948848
32.695968 0.948464
32.712352 0.948080
32.728736 0.947696
32.74512 0.947312
32.761504 0.946928
32.777888 0.946544
32.794272 0.946160
32.810656 0.945776
32.82704 0.945392
32.843424 0.945008
32.859808 0.944624
32.876192 0.944240
32.892576 0.943856
32.90896 0.943472
32.925344 0.943088
32.941728 0.942704
32.958112 0.942320
32.974496 0.941936
32.982688 0.949744
32.999072 0.949360
33.015456 0.948976
33.03184 0.948592
33.048224 0.948208
33.064608 0.947824
33.080992 0.947440
33.097376 0.947056
33.11376 0.946672
33.130144 0.946288
33.146528 0.945904
33.162912 0.945520
33.179296 0.945136
33.19568 0.944752
33.212064 0.944368
33.228448 0.943984
33.244832 0.943600
33.261216 0.943216
33.2776 0.942832
33.293984 0.942448
33.310368 0.942064
33.31856 0.949872
33.334944 0.949488
33.351328 0.949104
33.367712 0.948720
33.384096 0.948336
33.40048 0.947952
33.416864 0.947568
33.433248 0.947184
33.449632 0.946800
33.466016 0.946416
33.4824 0.946032
33.498784 0.945648
33.515168 0.945264
33.531552 0.944880
33.547936 0.944496
33.56432 0.944112
33.580704 0.943728
33.597088 0.943344
33.613472 0.942960
33.629856 0.942576
33.64624 0.942192
33.654432 0.950000
33.670816 0.949616
33.6872 0.949232
33.703584 0.948848
33.719968 0.948464
33.736352 0.948080
33.752736 0.947696
33.76912 0.947312
33.785504 0.946928
33.801888 0.946544
33.818272 0.946160
33.834656 0.945776
33.85104 0.945392
33.867424 0.945008
33.883808 0.944624
33.900192 0.944240
33.916576 0.943856
33.93296 0.943472
33.949344 0.943088
33.965728 0.942704
33.982112 0.942320
33.998496 0.941936
34.006688 0.949744
34.023072 0.949360
34.039456 0.948976
34.05584 0.948592
34.072224 0.948208
34.088608 0.947824
34.104992 0.947440
34.121376 0.947056
34.13776 0.946672
34.154144 0.946288
34.170528 0.945904
34.186912 0.945520
34.203296 0.945136
34.21968 0.944752
34.236064 0.944368
34.252448 0.943984
34.268832 0.943600
34.285216 0.943216
34.3016 0.942832
34.317984 0.942448
34.334368 0.942064
34.34256 0.949872
34.358944 0.949488
34.375328 0.949104
34.391712 0.948720
34.408096 0.948336
34.42448 0.947952
34.440864 0.947568
34.457248 0.947184
34.473632 0.946800
34.490016 0.946416
34.5064 0.946032
34.522784 0.945648
34.539168 0.945264
34.555552 0.944880
34.571936 0.944496
34.58832 0.944112
34.604704 0.943728
34.621088 0.943344
34.637472 0.942960
34.653856 0.942576
34.67024 0.942192
34.678432 0.950000
34.694816 0.949616
34.7112 0.949232
34.727584 0.948848
34.743968 0.948464
34.760352 0.948080
34.776736 0.947696
34.79312 0.947312
34.809504 0.946928
34.825888 0.946544
34.842272 0.946160
34.858656 0.945776
34.87504 0.945392
34.891424 0.945008
34.907808 0.944624
34.924192 0.944240
34.940576 0.943856
34.95696 0.943472
34.973344 0.943088
34.989728 0.942704
35.006112 0.942320
35.022496 0.941936
35.030688 0.949744
35.047072 0.949360
35.063456 0.948976
35.07984 0.948592
35.096224 0.948208
35.112608 0.947824
35.128992 0.947440
35.145376 0.947056
35.16176 0.946672
35.178144 0.946288
35.194528 0.945904
35.210912 0.945520
35.227296 0.945136
35.24368 0.944752
35.260064 0.944368
35.276448 0.943984
35.292832 0.943600
35.309216 0.943216
35.3256 0.942832
35.341984 0.942448
35.358368 0.942064
35.36656 0.949872
35.382944 0.949488
35.399328 0.949104
35.415712 0.948720
35.432096 0.948336
35.44848 0.947952
35.464864 0.947568
35.481248 0.947184
35.497632 0.946800
35.514016 0.946416
35.5304 0.946032
35.546784 0.945648
35.563168 0.945264
35.579552 0.944880
35.595936 0.944496
35.61232 0.944112
35.628704 0.943728
35.645088 0.943344
35.661472 0.942960
35.677856 0.942576
35.69424 0.942192
35.702432 0.950000
35.718816 0.949616
35.7352 0.949232
35.751584 0.948848
35.767968 0.948464
35.784352 0.948080
35.800736 0.947696
35.81712 0.947312
35.833504 0.946928
35.849888 0.946544
35.866272 0.946160
35.882656 0.945776
35.89904 0.945392
35.915424 0.945008
35.931808 0.944624
35.948192 0.944240
35.964576 0.943856
35.98096 0.943472
35.997344 0.943088
36.013728 0.942704
36.030112 0.942320
36.046496 0.941936
36.054688 0.949744
36.071072 0.949360
36.087456 0.948976
36.10384 0.948592
36.120224 0.948208
36.136608 0.947824
36.152992 0.947440
36.169376 0.947056
36.18576 0.946672
36.202144 0.946288
36.218528 0.945904
36.234912 0.945520
36.251296 0.945136
36.26768 0.944752
36.284064 0.944368
36.300448 0.943984
36.316832 0.943600
36.333216 0.943216
36.3496 0.942832
36.365984 0.942448
36.382368 0.942064
36.39056 0.949872
36.406944 0.949488
36.423328 0.949104
36.439712 0.948720
36.456096 0.948336
36.47248 0.947952
36.488864 0.947568
36.505248 0.947184
36.521632 0.946800
36.538016 0.946416
36.5544 0.946032
36.570784 0.945648
36.587168 0.945264
36.603552 0.944880
36.619936 0.944496
36.63632 0.944112
36.652704 0.943728
36.669088 0.943344
36.685472 0.942960
36.701856 0.942576
36.71824 0.942192
36.726432 0.950000
36.742816 0.949616
36.7592 0.949232
36.775584 0.948848
36.791968 0.948464
36.808352 0.948080
36.824736 0.947696
36.84112 0.947312
36.857504 0.946928
36.873888 0.946544
36.890272 0.946160
36.906656 0.945776
36.92304 0.945392
36.939424 0.945008
36.955808 0.944624
36.972192 0.944240
36.988576 0.943856
37.00496 0.943472
37.021344 0.943088
37.037728 0.942704
37.054112 0.942320
37.070496 0.941936
37.078688 0.949744
37.095072 0.949360
37.111456 0.948976
37.12784 0.948592
37.144224 0.948208
37.160608 0.947824
37.176992 0.947440
37.193376 0.947056
37.20976 0.946672
37.226144 0.946288
37.242528 0.945904
37.258912 0.945520
37.275296 0.945136
37.29168 0.944752
37.308064 0.944368
37.324448 0.943984
37.340832 0.943600
37.357216 0.943216
37.3736 0.942832
37.389984 0.942448
37.406368 0.942064
37.41456 0.949872
37.430944 0.949488
37.447328 0.949104
37.463712 0.948720
37.480096 0.948336
37.49648 0.947952
37.512864 0.947568
37.529248 0.947184
37.545632 0.946800
37.562016 0.946416
37.5784 0.946032
37.594784 0.945648
37.611168 0.945264
37.627552 0.944880
37.643936 0.944496
37.66032 0.944112
37.676704 0.943728
37.693088 0.943344
37.709472 0.942960
37.725856 0.942576
37.74224 0.942192
37.750432 0.950000
37.766816 0.949616
37.7832 0.949232
37.799584 0.948848
37.815968 0.948464
37.832352 0.948080
37.848736 0.947696
37.86512 0.947312
37.881504 0.946928
37.897888 0.946544
37.914272 0.946160
37.930656 0.945776
37.94704 0.945392
37.963424 0.945008
37.979808 0.944624
37.996192 0.944240
38.012576 0.943856
38.02896 0.943472
38.045344 0.943088
38.061728 0.942704
38.078112 0.942320
38.094496 0.941936
38.102688 0.949744
38.119072 0.949360
38.135456 0.948976
38.15184 0.948592
38.168224 0.948208
38.184608 0.947824
38.200992 0.947440
38.217376 0.947056
38.23376 0.946672
38.250144 0.946288
38.266528 0.945904
38.282912 0.945520
38.299296 0.945136
38.31568 0.944752
38.332064 0.944368
38.348448 0.943984
38.364832 0.943600
38.381216 0.943216
38.3976 0.942832
38.413984 0.942448
38.430368 0.942064
38.43856 0.949872
38.454944 0.949488
38.471328 0.949104
38.487712 0.948720
38.504096 0.948336
38.52048 0.947952
38.536864 0.947568
38.553248 0.947184
38.569632 0.946800
38.586016 0.946416
38.6024 0.946032
38.618784 0.945648
38.635168 0.945264
38.651552 0.944880
38.667936 0.944496
38.68432 0.944112
38.700704 0.943728
38.717088 0.943344
38.733472 0.942960
38.749856 0.942576
38.76624 0.942192
38.774432 0.950000
38.790816 0.949616
38.8072 0.949232
38.823584 0.948848
38.839968 0.948464
38.856352 0.948080
38.872736 0.947696
38.88912 0.947312
38.905504 0.946928
38.921888 0.946544
38.938272 0.946160
38.954656 0.945776
38.97104 0.945392
38.987424 0.945008
39.003808 0.944624
39.020192 0.944240
39.036576 0.943856
39.05296 0.943472
39.069344 0.943088
39.085728 0.942704
39.102112 0.942320
39.118496 0.941936
39.126688 0.949744
39.143072 0.949360
39.159456 0.948976
39.17584 0.948592
39.192224 0.948208
39.208608 0.947824
39.224992 0.947440
39.241376 0.947056
39.25776 0.946672
39.274144 0.946288
39.290528 0.945904
39.306912 0.945520
39.323296 0.945136
39.33968 0.944752
39.356064 0.944368
39.372448 0.943984
39.388832 0.943600
39.405216 0.943216
39.4216 0.942832
39.437984 0.942448
39.454368 0.942064
39.46256 0.949872
39.478944 0.949488
39.495328 0.949104
39.511712 0.948720
39.528096 0.948336
39.54448 0.947952
39.560864 0.947568
39.577248 0.947184
39.593632 0.946800
39.610016 0.946416
39.6264 0.946032
39.642784 0.945648
39.659168 0.945264
39.675552 0.944880
39.691936 0.944496
39.70832 0.944112
39.724704 0.943728
39.741088 0.943344
39.757472 0.942960
39.773856 0.942576
39.79024 0.942192
39.798432 0.950000
39.814816 0.949616
39.8312 0.949232
39.847584 0.948848
39.863968 0.948464
39.880352 0.948080
39.896736 0.947696
39.91312 0.947312
39.929504 0.946928
39.945888 0.946544
39.962272 0.946160
39.978656 0.945776
39.99504 0.945392
