0.1 0.158336
0.104168 0.162504
0.108336 0.166672
0.112504 0.170840
0.116672 0.175008
0.12084 0.179176
0.125008 0.183344
0.129176 0.187512
0.133344 0.191680
0.137512 0.195848
0.14168 0.200016
0.145848 0.204184
0.150016 0.208352
0.154184 0.212520
0.158352 0.216688
0.16252 0.220856
0.166688 0.225024
0.170856 0.229192
0.175024 0.233360
0.179192 0.237528
0.18336 0.241696
0.187528 0.245864
0.191696 0.250032
0.195864 0.254200
0.200032 0.258368
0.2042 0.262536
0.208368 0.266704
0.212536 0.270872
0.216704 0.275040
0.220872 0.279208
0.22504 0.283376
0.229208 0.287544
0.233376 0.291712
0.237544 0.295880
0.241712 0.300048
0.24588 0.304216
0.250048 0.308384
0.254216 0.312552
0.258384 0.316720
0.262552 0.320888
0.26672 0.325056
0.270888 0.329224
0.275056 0.333392
0.279224 0.337560
0.283392 0.341728
0.28756 0.345896
0.291728 0.350064
0.295896 0.354232
0.300064 0.358400
0.304232 0.362568
0.3084 0.366736
0.312568 0.370904
0.316736 0.375072
0.320904 0.379240
0.325072 0.383408
0.32924 0.387576
0.333408 0.391744
0.337576 0.395912
0.341744 0.400080
0.345912 0.404248
0.35008 0.408416
0.354248 0.412584
0.358416 0.416752
0.362584 0.420920
0.366752 0.425088
0.37092 0.429256
0.375088 0.433424
0.379256 0.437592
0.383424 0.441760
0.387592 0.445928
0.39176 0.450096
0.395928 0.454264
0.400096 0.458432
0.404264 0.462600
0.408432 0.466768
0.4126 0.470936
0.416768 0.475104
0.420936 0.479272
0.425104 0.483440
0.429272 0.487608
0.43344 0.491776
0.437608 0.495944
0.441776 0.500112
0.445944 0.504280
0.450112 0.508448
0.45428 0.512616
0.458448 0.516784
0.462616 0.520952
0.466784 0.525120
0.470952 0.529288
0.47512 0.533456
0.479288 0.537624
0.483456 0.541792
0.487624 0.545960
0.491792 0.550128
0.49596 0.554296
0.500128 0.558464
0.504296 0.562632
0.512632 0.562632
0.520968 0.562632
0.529304 0.562632
0.53764 0.562632
0.545976 0.562632
0.554312 0.562632
0.562648 0.562632
0.570984 0.562632
0.57932 0.562632
0.587656 0.562632
0.595992 0.562632
0.604328 0.562632
0.612664 0.562632
0.621 0.562632
0.629336 0.562632
0.637672 0.562632
0.646008 0.562632
0.654344 0.562632
0.66268 0.562632
0.671016 0.562632
0.679352 0.562632
0.687688 0.562632
0.696024 0.562632
0.70436 0.562632
0.712696 0.562632
0.721032 0.562632
0.729368 0.562632
0.737704 0.562632
0.74604 0.562632
0.754376 0.562632
0.762712 0.562632
0.771048 0.562632
0.779384 0.562632
0.78772 0.562632
0.796056 0.562632
0.804392 0.562632
0.812728 0.562632
0.821064 0.562632
0.8294 0.562632
0.837736 0.562632
0.846072 0.562632
0.854408 0.562632
0.862744 0.562632
0.87108 0.562632
0.879416 0.562632
0.887752 0.562632
0.896088 0.562632
0.904424 0.562632
0.91276 0.562632
0.921096 0.562632
0.929432 0.562632
0.937768 0.562632
0.946104 0.562632
0.95444 0.562632
0.962776 0.562632
0.971112 0.562632
0.979448 0.562632
0.987784 0.562632
0.99612 0.562632
1.004456 0.562632
1.012792 0.562632
1.021128 0.562632
1.029464 0.562632
1.0378 0.562632
1.046136 0.562632
1.054472 0.562632
1.062808 0.562632
1.071144 0.562632
1.07948 0.562632
1.087816 0.562632
1.096152 0.562632
1.104488 0.562632
1.112824 0.562632
1.12116 0.562632
1.129496 0.562632
1.137832 0.562632
1.146168 0.562632
1.154504 0.562632
1.16284 0.562632
1.171176 0.562632
1.179512 0.562632
1.187848 0.562632
1.196184 0.562632
1.20452 0.562632
1.212856 0.562632
1.221192 0.562632
1.229528 0.562632
1.237864 0.562632
1.2462 0.562632
1.254536 0.562632
1.262872 0.562632
1.271208 0.562632
1.279544 0.562632
1.28788 0.562632
1.296216 0.562632
1.304552 0.562632
1.312888 0.562632
1.321224 0.562632
1.32956 0.562632
1.337896 0.562632
1.346232 0.562632
1.354568 0.562632
1.362904 0.562632
1.37124 0.562632
1.379576 0.562632
1.387912 0.562632
1.396248 0.562632
1.404584 0.562632
1.41292 0.562632
1.421256 0.562632
1.429592 0.562632
1.437928 0.562632
1.446264 0.562632
1.4546 0.562632
1.462936 0.562632
1.471272 0.562632
1.479608 0.562632
1.487944 0.562632
1.49628 0.562632
1.504616 0.562632
1.512952 0.562632
1.521288 0.562632
1.529624 0.562632
1.53796 0.562632
1.546296 0.562632
1.554632 0.562632
1.562968 0.562632
1.571304 0.562632
1.57964 0.562632
1.587976 0.562632
1.596312 0.562632
1.604648 0.562632
1.612984 0.562632
1.62132 0.562632
1.629656 0.562632
1.637992 0.562632
1.646328 0.562632
1.654664 0.562632
1.663 0.562632
1.671336 0.562632
1.679672 0.562632
1.688008 0.562632
1.696344 0.562632
1.70468 0.562632
1.713016 0.562632
1.721352 0.562632
1.729688 0.562632
1.738024 0.562632
1.74636 0.562632
1.754696 0.562632
1.763032 0.562632
1.771368 0.562632
1.779704 0.562632
1.78804 0.562632
1.796376 0.562632
1.804712 0.562632
1.813048 0.562632
1.821384 0.562632
1.82972 0.562632
1.838056 0.562632
1.846392 0.562632
1.854728 0.562632
1.863064 0.562632
1.8714 0.562632
1.879736 0.562632
1.888072 0.562632
1.896408 0.562632
1.904744 0.562632
1.91308 0.562632
1.921416 0.562632
1.929752 0.562632
1.938088 0.562632
1.946424 0.562632
1.95476 0.562632
1.963096 0.562632
1.971432 0.562632
1.979768 0.562632
1.988104 0.562632
1.99644 0.562632
2.004776 0.562632
2.013112 0.562632
2.021448 0.562632
2.029784 0.562632
2.03812 0.562632
2.046456 0.562632
2.054792 0.562632
2.063128 0.562632
2.071464 0.562632
2.0798 0.562632
2.088136 0.562632
2.096472 0.562632
2.104808 0.562632
2.113144 0.562632
2.12148 0.562632
2.129816 0.562632
2.138152 0.562632
2.146488 0.562632
2.154824 0.562632
2.16316 0.562632
2.171496 0.562632
2.179832 0.562632
2.188168 0.562632
2.196504 0.562632
2.20484 0.562632
2.213176 0.562632
2.221512 0.562632
2.229848 0.562632
2.238184 0.562632
2.24652 0.562632
2.254856 0.562632
2.263192 0.562632
2.271528 0.562632
2.279864 0.562632
2.2882 0.562632
2.296536 0.562632
2.304872 0.562632
2.313208 0.562632
2.321544 0.562632
2.32988 0.562632
2.338216 0.562632
2.346552 0.562632
2.354888 0.562632
2.363224 0.562632
2.37156 0.562632
2.379896 0.562632
2.388232 0.562632
2.396568 0.562632
2.404904 0.562632
2.41324 0.562632
2.421576 0.562632
2.429912 0.562632
2.438248 0.562632
2.446584 0.562632
2.45492 0.562632
2.463256 0.562632
2.471592 0.562632
2.479928 0.562632
2.488264 0.562632
2.4966 0.562632
2.504936 0.562632
2.513272 0.562632
2.521608 0.562632
2.529944 0.562632
2.53828 0.562632
2.546616 0.562632
2.554952 0.562632
2.563288 0.562632
2.571624 0.562632
2.57996 0.562632
2.588296 0.562632
2.596632 0.562632
2.604968 0.562632
2.613304 0.562632
2.62164 0.562632
2.629976 0.562632
2.638312 0.562632
2.646648 0.562632
2.654984 0.562632
2.66332 0.562632
2.671656 0.562632
2.679992 0.562632
2.688328 0.562632
2.696664 0.562632
2.705 0.562632
2.713336 0.562632
2.721672 0.562632
2.730008 0.562632
2.738344 0.562632
2.74668 0.562632
2.755016 0.562632
2.763352 0.562632
2.771688 0.562632
2.780024 0.562632
2.78836 0.562632
2.796696 0.562632
2.805032 0.562632
2.813368 0.562632
2.821704 0.562632
2.83004 0.562632
2.838376 0.562632
2.846712 0.562632
2.855048 0.562632
2.863384 0.562632
2.87172 0.562632
2.880056 0.562632
2.888392 0.562632
2.896728 0.562632
2.905064 0.562632
2.9134 0.562632
2.921736 0.562632
2.930072 0.562632
2.938408 0.562632
2.946744 0.562632
2.95508 0.562632
2.963416 0.562632
2.971752 0.562632
2.980088 0.562632
2.988424 0.562632
2.99676 0.562632
3.005096 0.562632
3.013432 0.562632
3.021768 0.562632
3.030104 0.562632
3.03844 0.562632
3.046776 0.562632
3.055112 0.562632
3.063448 0.562632
3.071784 0.562632
3.08012 0.562632
3.088456 0.562632
3.096792 0.562632
3.105128 0.562632
3.113464 0.562632
3.1218 0.562632
3.130136 0.562632
3.138472 0.562632
3.146808 0.562632
3.155144 0.562632
3.16348 0.562632
3.171816 0.562632
3.180152 0.562632
3.188488 0.562632
3.196824 0.562632
3.20516 0.562632
3.213496 0.562632
3.221832 0.562632
3.230168 0.562632
3.238504 0.562632
3.24684 0.562632
3.255176 0.562632
3.263512 0.562632
3.271848 0.562632
3.280184 0.562632
3.28852 0.562632
3.296856 0.562632
3.305192 0.562632
3.313528 0.562632
3.321864 0.562632
3.3302 0.562632
3.338536 0.562632
3.346872 0.562632
3.355208 0.562632
3.363544 0.562632
3.37188 0.562632
3.380216 0.562632
3.388552 0.562632
3.396888 0.562632
3.405224 0.562632
3.41356 0.562632
3.421896 0.562632
3.430232 0.562632
3.438568 0.562632
3.446904 0.562632
3.45524 0.562632
3.463576 0.562632
3.471912 0.562632
3.480248 0.562632
3.488584 0.562632
3.49692 0.562632
3.505256 0.562632
3.513592 0.562632
3.521928 0.562632
3.530264 0.562632
3.5386 0.562632
3.546936 0.562632
3.555272 0.562632
3.563608 0.562632
3.571944 0.562632
3.58028 0.562632
3.588616 0.562632
3.596952 0.562632
3.605288 0.562632
3.613624 0.562632
3.62196 0.562632
3.630296 0.562632
3.638632 0.562632
3.646968 0.562632
3.655304 0.562632
3.66364 0.562632
3.671976 0.562632
3.680312 0.562632
3.688648 0.562632
3.696984 0.562632
3.70532 0.562632
3.713656 0.562632
3.721992 0.562632
3.730328 0.562632
3.738664 0.562632
3.747 0.562632
3.755336 0.562632
3.763672 0.562632
3.772008 0.562632
3.780344 0.562632
3.78868 0.562632
3.797016 0.562632
3.805352 0.562632
3.813688 0.562632
3.822024 0.562632
3.83036 0.562632
3.838696 0.562632
3.847032 0.562632
3.855368 0.562632
3.863704 0.562632
3.87204 0.562632
3.880376 0.562632
3.888712 0.562632
3.897048 0.562632
3.905384 0.562632
3.91372 0.562632
3.922056 0.562632
3.930392 0.562632
3.938728 0.562632
3.947064 0.562632
3.9554 0.562632
3.963736 0.562632
3.972072 0.562632
3.980408 0.562632
3.988744 0.562632
3.99708 0.562632
4.005416 0.562632
4.013752 0.562632
4.022088 0.562632
4.030424 0.562632
4.03876 0.562632
4.047096 0.562632
4.055432 0.562632
4.063768 0.562632
4.072104 0.562632
4.08044 0.562632
4.088776 0.562632
4.097112 0.562632
4.105448 0.562632
4.113784 0.562632
4.12212 0.562632
4.130456 0.562632
4.138792 0.562632
4.147128 0.562632
4.155464 0.562632
4.1638 0.562632
4.172136 0.562632
4.180472 0.562632
4.188808 0.562632
4.197144 0.562632
4.20548 0.562632
4.213816 0.562632
4.222152 0.562632
4.230488 0.562632
4.238824 0.562632
4.24716 0.562632
4.255496 0.562632
4.263832 0.562632
4.272168 0.562632
4.280504 0.562632
4.28884 0.562632
4.297176 0.562632
4.305512 0.562632
4.313848 0.562632
4.322184 0.562632
4.33052 0.562632
4.338856 0.562632
4.347192 0.562632
4.355528 0.562632
4.363864 0.562632
4.3722 0.562632
4.380536 0.562632
4.388872 0.562632
4.397208 0.562632
4.405544 0.562632
4.41388 0.562632
4.422216 0.562632
4.430552 0.562632
4.438888 0.562632
4.447224 0.562632
4.45556 0.562632
4.463896 0.562632
4.472232 0.562632
4.480568 0.562632
4.488904 0.562632
4.49724 0.562632
4.505576 0.562632
4.513912 0.562632
4.522248 0.562632
4.530584 0.562632
4.53892 0.562632
4.547256 0.562632
4.555592 0.562632
4.563928 0.562632
4.572264 0.562632
4.5806 0.562632
4.588936 0.562632
4.597272 0.562632
4.605608 0.562632
4.613944 0.562632
4.62228 0.562632
4.630616 0.562632
4.638952 0.562632
4.647288 0.562632
4.655624 0.562632
4.66396 0.562632
4.672296 0.562632
4.680632 0.562632
4.688968 0.562632
4.697304 0.562632
4.70564 0.562632
4.713976 0.562632
4.722312 0.562632
4.730648 0.562632
4.738984 0.562632
4.74732 0.562632
4.755656 0.562632
4.763992 0.562632
4.772328 0.562632
4.780664 0.562632
4.789 0.562632
4.797336 0.562632
4.805672 0.562632
4.814008 0.562632
4.822344 0.562632
4.83068 0.562632
4.839016 0.562632
4.847352 0.562632
4.855688 0.562632
4.864024 0.562632
4.87236 0.562632
4.880696 0.562632
4.889032 0.562632
4.897368 0.562632
4.905704 0.562632
4.91404 0.562632
4.922376 0.562632
4.930712 0.562632
4.939048 0.562632
4.947384 0.562632
4.95572 0.562632
4.964056 0.562632
4.972392 0.562632
4.980728 0.562632
4.989064 0.562632
4.9974 0.562632
5.005736 0.562632
5.014072 0.562632
5.022408 0.562632
5.030744 0.562632
5.03908 0.562632
5.047416 0.562632
5.055752 0.562632
5.064088 0.562632
5.072424 0.562632
5.08076 0.562632
5.089096 0.562632
5.097432 0.562632
5.105768 0.562632
5.114104 0.562632
5.12244 0.562632
5.130776 0.562632
5.139112 0.562632
5.147448 0.562632
5.155784 0.562632
5.16412 0.562632
5.172456 0.562632
5.180792 0.562632
5.189128 0.562632
5.197464 0.562632
5.2058 0.562632
5.214136 0.562632
5.222472 0.562632
5.230808 0.562632
5.239144 0.562632
5.24748 0.562632
5.255816 0.562632
5.264152 0.562632
5.272488 0.562632
5.280824 0.562632
5.28916 0.562632
5.297496 0.562632
5.305832 0.562632
5.314168 0.562632
5.322504 0.562632
5.33084 0.562632
5.339176 0.562632
5.347512 0.562632
5.355848 0.562632
5.364184 0.562632
5.37252 0.562632
5.380856 0.562632
5.389192 0.562632
5.397528 0.562632
5.405864 0.562632
5.4142 0.562632
5.422536 0.562632
5.430872 0.562632
5.439208 0.562632
5.447544 0.562632
5.45588 0.562632
5.464216 0.562632
5.472552 0.562632
5.480888 0.562632
5.489224 0.562632
5.49756 0.562632
5.505896 0.562632
5.514232 0.562632
5.522568 0.562632
5.530904 0.562632
5.53924 0.562632
5.547576 0.562632
5.555912 0.562632
5.564248 0.562632
5.572584 0.562632
5.58092 0.562632
5.589256 0.562632
5.597592 0.562632
5.605928 0.562632
5.614264 0.562632
5.6226 0.562632
5.630936 0.562632
5.639272 0.562632
5.647608 0.562632
5.655944 0.562632
5.66428 0.562632
5.672616 0.562632
5.680952 0.562632
5.689288 0.562632
5.697624 0.562632
5.70596 0.562632
5.714296 0.562632
5.722632 0.562632
5.730968 0.562632
5.739304 0.562632
5.74764 0.562632
5.755976 0.562632
5.764312 0.562632
5.772648 0.562632
5.780984 0.562632
5.78932 0.562632
5.797656 0.562632
5.805992 0.562632
5.814328 0.562632
5.822664 0.562632
5.831 0.562632
5.839336 0.562632
5.847672 0.562632
5.856008 0.562632
5.864344 0.562632
5.87268 0.562632
5.881016 0.562632
5.889352 0.562632
5.897688 0.562632
5.906024 0.562632
5.91436 0.562632
5.922696 0.562632
5.931032 0.562632
5.939368 0.562632
5.947704 0.562632
5.95604 0.562632
5.964376 0.562632
5.972712 0.562632
5.981048 0.562632
5.989384 0.562632
5.99772 0.562632
6.006056 0.562632
6.014392 0.562632
6.022728 0.562632
6.031064 0.562632
6.0394 0.562632
6.047736 0.562632
6.056072 0.562632
6.064408 0.562632
6.072744 0.562632
6.08108 0.562632
6.089416 0.562632
6.097752 0.562632
6.106088 0.562632
6.114424 0.562632
6.12276 0.562632
6.131096 0.562632
6.139432 0.562632
6.147768 0.562632
6.156104 0.562632
6.16444 0.562632
6.172776 0.562632
6.181112 0.562632
6.189448 0.562632
6.197784 0.562632
6.20612 0.562632
6.214456 0.562632
6.222792 0.562632
6.231128 0.562632
6.239464 0.562632
6.2478 0.562632
6.256136 0.562632
6.264472 0.562632
6.272808 0.562632
6.281144 0.562632
6.28948 0.562632
6.297816 0.562632
6.306152 0.562632
6.314488 0.562632
6.322824 0.562632
6.33116 0.562632
6.339496 0.562632
6.347832 0.562632
6.356168 0.562632
6.364504 0.562632
6.37284 0.562632
6.381176 0.562632
6.389512 0.562632
6.397848 0.562632
6.406184 0.562632
6.41452 0.562632
6.422856 0.562632
6.431192 0.562632
6.439528 0.562632
6.447864 0.562632
6.4562 0.562632
6.464536 0.562632
6.472872 0.562632
6.481208 0.562632
6.489544 0.562632
6.49788 0.562632
6.506216 0.562632
6.514552 0.562632
6.522888 0.562632
6.531224 0.562632
6.53956 0.562632
6.547896 0.562632
6.556232 0.562632
6.564568 0.562632
6.572904 0.562632
6.58124 0.562632
6.589576 0.562632
6.597912 0.562632
6.606248 0.562632
6.614584 0.562632
6.62292 0.562632
6.631256 0.562632
6.639592 0.562632
6.647928 0.562632
6.656264 0.562632
6.6646 0.562632
6.672936 0.562632
6.681272 0.562632
6.689608 0.562632
6.697944 0.562632
6.70628 0.562632
6.714616 0.562632
6.722952 0.562632
6.731288 0.562632
6.739624 0.562632
6.74796 0.562632
6.756296 0.562632
6.764632 0.562632
6.772968 0.562632
6.781304 0.562632
6.78964 0.562632
6.797976 0.562632
6.806312 0.562632
6.814648 0.562632
6.822984 0.562632
6.83132 0.562632
6.839656 0.562632
6.847992 0.562632
6.856328 0.562632
6.864664 0.562632
6.873 0.562632
6.881336 0.562632
6.889672 0.562632
6.898008 0.562632
6.906344 0.562632
6.91468 0.562632
6.923016 0.562632
6.931352 0.562632
6.939688 0.562632
6.948024 0.562632
6.95636 0.562632
6.964696 0.562632
6.973032 0.562632
6.981368 0.562632
6.989704 0.562632
6.99804 0.562632
7.006376 0.562632
7.014712 0.562632
7.023048 0.562632
7.031384 0.562632
7.03972 0.562632
7.048056 0.562632
7.056392 0.562632
7.064728 0.562632
7.073064 0.562632
7.0814 0.562632
7.089736 0.562632
7.098072 0.562632
7.106408 0.562632
7.114744 0.562632
7.12308 0.562632
7.131416 0.562632
7.139752 0.562632
7.148088 0.562632
7.156424 0.562632
7.16476 0.562632
7.173096 0.562632
7.181432 0.562632
7.189768 0.562632
7.198104 0.562632
7.20644 0.562632
7.214776 0.562632
7.223112 0.562632
7.231448 0.562632
7.239784 0.562632
7.24812 0.562632
7.256456 0.562632
7.264792 0.562632
7.273128 0.562632
7.281464 0.562632
7.2898 0.562632
7.298136 0.562632
7.306472 0.562632
7.314808 0.562632
7.323144 0.562632
7.33148 0.562632
7.339816 0.562632
7.348152 0.562632
7.356488 0.562632
7.364824 0.562632
7.37316 0.562632
7.381496 0.562632
7.389832 0.562632
7.398168 0.562632
7.406504 0.562632
7.41484 0.562632
7.423176 0.562632
7.431512 0.562632
7.439848 0.562632
7.448184 0.562632
7.45652 0.562632
7.464856 0.562632
7.473192 0.562632
7.481528 0.562632
7.489864 0.562632
7.4982 0.562632
7.506536 0.562632
7.514872 0.562632
7.523208 0.562632
7.531544 0.562632
7.53988 0.562632
7.548216 0.562632
7.556552 0.562632
7.564888 0.562632
7.573224 0.562632
7.58156 0.562632
7.589896 0.562632
7.598232 0.562632
7.606568 0.562632
7.614904 0.562632
7.62324 0.562632
7.631576 0.562632
7.639912 0.562632
7.648248 0.562632
7.656584 0.562632
7.66492 0.562632
7.673256 0.562632
7.681592 0.562632
7.689928 0.562632
7.698264 0.562632
7.7066 0.562632
7.714936 0.562632
7.723272 0.562632
7.731608 0.562632
7.739944 0.562632
7.74828 0.562632
7.756616 0.562632
7.764952 0.562632
7.773288 0.562632
7.781624 0.562632
7.78996 0.562632
7.798296 0.562632
7.806632 0.562632
7.814968 0.562632
7.823304 0.562632
7.83164 0.562632
7.839976 0.562632
7.848312 0.562632
7.856648 0.562632
7.864984 0.562632
7.87332 0.562632
7.881656 0.562632
7.889992 0.562632
7.898328 0.562632
7.906664 0.562632
7.915 0.562632
7.923336 0.562632
7.931672 0.562632
7.940008 0.562632
7.948344 0.562632
7.95668 0.562632
7.965016 0.562632
7.973352 0.562632
7.981688 0.562632
7.990024 0.562632
7.99836 0.562632
8.006696 0.562632
8.015032 0.562632
8.023368 0.562632
8.031704 0.562632
8.04004 0.562632
8.048376 0.562632
8.056712 0.562632
8.065048 0.562632
8.073384 0.562632
8.08172 0.562632
8.090056 0.562632
8.098392 0.562632
8.106728 0.562632
8.115064 0.562632
8.1234 0.562632
8.131736 0.562632
8.140072 0.562632
8.148408 0.562632
8.156744 0.562632
8.16508 0.562632
8.173416 0.562632
8.181752 0.562632
8.190088 0.562632
8.198424 0.562632
8.20676 0.562632
8.215096 0.562632
8.223432 0.562632
8.231768 0.562632
8.240104 0.562632
8.24844 0.562632
8.256776 0.562632
8.265112 0.562632
8.273448 0.562632
8.281784 0.562632
8.29012 0.562632
8.298456 0.562632
8.306792 0.562632
8.315128 0.562632
8.323464 0.562632
8.3318 0.562632
8.340136 0.562632
8.348472 0.562632
8.356808 0.562632
8.365144 0.562632
8.37348 0.562632
8.381816 0.562632
8.390152 0.562632
8.398488 0.562632
8.406824 0.562632
8.41516 0.562632
8.423496 0.562632
8.431832 0.562632
8.440168 0.562632
8.448504 0.562632
8.45684 0.562632
8.465176 0.562632
8.473512 0.562632
8.481848 0.562632
8.490184 0.562632
8.49852 0.562632
8.506856 0.562632
8.515192 0.562632
8.523528 0.562632
8.531864 0.562632
8.5402 0.562632
8.548536 0.562632
8.556872 0.562632
8.565208 0.562632
8.573544 0.562632
8.58188 0.562632
8.590216 0.562632
8.598552 0.562632
8.606888 0.562632
8.615224 0.562632
8.62356 0.562632
8.631896 0.562632
8.640232 0.562632
8.648568 0.562632
8.656904 0.562632
8.66524 0.562632
8.673576 0.562632
8.681912 0.562632
8.690248 0.562632
8.698584 0.562632
8.70692 0.562632
8.715256 0.562632
8.723592 0.562632
8.731928 0.562632
8.740264 0.562632
8.7486 0.562632
8.756936 0.562632
8.765272 0.562632
8.773608 0.562632
8.781944 0.562632
8.79028 0.562632
8.798616 0.562632
8.806952 0.562632
8.815288 0.562632
8.823624 0.562632
8.83196 0.562632
8.840296 0.562632
8.848632 0.562632
8.856968 0.562632
8.865304 0.562632
8.87364 0.562632
8.881976 0.562632
8.890312 0.562632
8.898648 0.562632
8.906984 0.562632
8.91532 0.562632
8.923656 0.562632
8.931992 0.562632
8.940328 0.562632
8.948664 0.562632
8.957 0.562632
8.965336 0.562632
8.973672 0.562632
8.982008 0.562632
8.990344 0.562632
8.99868 0.562632
9.007016 0.562632
9.015352 0.562632
9.023688 0.562632
9.032024 0.562632
9.04036 0.562632
9.048696 0.562632
9.057032 0.562632
9.065368 0.562632
9.073704 0.562632
9.08204 0.562632
9.090376 0.562632
9.098712 0.562632
9.107048 0.562632
9.115384 0.562632
9.12372 0.562632
9.132056 0.562632
9.140392 0.562632
9.148728 0.562632
9.157064 0.562632
9.1654 0.562632
9.173736 0.562632
9.182072 0.562632
9.190408 0.562632
9.198744 0.562632
9.20708 0.562632
9.215416 0.562632
9.223752 0.562632
9.232088 0.562632
9.240424 0.562632
9.24876 0.562632
9.257096 0.562632
9.265432 0.562632
9.273768 0.562632
9.282104 0.562632
9.29044 0.562632
9.298776 0.562632
9.307112 0.562632
9.315448 0.562632
9.323784 0.562632
9.33212 0.562632
9.340456 0.562632
9.348792 0.562632
9.357128 0.562632
9.365464 0.562632
9.3738 0.562632
9.382136 0.562632
9.390472 0.562632
9.398808 0.562632
9.407144 0.562632
9.41548 0.562632
9.423816 0.562632
9.432152 0.562632
9.440488 0.562632
9.448824 0.562632
9.45716 0.562632
9.465496 0.562632
9.473832 0.562632
9.482168 0.562632
9.490504 0.562632
9.49884 0.562632
9.507176 0.562632
9.515512 0.562632
9.523848 0.562632
9.532184 0.562632
9.54052 0.562632
9.548856 0.562632
9.557192 0.562632
9.565528 0.562632
9.573864 0.562632
9.5822 0.562632
9.590536 0.562632
9.598872 0.562632
9.607208 0.562632
9.615544 0.562632
9.62388 0.562632
9.632216 0.562632
9.640552 0.562632
9.648888 0.562632
9.657224 0.562632
9.66556 0.562632
9.673896 0.562632
9.682232 0.562632
9.690568 0.562632
9.698904 0.562632
9.70724 0.562632
9.715576 0.562632
9.723912 0.562632
9.732248 0.562632
9.740584 0.562632
9.74892 0.562632
9.757256 0.562632
9.765592 0.562632
9.773928 0.562632
9.782264 0.562632
9.7906 0.562632
9.798936 0.562632
9.807272 0.562632
9.815608 0.562632
9.823944 0.562632
9.83228 0.562632
9.840616 0.562632
9.848952 0.562632
9.857288 0.562632
9.865624 0.562632
9.87396 0.562632
9.882296 0.562632
9.890632 0.562632
9.898968 0.562632
9.907304 0.562632
9.91564 0.562632
9.923976 0.562632
9.932312 0.562632
9.940648 0.562632
9.948984 0.562632
9.95732 0.562632
9.965656 0.562632
9.973992 0.562632
9.982328 0.562632
9.990664 0.562632
9.999 0.562632
10.007336 0.562632
10.015672 0.562632
10.024008 0.562632
10.032344 0.562632
10.04068 0.562632
10.049016 0.562632
10.057352 0.562632
10.065688 0.562632
10.074024 0.562632
10.08236 0.562632
10.090696 0.562632
10.099032 0.562632
10.107368 0.562632
10.115704 0.562632
10.12404 0.562632
10.132376 0.562632
10.140712 0.562632
10.149048 0.562632
10.157384 0.562632
10.16572 0.562632
10.174056 0.562632
10.182392 0.562632
10.190728 0.562632
10.199064 0.562632
10.2074 0.562632
10.215736 0.562632
10.224072 0.562632
10.232408 0.562632
10.240744 0.562632
10.24908 0.562632
10.257416 0.562632
10.265752 0.562632
10.274088 0.562632
10.282424 0.562632
10.29076 0.562632
10.299096 0.562632
10.307432 0.562632
10.315768 0.562632
10.324104 0.562632
10.33244 0.562632
10.340776 0.562632
10.349112 0.562632
10.357448 0.562632
10.365784 0.562632
10.37412 0.562632
10.382456 0.562632
10.390792 0.562632
10.399128 0.562632
10.407464 0.562632
10.4158 0.562632
10.424136 0.562632
10.432472 0.562632
10.440808 0.562632
10.449144 0.562632
10.45748 0.562632
10.465816 0.562632
10.474152 0.562632
10.482488 0.562632
10.490824 0.562632
10.49916 0.562632
10.507496 0.562632
10.515832 0.562632
10.524168 0.562632
10.532504 0.562632
10.54084 0.562632
10.549176 0.562632
10.557512 0.562632
10.565848 0.562632
10.574184 0.562632
10.58252 0.562632
10.590856 0.562632
10.599192 0.562632
10.607528 0.562632
10.615864 0.562632
10.6242 0.562632
10.632536 0.562632
10.640872 0.562632
10.649208 0.562632
10.657544 0.562632
10.66588 0.562632
10.674216 0.562632
10.682552 0.562632
10.690888 0.562632
10.699224 0.562632
10.70756 0.562632
10.715896 0.562632
10.724232 0.562632
10.732568 0.562632
10.740904 0.562632
10.74924 0.562632
10.757576 0.562632
10.765912 0.562632
10.774248 0.562632
10.782584 0.562632
10.79092 0.562632
10.799256 0.562632
10.807592 0.562632
10.815928 0.562632
10.824264 0.562632
10.8326 0.562632
10.840936 0.562632
10.849272 0.562632
10.857608 0.562632
10.865944 0.562632
10.87428 0.562632
10.882616 0.562632
10.890952 0.562632
10.899288 0.562632
10.907624 0.562632
10.91596 0.562632
10.924296 0.562632
10.932632 0.562632
10.940968 0.562632
10.949304 0.562632
10.95764 0.562632
10.965976 0.562632
10.974312 0.562632
10.982648 0.562632
10.990984 0.562632
10.99932 0.562632
11.007656 0.562632
11.015992 0.562632
11.024328 0.562632
11.032664 0.562632
11.041 0.562632
11.049336 0.562632
11.057672 0.562632
11.066008 0.562632
11.074344 0.562632
11.08268 0.562632
11.091016 0.562632
11.099352 0.562632
11.107688 0.562632
11.116024 0.562632
11.12436 0.562632
11.132696 0.562632
11.141032 0.562632
11.149368 0.562632
11.157704 0.562632
11.16604 0.562632
11.174376 0.562632
11.182712 0.562632
11.191048 0.562632
11.199384 0.562632
11.20772 0.562632
11.216056 0.562632
11.224392 0.562632
11.232728 0.562632
11.241064 0.562632
11.2494 0.562632
11.257736 0.562632
11.266072 0.562632
11.274408 0.562632
11.282744 0.562632
11.29108 0.562632
11.299416 0.562632
11.307752 0.562632
11.316088 0.562632
11.324424 0.562632
11.33276 0.562632
11.341096 0.562632
11.349432 0.562632
11.357768 0.562632
11.366104 0.562632
11.37444 0.562632
11.382776 0.562632
11.391112 0.562632
11.399448 0.562632
11.407784 0.562632
11.41612 0.562632
11.424456 0.562632
11.432792 0.562632
11.441128 0.562632
11.449464 0.562632
11.4578 0.562632
11.466136 0.562632
11.474472 0.562632
11.482808 0.562632
11.491144 0.562632
11.49948 0.562632
11.507816 0.562632
11.516152 0.562632
11.524488 0.562632
11.532824 0.562632
11.54116 0.562632
11.549496 0.562632
11.557832 0.562632
11.566168 0.562632
11.574504 0.562632
11.58284 0.562632
11.591176 0.562632
11.599512 0.562632
11.607848 0.562632
11.616184 0.562632
11.62452 0.562632
11.632856 0.562632
11.641192 0.562632
11.649528 0.562632
11.657864 0.562632
11.6662 0.562632
11.674536 0.562632
11.682872 0.562632
11.691208 0.562632
11.699544 0.562632
11.70788 0.562632
11.716216 0.562632
11.724552 0.562632
11.732888 0.562632
11.741224 0.562632
11.74956 0.562632
11.757896 0.562632
11.766232 0.562632
11.774568 0.562632
11.782904 0.562632
11.79124 0.562632
11.799576 0.562632
11.807912 0.562632
11.816248 0.562632
11.824584 0.562632
11.83292 0.562632
11.841256 0.562632
11.849592 0.562632
11.857928 0.562632
11.866264 0.562632
11.8746 0.562632
11.882936 0.562632
11.891272 0.562632
11.899608 0.562632
11.907944 0.562632
11.91628 0.562632
11.924616 0.562632
11.932952 0.562632
11.941288 0.562632
11.949624 0.562632
11.95796 0.562632
11.966296 0.562632
11.974632 0.562632
11.982968 0.562632
11.991304 0.562632
11.99964 0.562632
12.007976 0.562632
12.016312 0.562632
12.024648 0.562632
12.032984 0.562632
12.04132 0.562632
12.049656 0.562632
12.057992 0.562632
12.066328 0.562632
12.074664 0.562632
12.083 0.562632
12.091336 0.562632
12.099672 0.562632
12.108008 0.562632
12.116344 0.562632
12.12468 0.562632
12.133016 0.562632
12.141352 0.562632
12.149688 0.562632
12.158024 0.562632
12.16636 0.562632
12.174696 0.562632
12.183032 0.562632
12.191368 0.562632
12.199704 0.562632
12.20804 0.562632
12.216376 0.562632
12.224712 0.562632
12.233048 0.562632
12.241384 0.562632
12.24972 0.562632
12.258056 0.562632
12.266392 0.562632
12.274728 0.562632
12.283064 0.562632
12.2914 0.562632
12.299736 0.562632
12.308072 0.562632
12.316408 0.562632
12.324744 0.562632
12.33308 0.562632
12.341416 0.562632
12.349752 0.562632
12.358088 0.562632
12.366424 0.562632
12.37476 0.562632
12.383096 0.562632
12.391432 0.562632
12.399768 0.562632
12.408104 0.562632
12.41644 0.562632
12.424776 0.562632
12.433112 0.562632
12.441448 0.562632
12.449784 0.562632
12.45812 0.562632
12.466456 0.562632
12.474792 0.562632
12.483128 0.562632
12.491464 0.562632
12.4998 0.562632
12.508136 0.562632
12.516472 0.562632
12.524808 0.562632
12.533144 0.562632
12.54148 0.562632
12.549816 0.562632
12.558152 0.562632
12.566488 0.562632
12.574824 0.562632
12.58316 0.562632
12.591496 0.562632
12.599832 0.562632
12.608168 0.562632
12.616504 0.562632
12.62484 0.562632
12.633176 0.562632
12.641512 0.562632
12.649848 0.562632
12.658184 0.562632
12.66652 0.562632
12.674856 0.562632
12.683192 0.562632
12.691528 0.562632
12.699864 0.562632
12.7082 0.562632
12.716536 0.562632
12.724872 0.562632
12.733208 0.562632
12.741544 0.562632
12.74988 0.562632
12.758216 0.562632
12.766552 0.562632
12.774888 0.562632
12.783224 0.562632
12.79156 0.562632
12.799896 0.562632
12.808232 0.562632
12.816568 0.562632
12.824904 0.562632
12.83324 0.562632
12.841576 0.562632
12.849912 0.562632
12.858248 0.562632
12.866584 0.562632
12.87492 0.562632
12.883256 0.562632
12.891592 0.562632
12.899928 0.562632
12.908264 0.562632
12.9166 0.562632
12.924936 0.562632
12.933272 0.562632
12.941608 0.562632
12.949944 0.562632
12.95828 0.562632
12.966616 0.562632
12.974952 0.562632
12.983288 0.562632
12.991624 0.562632
12.99996 0.562632
13.008296 0.562632
13.016632 0.562632
13.024968 0.562632
13.033304 0.562632
13.04164 0.562632
13.049976 0.562632
13.058312 0.562632
13.066648 0.562632
13.074984 0.562632
13.08332 0.562632
13.091656 0.562632
13.099992 0.562632
13.108328 0.562632
13.116664 0.562632
13.125 0.562632
13.133336 0.562632
13.141672 0.562632
13.150008 0.562632
13.158344 0.562632
13.16668 0.562632
13.175016 0.562632
13.183352 0.562632
13.191688 0.562632
13.200024 0.562632
13.20836 0.562632
13.216696 0.562632
13.225032 0.562632
13.233368 0.562632
13.241704 0.562632
13.25004 0.562632
13.258376 0.562632
13.266712 0.562632
13.275048 0.562632
13.283384 0.562632
13.29172 0.562632
13.300056 0.562632
13.308392 0.562632
13.316728 0.562632
13.325064 0.562632
13.3334 0.562632
13.341736 0.562632
13.350072 0.562632
13.358408 0.562632
13.366744 0.562632
13.37508 0.562632
13.383416 0.562632
13.391752 0.562632
13.400088 0.562632
13.408424 0.562632
13.41676 0.562632
13.425096 0.562632
13.433432 0.562632
13.441768 0.562632
13.450104 0.562632
13.45844 0.562632
13.466776 0.562632
13.475112 0.562632
13.483448 0.562632
13.491784 0.562632
13.50012 0.562632
13.508456 0.562632
13.516792 0.562632
13.525128 0.562632
13.533464 0.562632
13.5418 0.562632
13.550136 0.562632
13.558472 0.562632
13.566808 0.562632
13.575144 0.562632
13.58348 0.562632
13.591816 0.562632
13.600152 0.562632
13.608488 0.562632
13.616824 0.562632
13.62516 0.562632
13.633496 0.562632
13.641832 0.562632
13.650168 0.562632
13.658504 0.562632
13.66684 0.562632
13.675176 0.562632
13.683512 0.562632
13.691848 0.562632
13.700184 0.562632
13.70852 0.562632
13.716856 0.562632
13.725192 0.562632
13.733528 0.562632
13.741864 0.562632
13.7502 0.562632
13.758536 0.562632
13.766872 0.562632
13.775208 0.562632
13.783544 0.562632
13.79188 0.562632
13.800216 0.562632
13.808552 0.562632
13.816888 0.562632
13.825224 0.562632
13.83356 0.562632
13.841896 0.562632
13.850232 0.562632
13.858568 0.562632
13.866904 0.562632
13.87524 0.562632
13.883576 0.562632
13.891912 0.562632
13.900248 0.562632
13.908584 0.562632
13.91692 0.562632
13.925256 0.562632
13.933592 0.562632
13.941928 0.562632
13.950264 0.562632
13.9586 0.562632
13.966936 0.562632
13.975272 0.562632
13.983608 0.562632
13.991944 0.562632
14.00028 0.562632
14.008616 0.562632
14.016952 0.562632
14.025288 0.562632
14.033624 0.562632
14.04196 0.562632
14.050296 0.562632
14.058632 0.562632
14.066968 0.562632
14.075304 0.562632
14.08364 0.562632
14.091976 0.562632
14.100312 0.562632
14.108648 0.562632
14.116984 0.562632
14.12532 0.562632
14.133656 0.562632
14.141992 0.562632
14.150328 0.562632
14.158664 0.562632
14.167 0.562632
14.175336 0.562632
14.183672 0.562632
14.192008 0.562632
14.200344 0.562632
14.20868 0.562632
14.217016 0.562632
14.225352 0.562632
14.233688 0.562632
14.242024 0.562632
14.25036 0.562632
14.258696 0.562632
14.267032 0.562632
14.275368 0.562632
14.283704 0.562632
14.29204 0.562632
14.300376 0.562632
14.308712 0.562632
14.317048 0.562632
14.325384 0.562632
14.33372 0.562632
14.342056 0.562632
14.350392 0.562632
14.358728 0.562632
14.367064 0.562632
14.3754 0.562632
14.383736 0.562632
14.392072 0.562632
14.400408 0.562632
14.408744 0.562632
14.41708 0.562632
14.425416 0.562632
14.433752 0.562632
14.442088 0.562632
14.450424 0.562632
14.45876 0.562632
14.467096 0.562632
14.475432 0.562632
14.483768 0.562632
14.492104 0.562632
14.50044 0.562632
14.508776 0.562632
14.517112 0.562632
14.525448 0.562632
14.533784 0.562632
14.54212 0.562632
14.550456 0.562632
14.558792 0.562632
14.567128 0.562632
14.575464 0.562632
14.5838 0.562632
14.592136 0.562632
14.600472 0.562632
14.608808 0.562632
14.617144 0.562632
14.62548 0.562632
14.633816 0.562632
14.642152 0.562632
14.650488 0.562632
14.658824 0.562632
14.66716 0.562632
14.675496 0.562632
14.683832 0.562632
14.692168 0.562632
14.700504 0.562632
14.70884 0.562632
14.717176 0.562632
14.725512 0.562632
14.733848 0.562632
14.742184 0.562632
14.75052 0.562632
14.758856 0.562632
14.767192 0.562632
14.775528 0.562632
14.783864 0.562632
14.7922 0.562632
14.800536 0.562632
14.808872 0.562632
14.817208 0.562632
14.825544 0.562632
14.83388 0.562632
14.842216 0.562632
14.850552 0.562632
14.858888 0.562632
14.867224 0.562632
14.87556 0.562632
14.883896 0.562632
14.892232 0.562632
14.900568 0.562632
14.908904 0.562632
14.91724 0.562632
14.925576 0.562632
14.933912 0.562632
14.942248 0.562632
14.950584 0.562632
14.95892 0.562632
14.967256 0.562632
14.975592 0.562632
14.983928 0.562632
14.992264 0.562632
15.0006 0.562632
15.008936 0.562632
15.017272 0.562632
15.025608 0.562632
15.033944 0.562632
15.04228 0.562632
15.050616 0.562632
15.058952 0.562632
15.067288 0.562632
15.075624 0.562632
15.08396 0.562632
15.092296 0.562632
15.100632 0.562632
15.108968 0.562632
15.117304 0.562632
15.12564 0.562632
15.133976 0.562632
15.142312 0.562632
15.150648 0.562632
15.158984 0.562632
15.16732 0.562632
15.175656 0.562632
15.183992 0.562632
15.192328 0.562632
15.200664 0.562632
15.209 0.562632
15.217336 0.562632
15.225672 0.562632
15.234008 0.562632
15.242344 0.562632
15.25068 0.562632
15.259016 0.562632
15.267352 0.562632
15.275688 0.562632
15.284024 0.562632
15.29236 0.562632
15.300696 0.562632
15.309032 0.562632
15.317368 0.562632
15.325704 0.562632
15.33404 0.562632
15.342376 0.562632
15.350712 0.562632
15.359048 0.562632
15.367384 0.562632
15.37572 0.562632
15.384056 0.562632
15.392392 0.562632
15.400728 0.562632
15.409064 0.562632
15.4174 0.562632
15.425736 0.562632
15.434072 0.562632
15.442408 0.562632
15.450744 0.562632
15.45908 0.562632
15.467416 0.562632
15.475752 0.562632
15.484088 0.562632
15.492424 0.562632
15.50076 0.562632
15.509096 0.562632
15.517432 0.562632
15.525768 0.562632
15.534104 0.562632
15.54244 0.562632
15.550776 0.562632
15.559112 0.562632
15.567448 0.562632
15.575784 0.562632
15.58412 0.562632
15.592456 0.562632
15.600792 0.562632
15.609128 0.562632
15.617464 0.562632
15.6258 0.562632
15.634136 0.562632
15.642472 0.562632
15.650808 0.562632
15.659144 0.562632
15.66748 0.562632
15.675816 0.562632
15.684152 0.562632
15.692488 0.562632
15.700824 0.562632
15.70916 0.562632
15.717496 0.562632
15.725832 0.562632
15.734168 0.562632
15.742504 0.562632
15.75084 0.562632
15.759176 0.562632
15.767512 0.562632
15.775848 0.562632
15.784184 0.562632
15.79252 0.562632
15.800856 0.562632
15.809192 0.562632
15.817528 0.562632
15.825864 0.562632
15.8342 0.562632
15.842536 0.562632
15.850872 0.562632
15.859208 0.562632
15.867544 0.562632
15.87588 0.562632
15.884216 0.562632
15.892552 0.562632
15.900888 0.562632
15.909224 0.562632
15.91756 0.562632
15.925896 0.562632
15.934232 0.562632
15.942568 0.562632
15.950904 0.562632
15.95924 0.562632
15.967576 0.562632
15.975912 0.562632
15.984248 0.562632
15.992584 0.562632
16.00092 0.562632
16.009256 0.562632
16.017592 0.562632
16.025928 0.562632
16.034264 0.562632
16.0426 0.562632
16.050936 0.562632
16.059272 0.562632
16.067608 0.562632
16.075944 0.562632
16.08428 0.562632
16.092616 0.562632
16.100952 0.562632
16.109288 0.562632
16.117624 0.562632
16.12596 0.562632
16.134296 0.562632
16.142632 0.562632
16.150968 0.562632
16.159304 0.562632
16.16764 0.562632
16.175976 0.562632
16.184312 0.562632
16.192648 0.562632
16.200984 0.562632
16.20932 0.562632
16.217656 0.562632
16.225992 0.562632
16.234328 0.562632
16.242664 0.562632
16.251 0.562632
16.259336 0.562632
16.267672 0.562632
16.276008 0.562632
16.284344 0.562632
16.29268 0.562632
16.301016 0.562632
16.309352 0.562632
16.317688 0.562632
16.326024 0.562632
16.33436 0.562632
16.342696 0.562632
16.351032 0.562632
16.359368 0.562632
16.367704 0.562632
16.37604 0.562632
16.384376 0.562632
16.392712 0.562632
16.401048 0.562632
16.409384 0.562632
16.41772 0.562632
16.426056 0.562632
16.434392 0.562632
16.442728 0.562632
16.451064 0.562632
16.4594 0.562632
16.467736 0.562632
16.476072 0.562632
16.484408 0.562632
16.492744 0.562632
16.50108 0.562632
16.509416 0.562632
16.517752 0.562632
16.526088 0.562632
16.534424 0.562632
16.54276 0.562632
16.551096 0.562632
16.559432 0.562632
16.567768 0.562632
16.576104 0.562632
16.58444 0.562632
16.592776 0.562632
16.601112 0.562632
16.609448 0.562632
16.617784 0.562632
16.62612 0.562632
16.634456 0.562632
16.642792 0.562632
16.651128 0.562632
16.659464 0.562632
16.6678 0.562632
16.676136 0.562632
16.684472 0.562632
16.692808 0.562632
16.701144 0.562632
16.70948 0.562632
16.717816 0.562632
16.726152 0.562632
16.734488 0.562632
16.742824 0.562632
16.75116 0.562632
16.759496 0.562632
16.767832 0.562632
16.776168 0.562632
16.784504 0.562632
16.79284 0.562632
16.801176 0.562632
16.809512 0.562632
16.817848 0.562632
16.826184 0.562632
16.83452 0.562632
16.842856 0.562632
16.851192 0.562632
16.859528 0.562632
16.867864 0.562632
16.8762 0.562632
16.884536 0.562632
16.892872 0.562632
16.901208 0.562632
16.909544 0.562632
16.91788 0.562632
16.926216 0.562632
16.934552 0.562632
16.942888 0.562632
16.951224 0.562632
16.95956 0.562632
16.967896 0.562632
16.976232 0.562632
16.984568 0.562632
16.992904 0.562632
17.00124 0.562632
17.009576 0.562632
17.017912 0.562632
17.026248 0.562632
17.034584 0.562632
17.04292 0.562632
17.051256 0.562632
17.059592 0.562632
17.067928 0.562632
17.076264 0.562632
17.0846 0.562632
17.092936 0.562632
17.101272 0.562632
17.109608 0.562632
17.117944 0.562632
17.12628 0.562632
17.134616 0.562632
17.142952 0.562632
17.151288 0.562632
17.159624 0.562632
17.16796 0.562632
17.176296 0.562632
17.184632 0.562632
17.192968 0.562632
17.201304 0.562632
17.20964 0.562632
17.217976 0.562632
17.226312 0.562632
17.234648 0.562632
17.242984 0.562632
17.25132 0.562632
17.259656 0.562632
17.267992 0.562632
17.276328 0.562632
17.284664 0.562632
17.293 0.562632
17.301336 0.562632
17.309672 0.562632
17.318008 0.562632
17.326344 0.562632
17.33468 0.562632
17.343016 0.562632
17.351352 0.562632
17.359688 0.562632
17.368024 0.562632
17.37636 0.562632
17.384696 0.562632
17.393032 0.562632
17.401368 0.562632
17.409704 0.562632
17.41804 0.562632
17.426376 0.562632
17.434712 0.562632
17.443048 0.562632
17.451384 0.562632
17.45972 0.562632
17.468056 0.562632
17.476392 0.562632
17.484728 0.562632
17.493064 0.562632
17.5014 0.562632
17.509736 0.562632
17.518072 0.562632
17.526408 0.562632
17.534744 0.562632
17.54308 0.562632
17.551416 0.562632
17.559752 0.562632
17.568088 0.562632
17.576424 0.562632
17.58476 0.562632
17.593096 0.562632
17.601432 0.562632
17.609768 0.562632
17.618104 0.562632
17.62644 0.562632
17.634776 0.562632
17.643112 0.562632
17.651448 0.562632
17.659784 0.562632
17.66812 0.562632
17.676456 0.562632
17.684792 0.562632
17.693128 0.562632
17.701464 0.562632
17.7098 0.562632
17.718136 0.562632
17.726472 0.562632
17.734808 0.562632
17.743144 0.562632
17.75148 0.562632
17.759816 0.562632
17.768152 0.562632
17.776488 0.562632
17.784824 0.562632
17.79316 0.562632
17.801496 0.562632
17.809832 0.562632
17.818168 0.562632
17.826504 0.562632
17.83484 0.562632
17.843176 0.562632
17.851512 0.562632
17.859848 0.562632
17.868184 0.562632
17.87652 0.562632
17.884856 0.562632
17.893192 0.562632
17.901528 0.562632
17.909864 0.562632
17.9182 0.562632
17.926536 0.562632
17.934872 0.562632
17.943208 0.562632
17.951544 0.562632
17.95988 0.562632
17.968216 0.562632
17.976552 0.562632
17.984888 0.562632
17.993224 0.562632
18.00156 0.562632
18.009896 0.562632
18.018232 0.562632
18.026568 0.562632
18.034904 0.562632
18.04324 0.562632
18.051576 0.562632
18.059912 0.562632
18.068248 0.562632
18.076584 0.562632
18.08492 0.562632
18.093256 0.562632
18.101592 0.562632
18.109928 0.562632
18.118264 0.562632
18.1266 0.562632
18.134936 0.562632
18.143272 0.562632
18.151608 0.562632
18.159944 0.562632
18.16828 0.562632
18.176616 0.562632
18.184952 0.562632
18.193288 0.562632
18.201624 0.562632
18.20996 0.562632
18.218296 0.562632
18.226632 0.562632
18.234968 0.562632
18.243304 0.562632
18.25164 0.562632
18.259976 0.562632
18.268312 0.562632
18.276648 0.562632
18.284984 0.562632
18.29332 0.562632
18.301656 0.562632
18.309992 0.562632
18.318328 0.562632
18.326664 0.562632
18.335 0.562632
18.343336 0.562632
18.351672 0.562632
18.360008 0.562632
18.368344 0.562632
18.37668 0.562632
18.385016 0.562632
18.393352 0.562632
18.401688 0.562632
18.410024 0.562632
18.41836 0.562632
18.426696 0.562632
18.435032 0.562632
18.443368 0.562632
18.451704 0.562632
18.46004 0.562632
18.468376 0.562632
18.476712 0.562632
18.485048 0.562632
18.493384 0.562632
18.50172 0.562632
18.510056 0.562632
18.518392 0.562632
18.526728 0.562632
18.535064 0.562632
18.5434 0.562632
18.551736 0.562632
18.560072 0.562632
18.568408 0.562632
18.576744 0.562632
18.58508 0.562632
18.593416 0.562632
18.601752 0.562632
18.610088 0.562632
18.618424 0.562632
18.62676 0.562632
18.635096 0.562632
18.643432 0.562632
18.651768 0.562632
18.660104 0.562632
18.66844 0.562632
18.676776 0.562632
18.685112 0.562632
18.693448 0.562632
18.701784 0.562632
18.71012 0.562632
18.718456 0.562632
18.726792 0.562632
18.735128 0.562632
18.743464 0.562632
18.7518 0.562632
18.760136 0.562632
18.768472 0.562632
18.776808 0.562632
18.785144 0.562632
18.79348 0.562632
18.801816 0.562632
18.810152 0.562632
18.818488 0.562632
18.826824 0.562632
18.83516 0.562632
18.843496 0.562632
18.851832 0.562632
18.860168 0.562632
18.868504 0.562632
18.87684 0.562632
18.885176 0.562632
18.893512 0.562632
18.901848 0.562632
18.910184 0.562632
18.91852 0.562632
18.926856 0.562632
18.935192 0.562632
18.943528 0.562632
18.951864 0.562632
18.9602 0.562632
18.968536 0.562632
18.976872 0.562632
18.985208 0.562632
18.993544 0.562632
19.00188 0.562632
19.010216 0.562632
19.018552 0.562632
19.026888 0.562632
19.035224 0.562632
19.04356 0.562632
19.051896 0.562632
19.060232 0.562632
19.068568 0.562632
19.076904 0.562632
19.08524 0.562632
19.093576 0.562632
19.101912 0.562632
19.110248 0.562632
19.118584 0.562632
19.12692 0.562632
19.135256 0.562632
19.143592 0.562632
19.151928 0.562632
19.160264 0.562632
19.1686 0.562632
19.176936 0.562632
19.185272 0.562632
19.193608 0.562632
19.201944 0.562632
19.21028 0.562632
19.218616 0.562632
19.226952 0.562632
19.235288 0.562632
19.243624 0.562632
19.25196 0.562632
19.260296 0.562632
19.268632 0.562632
19.276968 0.562632
19.285304 0.562632
19.29364 0.562632
19.301976 0.562632
19.310312 0.562632
19.318648 0.562632
19.326984 0.562632
19.33532 0.562632
19.343656 0.562632
19.351992 0.562632
19.360328 0.562632
19.368664 0.562632
19.377 0.562632
19.385336 0.562632
19.393672 0.562632
19.402008 0.562632
19.410344 0.562632
19.41868 0.562632
19.427016 0.562632
19.435352 0.562632
19.443688 0.562632
19.452024 0.562632
19.46036 0.562632
19.468696 0.562632
19.477032 0.562632
19.485368 0.562632
19.493704 0.562632
19.50204 0.562632
19.510376 0.562632
19.518712 0.562632
19.527048 0.562632
19.535384 0.562632
19.54372 0.562632
19.552056 0.562632
19.560392 0.562632
19.568728 0.562632
19.577064 0.562632
19.5854 0.562632
19.593736 0.562632
19.602072 0.562632
19.610408 0.562632
19.618744 0.562632
19.62708 0.562632
19.635416 0.562632
19.643752 0.562632
19.652088 0.562632
19.660424 0.562632
19.66876 0.562632
19.677096 0.562632
19.685432 0.562632
19.693768 0.562632
19.702104 0.562632
19.71044 0.562632
19.718776 0.562632
19.727112 0.562632
19.735448 0.562632
19.743784 0.562632
19.75212 0.562632
19.760456 0.562632
19.768792 0.562632
19.777128 0.562632
19.785464 0.562632
19.7938 0.562632
19.802136 0.562632
19.810472 0.562632
19.818808 0.562632
19.827144 0.562632
19.83548 0.562632
19.843816 0.562632
19.852152 0.562632
19.860488 0.562632
19.868824 0.562632
19.87716 0.562632
19.885496 0.562632
19.893832 0.562632
19.902168 0.562632
19.910504 0.562632
19.91884 0.562632
19.927176 0.562632
19.935512 0.562632
19.943848 0.562632
19.952184 0.562632
19.96052 0.562632
19.968856 0.562632
19.977192 0.562632
19.985528 0.562632
19.993864 0.562632
20.0022 0.562632
20.010536 0.562632
20.018872 0.562632
20.027208 0.562632
20.035544 0.562632
20.04388 0.562632
20.052216 0.562632
20.060552 0.562632
20.068888 0.562632
20.077224 0.562632
20.08556 0.562632
20.093896 0.562632
20.102232 0.562632
20.110568 0.562632
20.118904 0.562632
20.12724 0.562632
20.135576 0.562632
20.143912 0.562632
20.152248 0.562632
20.160584 0.562632
20.16892 0.562632
20.177256 0.562632
20.185592 0.562632
20.193928 0.562632
20.202264 0.562632
20.2106 0.562632
20.218936 0.562632
20.227272 0.562632
20.235608 0.562632
20.243944 0.562632
20.25228 0.562632
20.260616 0.562632
20.268952 0.562632
20.277288 0.562632
20.285624 0.562632
20.29396 0.562632
20.302296 0.562632
20.310632 0.562632
20.318968 0.562632
20.327304 0.562632
20.33564 0.562632
20.343976 0.562632
20.352312 0.562632
20.360648 0.562632
20.368984 0.562632
20.37732 0.562632
20.385656 0.562632
20.393992 0.562632
20.402328 0.562632
20.410664 0.562632
20.419 0.562632
20.427336 0.562632
20.435672 0.562632
20.444008 0.562632
20.452344 0.562632
20.46068 0.562632
20.469016 0.562632
20.477352 0.562632
20.485688 0.562632
20.494024 0.562632
20.50236 0.562632
20.510696 0.562632
20.519032 0.562632
20.527368 0.562632
20.535704 0.562632
20.54404 0.562632
20.552376 0.562632
20.560712 0.562632
20.569048 0.562632
20.577384 0.562632
20.58572 0.562632
20.594056 0.562632
20.602392 0.562632
20.610728 0.562632
20.619064 0.562632
20.6274 0.562632
20.635736 0.562632
20.644072 0.562632
20.652408 0.562632
20.660744 0.562632
20.66908 0.562632
20.677416 0.562632
20.685752 0.562632
20.694088 0.562632
20.702424 0.562632
20.71076 0.562632
20.719096 0.562632
20.727432 0.562632
20.735768 0.562632
20.744104 0.562632
20.75244 0.562632
20.760776 0.562632
20.769112 0.562632
20.777448 0.562632
20.785784 0.562632
20.79412 0.562632
20.802456 0.562632
20.810792 0.562632
20.819128 0.562632
20.827464 0.562632
20.8358 0.562632
20.844136 0.562632
20.852472 0.562632
20.860808 0.562632
20.869144 0.562632
20.87748 0.562632
20.885816 0.562632
20.894152 0.562632
20.902488 0.562632
20.910824 0.562632
20.91916 0.562632
20.927496 0.562632
20.935832 0.562632
20.944168 0.562632
20.952504 0.562632
20.96084 0.562632
20.969176 0.562632
20.977512 0.562632
20.985848 0.562632
20.994184 0.562632
21.00252 0.562632
21.010856 0.562632
21.019192 0.562632
21.027528 0.562632
21.035864 0.562632
21.0442 0.562632
21.052536 0.562632
21.060872 0.562632
21.069208 0.562632
21.077544 0.562632
21.08588 0.562632
21.094216 0.562632
21.102552 0.562632
21.110888 0.562632
21.119224 0.562632
21.12756 0.562632
21.135896 0.562632
21.144232 0.562632
21.152568 0.562632
21.160904 0.562632
21.16924 0.562632
21.177576 0.562632
21.185912 0.562632
21.194248 0.562632
21.202584 0.562632
21.21092 0.562632
21.219256 0.562632
21.227592 0.562632
21.235928 0.562632
21.244264 0.562632
21.2526 0.562632
21.260936 0.562632
21.269272 0.562632
21.277608 0.562632
21.285944 0.562632
21.29428 0.562632
21.302616 0.562632
21.310952 0.562632
21.319288 0.562632
21.327624 0.562632
21.33596 0.562632
21.344296 0.562632
21.352632 0.562632
21.360968 0.562632
21.369304 0.562632
21.37764 0.562632
21.385976 0.562632
21.394312 0.562632
21.402648 0.562632
21.410984 0.562632
21.41932 0.562632
21.427656 0.562632
21.435992 0.562632
21.444328 0.562632
21.452664 0.562632
21.461 0.562632
21.469336 0.562632
21.477672 0.562632
21.486008 0.562632
21.494344 0.562632
21.50268 0.562632
21.511016 0.562632
21.519352 0.562632
21.527688 0.562632
21.536024 0.562632
21.54436 0.562632
21.552696 0.562632
21.561032 0.562632
21.569368 0.562632
21.577704 0.562632
21.58604 0.562632
21.594376 0.562632
21.602712 0.562632
21.611048 0.562632
21.619384 0.562632
21.62772 0.562632
21.636056 0.562632
21.644392 0.562632
21.652728 0.562632
21.661064 0.562632
21.6694 0.562632
21.677736 0.562632
21.686072 0.562632
21.694408 0.562632
21.702744 0.562632
21.71108 0.562632
21.719416 0.562632
21.727752 0.562632
21.736088 0.562632
21.744424 0.562632
21.75276 0.562632
21.761096 0.562632
21.769432 0.562632
21.777768 0.562632
21.786104 0.562632
21.79444 0.562632
21.802776 0.562632
21.811112 0.562632
21.819448 0.562632
21.827784 0.562632
21.83612 0.562632
21.844456 0.562632
21.852792 0.562632
21.861128 0.562632
21.869464 0.562632
21.8778 0.562632
21.886136 0.562632
21.894472 0.562632
21.902808 0.562632
21.911144 0.562632
21.91948 0.562632
21.927816 0.562632
21.936152 0.562632
21.944488 0.562632
21.952824 0.562632
21.96116 0.562632
21.969496 0.562632
21.977832 0.562632
21.986168 0.562632
21.994504 0.562632
22.00284 0.562632
22.011176 0.562632
22.019512 0.562632
22.027848 0.562632
22.036184 0.562632
22.04452 0.562632
22.052856 0.562632
22.061192 0.562632
22.069528 0.562632
22.077864 0.562632
22.0862 0.562632
22.094536 0.562632
22.102872 0.562632
22.111208 0.562632
22.119544 0.562632
22.12788 0.562632
22.136216 0.562632
22.144552 0.562632
22.152888 0.562632
22.161224 0.562632
22.16956 0.562632
22.177896 0.562632
22.186232 0.562632
22.194568 0.562632
22.202904 0.562632
22.21124 0.562632
22.219576 0.562632
22.227912 0.562632
22.236248 0.562632
22.244584 0.562632
22.25292 0.562632
22.261256 0.562632
22.269592 0.562632
22.277928 0.562632
22.286264 0.562632
22.2946 0.562632
22.302936 0.562632
22.311272 0.562632
22.319608 0.562632
22.327944 0.562632
22.33628 0.562632
22.344616 0.562632
22.352952 0.562632
22.361288 0.562632
22.369624 0.562632
22.37796 0.562632
22.386296 0.562632
22.394632 0.562632
22.402968 0.562632
22.411304 0.562632
22.41964 0.562632
22.427976 0.562632
22.436312 0.562632
22.444648 0.562632
22.452984 0.562632
22.46132 0.562632
22.469656 0.562632
22.477992 0.562632
22.486328 0.562632
22.494664 0.562632
22.503 0.562632
22.511336 0.562632
22.519672 0.562632
22.528008 0.562632
22.536344 0.562632
22.54468 0.562632
22.553016 0.562632
22.561352 0.562632
22.569688 0.562632
22.578024 0.562632
22.58636 0.562632
22.594696 0.562632
22.603032 0.562632
22.611368 0.562632
22.619704 0.562632
22.62804 0.562632
22.636376 0.562632
22.644712 0.562632
22.653048 0.562632
22.661384 0.562632
22.66972 0.562632
22.678056 0.562632
22.686392 0.562632
22.694728 0.562632
22.703064 0.562632
22.7114 0.562632
22.719736 0.562632
22.728072 0.562632
22.736408 0.562632
22.744744 0.562632
22.75308 0.562632
22.761416 0.562632
22.769752 0.562632
22.778088 0.562632
22.786424 0.562632
22.79476 0.562632
22.803096 0.562632
22.811432 0.562632
22.819768 0.562632
22.828104 0.562632
22.83644 0.562632
22.844776 0.562632
22.853112 0.562632
22.861448 0.562632
22.869784 0.562632
22.87812 0.562632
22.886456 0.562632
22.894792 0.562632
22.903128 0.562632
22.911464 0.562632
22.9198 0.562632
22.928136 0.562632
22.936472 0.562632
22.944808 0.562632
22.953144 0.562632
22.96148 0.562632
22.969816 0.562632
22.978152 0.562632
22.986488 0.562632
22.994824 0.562632
23.00316 0.562632
23.011496 0.562632
23.019832 0.562632
23.028168 0.562632
23.036504 0.562632
23.04484 0.562632
23.053176 0.562632
23.061512 0.562632
23.069848 0.562632
23.078184 0.562632
23.08652 0.562632
23.094856 0.562632
23.103192 0.562632
23.111528 0.562632
23.119864 0.562632
23.1282 0.562632
23.136536 0.562632
23.144872 0.562632
23.153208 0.562632
23.161544 0.562632
23.16988 0.562632
23.178216 0.562632
23.186552 0.562632
23.194888 0.562632
23.203224 0.562632
23.21156 0.562632
23.219896 0.562632
23.228232 0.562632
23.236568 0.562632
23.244904 0.562632
23.25324 0.562632
23.261576 0.562632
23.269912 0.562632
23.278248 0.562632
23.286584 0.562632
23.29492 0.562632
23.303256 0.562632
23.311592 0.562632
23.319928 0.562632
23.328264 0.562632
23.3366 0.562632
23.344936 0.562632
23.353272 0.562632
23.361608 0.562632
23.369944 0.562632
23.37828 0.562632
23.386616 0.562632
23.394952 0.562632
23.403288 0.562632
23.411624 0.562632
23.41996 0.562632
23.428296 0.562632
23.436632 0.562632
23.444968 0.562632
23.453304 0.562632
23.46164 0.562632
23.469976 0.562632
23.478312 0.562632
23.486648 0.562632
23.494984 0.562632
23.50332 0.562632
23.511656 0.562632
23.519992 0.562632
23.528328 0.562632
23.536664 0.562632
23.545 0.562632
23.553336 0.562632
23.561672 0.562632
23.570008 0.562632
23.578344 0.562632
23.58668 0.562632
23.595016 0.562632
23.603352 0.562632
23.611688 0.562632
23.620024 0.562632
23.62836 0.562632
23.636696 0.562632
23.645032 0.562632
23.653368 0.562632
23.661704 0.562632
23.67004 0.562632
23.678376 0.562632
23.686712 0.562632
23.695048 0.562632
23.703384 0.562632
23.71172 0.562632
23.720056 0.562632
23.728392 0.562632
23.736728 0.562632
23.745064 0.562632
23.7534 0.562632
23.761736 0.562632
23.770072 0.562632
23.778408 0.562632
23.786744 0.562632
23.79508 0.562632
23.803416 0.562632
23.811752 0.562632
23.820088 0.562632
23.828424 0.562632
23.83676 0.562632
23.845096 0.562632
23.853432 0.562632
23.861768 0.562632
23.870104 0.562632
23.87844 0.562632
23.886776 0.562632
23.895112 0.562632
23.903448 0.562632
23.911784 0.562632
23.92012 0.562632
23.928456 0.562632
23.936792 0.562632
23.945128 0.562632
23.953464 0.562632
23.9618 0.562632
23.970136 0.562632
23.978472 0.562632
23.986808 0.562632
23.995144 0.562632
24.00348 0.562632
24.011816 0.562632
24.020152 0.562632
24.028488 0.562632
24.036824 0.562632
24.04516 0.562632
24.053496 0.562632
24.061832 0.562632
24.070168 0.562632
24.078504 0.562632
24.08684 0.562632
24.095176 0.562632
24.103512 0.562632
24.111848 0.562632
24.120184 0.562632
24.12852 0.562632
24.136856 0.562632
24.145192 0.562632
24.153528 0.562632
24.161864 0.562632
24.1702 0.562632
24.178536 0.562632
24.186872 0.562632
24.195208 0.562632
24.203544 0.562632
24.21188 0.562632
24.220216 0.562632
24.228552 0.562632
24.236888 0.562632
24.245224 0.562632
24.25356 0.562632
24.261896 0.562632
24.270232 0.562632
24.278568 0.562632
24.286904 0.562632
24.29524 0.562632
24.303576 0.562632
24.311912 0.562632
24.320248 0.562632
24.328584 0.562632
24.33692 0.562632
24.345256 0.562632
24.353592 0.562632
24.361928 0.562632
24.370264 0.562632
24.3786 0.562632
24.386936 0.562632
24.395272 0.562632
24.403608 0.562632
24.411944 0.562632
24.42028 0.562632
24.428616 0.562632
24.436952 0.562632
24.445288 0.562632
24.453624 0.562632
24.46196 0.562632
24.470296 0.562632
24.478632 0.562632
24.486968 0.562632
24.495304 0.562632
24.50364 0.562632
24.511976 0.562632
24.520312 0.562632
24.528648 0.562632
24.536984 0.562632
24.54532 0.562632
24.553656 0.562632
24.561992 0.562632
24.570328 0.562632
24.578664 0.562632
24.587 0.562632
24.595336 0.562632
24.603672 0.562632
24.612008 0.562632
24.620344 0.562632
24.62868 0.562632
24.637016 0.562632
24.645352 0.562632
24.653688 0.562632
24.662024 0.562632
24.67036 0.562632
24.678696 0.562632
24.687032 0.562632
24.695368 0.562632
24.703704 0.562632
24.71204 0.562632
24.720376 0.562632
24.728712 0.562632
24.737048 0.562632
24.745384 0.562632
24.75372 0.562632
24.762056 0.562632
24.770392 0.562632
24.778728 0.562632
24.787064 0.562632
24.7954 0.562632
24.803736 0.562632
24.812072 0.562632
24.820408 0.562632
24.828744 0.562632
24.83708 0.562632
24.845416 0.562632
24.853752 0.562632
24.862088 0.562632
24.870424 0.562632
24.87876 0.562632
24.887096 0.562632
24.895432 0.562632
24.903768 0.562632
24.912104 0.562632
24.92044 0.562632
24.928776 0.562632
24.937112 0.562632
24.945448 0.562632
24.953784 0.562632
24.96212 0.562632
24.970456 0.562632
24.978792 0.562632
24.987128 0.562632
24.995464 0.562632
25.0038 0.562632
25.012136 0.562632
25.020472 0.562632
25.028808 0.562632
25.037144 0.562632
25.04548 0.562632
25.053816 0.562632
25.062152 0.562632
25.070488 0.562632
25.078824 0.562632
25.08716 0.562632
25.095496 0.562632
25.103832 0.562632
25.112168 0.562632
25.120504 0.562632
25.12884 0.562632
25.137176 0.562632
25.145512 0.562632
25.153848 0.562632
25.162184 0.562632
25.17052 0.562632
25.178856 0.562632
25.187192 0.562632
25.195528 0.562632
25.203864 0.562632
25.2122 0.562632
25.220536 0.562632
25.228872 0.562632
25.237208 0.562632
25.245544 0.562632
25.25388 0.562632
25.262216 0.562632
25.270552 0.562632
25.278888 0.562632
25.287224 0.562632
25.29556 0.562632
25.303896 0.562632
25.312232 0.562632
25.320568 0.562632
25.328904 0.562632
25.33724 0.562632
25.345576 0.562632
25.353912 0.562632
25.362248 0.562632
25.370584 0.562632
25.37892 0.562632
25.387256 0.562632
25.395592 0.562632
25.403928 0.562632
25.412264 0.562632
25.4206 0.562632
25.428936 0.562632
25.437272 0.562632
25.445608 0.562632
25.453944 0.562632
25.46228 0.562632
25.470616 0.562632
25.478952 0.562632
25.487288 0.562632
25.495624 0.562632
25.50396 0.562632
25.512296 0.562632
25.520632 0.562632
25.528968 0.562632
25.537304 0.562632
25.54564 0.562632
25.553976 0.562632
25.562312 0.562632
25.570648 0.562632
25.578984 0.562632
25.58732 0.562632
25.595656 0.562632
25.603992 0.562632
25.612328 0.562632
25.620664 0.562632
25.629 0.562632
25.637336 0.562632
25.645672 0.562632
25.654008 0.562632
25.662344 0.562632
25.67068 0.562632
25.679016 0.562632
25.687352 0.562632
25.695688 0.562632
25.704024 0.562632
25.71236 0.562632
25.720696 0.562632
25.729032 0.562632
25.737368 0.562632
25.745704 0.562632
25.75404 0.562632
25.762376 0.562632
25.770712 0.562632
25.779048 0.562632
25.787384 0.562632
25.79572 0.562632
25.804056 0.562632
25.812392 0.562632
25.820728 0.562632
25.829064 0.562632
25.8374 0.562632
25.845736 0.562632
25.854072 0.562632
25.862408 0.562632
25.870744 0.562632
25.87908 0.562632
25.887416 0.562632
25.895752 0.562632
25.904088 0.562632
25.912424 0.562632
25.92076 0.562632
25.929096 0.562632
25.937432 0.562632
25.945768 0.562632
25.954104 0.562632
25.96244 0.562632
25.970776 0.562632
25.979112 0.562632
25.987448 0.562632
25.995784 0.562632
26.00412 0.562632
26.012456 0.562632
26.020792 0.562632
26.029128 0.562632
26.037464 0.562632
26.0458 0.562632
26.054136 0.562632
26.062472 0.562632
26.070808 0.562632
26.079144 0.562632
26.08748 0.562632
26.095816 0.562632
26.104152 0.562632
26.112488 0.562632
26.120824 0.562632
26.12916 0.562632
26.137496 0.562632
26.145832 0.562632
26.154168 0.562632
26.162504 0.562632
26.17084 0.562632
26.179176 0.562632
26.187512 0.562632
26.195848 0.562632
26.204184 0.562632
26.21252 0.562632
26.220856 0.562632
26.229192 0.562632
26.237528 0.562632
26.245864 0.562632
26.2542 0.562632
26.262536 0.562632
26.270872 0.562632
26.279208 0.562632
26.287544 0.562632
26.29588 0.562632
26.304216 0.562632
26.312552 0.562632
26.320888 0.562632
26.329224 0.562632
26.33756 0.562632
26.345896 0.562632
26.354232 0.562632
26.362568 0.562632
26.370904 0.562632
26.37924 0.562632
26.387576 0.562632
26.395912 0.562632
26.404248 0.562632
26.412584 0.562632
26.42092 0.562632
26.429256 0.562632
26.437592 0.562632
26.445928 0.562632
26.454264 0.562632
26.4626 0.562632
26.470936 0.562632
26.479272 0.562632
26.487608 0.562632
26.495944 0.562632
26.50428 0.562632
26.512616 0.562632
26.520952 0.562632
26.529288 0.562632
26.537624 0.562632
26.54596 0.562632
26.554296 0.562632
26.562632 0.562632
26.570968 0.562632
26.579304 0.562632
26.58764 0.562632
26.595976 0.562632
26.604312 0.562632
26.612648 0.562632
26.620984 0.562632
26.62932 0.562632
26.637656 0.562632
26.645992 0.562632
26.654328 0.562632
26.662664 0.562632
26.671 0.562632
26.679336 0.562632
26.687672 0.562632
26.696008 0.562632
26.704344 0.562632
26.71268 0.562632
26.721016 0.562632
26.729352 0.562632
26.737688 0.562632
26.746024 0.562632
26.75436 0.562632
26.762696 0.562632
26.771032 0.562632
26.779368 0.562632
26.787704 0.562632
26.79604 0.562632
26.804376 0.562632
26.812712 0.562632
26.821048 0.562632
26.829384 0.562632
26.83772 0.562632
26.846056 0.562632
26.854392 0.562632
26.862728 0.562632
26.871064 0.562632
26.8794 0.562632
26.887736 0.562632
26.896072 0.562632
26.904408 0.562632
26.912744 0.562632
26.92108 0.562632
26.929416 0.562632
26.937752 0.562632
26.946088 0.562632
26.954424 0.562632
26.96276 0.562632
26.971096 0.562632
26.979432 0.562632
26.987768 0.562632
26.996104 0.562632
27.00444 0.562632
27.012776 0.562632
27.021112 0.562632
27.029448 0.562632
27.037784 0.562632
27.04612 0.562632
27.054456 0.562632
27.062792 0.562632
27.071128 0.562632
27.079464 0.562632
27.0878 0.562632
27.096136 0.562632
27.104472 0.562632
27.112808 0.562632
27.121144 0.562632
27.12948 0.562632
27.137816 0.562632
27.146152 0.562632
27.154488 0.562632
27.162824 0.562632
27.17116 0.562632
27.179496 0.562632
27.187832 0.562632
27.196168 0.562632
27.204504 0.562632
27.21284 0.562632
27.221176 0.562632
27.229512 0.562632
27.237848 0.562632
27.246184 0.562632
27.25452 0.562632
27.262856 0.562632
27.271192 0.562632
27.279528 0.562632
27.287864 0.562632
27.2962 0.562632
27.304536 0.562632
27.312872 0.562632
27.321208 0.562632
27.329544 0.562632
27.33788 0.562632
27.346216 0.562632
27.354552 0.562632
27.362888 0.562632
27.371224 0.562632
27.37956 0.562632
27.387896 0.562632
27.396232 0.562632
27.404568 0.562632
27.412904 0.562632
27.42124 0.562632
27.429576 0.562632
27.437912 0.562632
27.446248 0.562632
27.454584 0.562632
27.46292 0.562632
27.471256 0.562632
27.479592 0.562632
27.487928 0.562632
27.496264 0.562632
27.5046 0.562632
27.512936 0.562632
27.521272 0.562632
27.529608 0.562632
27.537944 0.562632
27.54628 0.562632
27.554616 0.562632
27.562952 0.562632
27.571288 0.562632
27.579624 0.562632
27.58796 0.562632
27.596296 0.562632
27.604632 0.562632
27.612968 0.562632
27.621304 0.562632
27.62964 0.562632
27.637976 0.562632
27.646312 0.562632
27.654648 0.562632
27.662984 0.562632
27.67132 0.562632
27.679656 0.562632
27.687992 0.562632
27.696328 0.562632
27.704664 0.562632
27.713 0.562632
27.721336 0.562632
27.729672 0.562632
27.738008 0.562632
27.746344 0.562632
27.75468 0.562632
27.763016 0.562632
27.771352 0.562632
27.779688 0.562632
27.788024 0.562632
27.79636 0.562632
27.804696 0.562632
27.813032 0.562632
27.821368 0.562632
27.829704 0.562632
27.83804 0.562632
27.846376 0.562632
27.854712 0.562632
27.863048 0.562632
27.871384 0.562632
27.87972 0.562632
27.888056 0.562632
27.896392 0.562632
27.904728 0.562632
27.913064 0.562632
27.9214 0.562632
27.929736 0.562632
27.938072 0.562632
27.946408 0.562632
27.954744 0.562632
27.96308 0.562632
27.971416 0.562632
27.979752 0.562632
27.988088 0.562632
27.996424 0.562632
28.00476 0.562632
28.013096 0.562632
28.021432 0.562632
28.029768 0.562632
28.038104 0.562632
28.04644 0.562632
28.054776 0.562632
28.063112 0.562632
28.071448 0.562632
28.079784 0.562632
28.08812 0.562632
28.096456 0.562632
28.104792 0.562632
28.113128 0.562632
28.121464 0.562632
28.1298 0.562632
28.138136 0.562632
28.146472 0.562632
28.154808 0.562632
28.163144 0.562632
28.17148 0.562632
28.179816 0.562632
28.188152 0.562632
28.196488 0.562632
28.204824 0.562632
28.21316 0.562632
28.221496 0.562632
28.229832 0.562632
28.238168 0.562632
28.246504 0.562632
28.25484 0.562632
28.263176 0.562632
28.271512 0.562632
28.279848 0.562632
28.288184 0.562632
28.29652 0.562632
28.304856 0.562632
28.313192 0.562632
28.321528 0.562632
28.329864 0.562632
28.3382 0.562632
28.346536 0.562632
28.354872 0.562632
28.363208 0.562632
28.371544 0.562632
28.37988 0.562632
28.388216 0.562632
28.396552 0.562632
28.404888 0.562632
28.413224 0.562632
28.42156 0.562632
28.429896 0.562632
28.438232 0.562632
28.446568 0.562632
28.454904 0.562632
28.46324 0.562632
28.471576 0.562632
28.479912 0.562632
28.488248 0.562632
28.496584 0.562632
28.50492 0.562632
28.513256 0.562632
28.521592 0.562632
28.529928 0.562632
28.538264 0.562632
28.5466 0.562632
28.554936 0.562632
28.563272 0.562632
28.571608 0.562632
28.579944 0.562632
28.58828 0.562632
28.596616 0.562632
28.604952 0.562632
28.613288 0.562632
28.621624 0.562632
28.62996 0.562632
28.638296 0.562632
28.646632 0.562632
28.654968 0.562632
28.663304 0.562632
28.67164 0.562632
28.679976 0.562632
28.688312 0.562632
28.696648 0.562632
28.704984 0.562632
28.71332 0.562632
28.721656 0.562632
28.729992 0.562632
28.738328 0.562632
28.746664 0.562632
28.755 0.562632
28.763336 0.562632
28.771672 0.562632
28.780008 0.562632
28.788344 0.562632
28.79668 0.562632
28.805016 0.562632
28.813352 0.562632
28.821688 0.562632
28.830024 0.562632
28.83836 0.562632
28.846696 0.562632
28.855032 0.562632
28.863368 0.562632
28.871704 0.562632
28.88004 0.562632
28.888376 0.562632
28.896712 0.562632
28.905048 0.562632
28.913384 0.562632
28.92172 0.562632
28.930056 0.562632
28.938392 0.562632
28.946728 0.562632
28.955064 0.562632
28.9634 0.562632
28.971736 0.562632
28.980072 0.562632
28.988408 0.562632
28.996744 0.562632
29.00508 0.562632
29.013416 0.562632
29.021752 0.562632
29.030088 0.562632
29.038424 0.562632
29.04676 0.562632
29.055096 0.562632
29.063432 0.562632
29.071768 0.562632
29.080104 0.562632
29.08844 0.562632
29.096776 0.562632
29.105112 0.562632
29.113448 0.562632
29.121784 0.562632
29.13012 0.562632
29.138456 0.562632
29.146792 0.562632
29.155128 0.562632
29.163464 0.562632
29.1718 0.562632
29.180136 0.562632
29.188472 0.562632
29.196808 0.562632
29.205144 0.562632
29.21348 0.562632
29.221816 0.562632
29.230152 0.562632
29.238488 0.562632
29.246824 0.562632
29.25516 0.562632
29.263496 0.562632
29.271832 0.562632
29.280168 0.562632
29.288504 0.562632
29.29684 0.562632
29.305176 0.562632
29.313512 0.562632
29.321848 0.562632
29.330184 0.562632
29.33852 0.562632
29.346856 0.562632
29.355192 0.562632
29.363528 0.562632
29.371864 0.562632
29.3802 0.562632
29.388536 0.562632
29.396872 0.562632
29.405208 0.562632
29.413544 0.562632
29.42188 0.562632
29.430216 0.562632
29.438552 0.562632
29.446888 0.562632
29.455224 0.562632
29.46356 0.562632
29.471896 0.562632
29.480232 0.562632
29.488568 0.562632
29.496904 0.562632
29.50524 0.562632
29.513576 0.562632
29.521912 0.562632
29.530248 0.562632
29.538584 0.562632
29.54692 0.562632
29.555256 0.562632
29.563592 0.562632
29.571928 0.562632
29.580264 0.562632
29.5886 0.562632
29.596936 0.562632
29.605272 0.562632
29.613608 0.562632
29.621944 0.562632
29.63028 0.562632
29.638616 0.562632
29.646952 0.562632
29.655288 0.562632
29.663624 0.562632
29.67196 0.562632
29.680296 0.562632
29.688632 0.562632
29.696968 0.562632
29.705304 0.562632
29.71364 0.562632
29.721976 0.562632
29.730312 0.562632
29.738648 0.562632
29.746984 0.562632
29.75532 0.562632
29.763656 0.562632
29.771992 0.562632
29.780328 0.562632
29.788664 0.562632
29.797 0.562632
29.805336 0.562632
29.813672 0.562632
29.822008 0.562632
29.830344 0.562632
29.83868 0.562632
29.847016 0.562632
29.855352 0.562632
29.863688 0.562632
29.872024 0.562632
29.88036 0.562632
29.888696 0.562632
29.897032 0.562632
29.905368 0.562632
29.913704 0.562632
29.92204 0.562632
29.930376 0.562632
29.938712 0.562632
29.947048 0.562632
29.955384 0.562632
29.96372 0.562632
29.972056 0.562632
29.980392 0.562632
29.988728 0.562632
29.997064 0.562632
30.0054 0.562632
30.013736 0.562632
30.022072 0.562632
30.030408 0.562632
30.038744 0.562632
30.04708 0.562632
30.055416 0.562632
30.063752 0.562632
30.072088 0.562632
30.080424 0.562632
30.08876 0.562632
30.097096 0.562632
30.105432 0.562632
30.113768 0.562632
30.122104 0.562632
30.13044 0.562632
30.138776 0.562632
30.147112 0.562632
30.155448 0.562632
30.163784 0.562632
30.17212 0.562632
30.180456 0.562632
30.188792 0.562632
30.197128 0.562632
30.205464 0.562632
30.2138 0.562632
30.222136 0.562632
30.230472 0.562632
30.238808 0.562632
30.247144 0.562632
30.25548 0.562632
30.263816 0.562632
30.272152 0.562632
30.280488 0.562632
30.288824 0.562632
30.29716 0.562632
30.305496 0.562632
30.313832 0.562632
30.322168 0.562632
30.330504 0.562632
30.33884 0.562632
30.347176 0.562632
30.355512 0.562632
30.363848 0.562632
30.372184 0.562632
30.38052 0.562632
30.388856 0.562632
30.397192 0.562632
30.405528 0.562632
30.413864 0.562632
30.4222 0.562632
30.430536 0.562632
30.438872 0.562632
30.447208 0.562632
30.455544 0.562632
30.46388 0.562632
30.472216 0.562632
30.480552 0.562632
30.488888 0.562632
30.497224 0.562632
30.50556 0.562632
30.513896 0.562632
30.522232 0.562632
30.530568 0.562632
30.538904 0.562632
30.54724 0.562632
30.555576 0.562632
30.563912 0.562632
30.572248 0.562632
30.580584 0.562632
30.58892 0.562632
30.597256 0.562632
30.605592 0.562632
30.613928 0.562632
30.622264 0.562632
30.6306 0.562632
30.638936 0.562632
30.647272 0.562632
30.655608 0.562632
30.663944 0.562632
30.67228 0.562632
30.680616 0.562632
30.688952 0.562632
30.697288 0.562632
30.705624 0.562632
30.71396 0.562632
30.722296 0.562632
30.730632 0.562632
30.738968 0.562632
30.747304 0.562632
30.75564 0.562632
30.763976 0.562632
30.772312 0.562632
30.780648 0.562632
30.788984 0.562632
30.79732 0.562632
30.805656 0.562632
30.813992 0.562632
30.822328 0.562632
30.830664 0.562632
30.839 0.562632
30.847336 0.562632
30.855672 0.562632
30.864008 0.562632
30.872344 0.562632
30.88068 0.562632
30.889016 0.562632
30.897352 0.562632
30.905688 0.562632
30.914024 0.562632
30.92236 0.562632
30.930696 0.562632
30.939032 0.562632
30.947368 0.562632
30.955704 0.562632
30.96404 0.562632
30.972376 0.562632
30.980712 0.562632
30.989048 0.562632
30.997384 0.562632
31.00572 0.562632
31.014056 0.562632
31.022392 0.562632
31.030728 0.562632
31.039064 0.562632
31.0474 0.562632
31.055736 0.562632
31.064072 0.562632
31.072408 0.562632
31.080744 0.562632
31.08908 0.562632
31.097416 0.562632
31.105752 0.562632
31.114088 0.562632
31.122424 0.562632
31.13076 0.562632
31.139096 0.562632
31.147432 0.562632
31.155768 0.562632
31.164104 0.562632
31.17244 0.562632
31.180776 0.562632
31.189112 0.562632
31.197448 0.562632
31.205784 0.562632
31.21412 0.562632
31.222456 0.562632
31.230792 0.562632
31.239128 0.562632
31.247464 0.562632
31.2558 0.562632
31.264136 0.562632
31.272472 0.562632
31.280808 0.562632
31.289144 0.562632
31.29748 0.562632
31.305816 0.562632
31.314152 0.562632
31.322488 0.562632
31.330824 0.562632
31.33916 0.562632
31.347496 0.562632
31.355832 0.562632
31.364168 0.562632
31.372504 0.562632
31.38084 0.562632
31.389176 0.562632
31.397512 0.562632
31.405848 0.562632
31.414184 0.562632
31.42252 0.562632
31.430856 0.562632
31.439192 0.562632
31.447528 0.562632
31.455864 0.562632
31.4642 0.562632
31.472536 0.562632
31.480872 0.562632
31.489208 0.562632
31.497544 0.562632
31.50588 0.562632
31.514216 0.562632
31.522552 0.562632
31.530888 0.562632
31.539224 0.562632
31.54756 0.562632
31.555896 0.562632
31.564232 0.562632
31.572568 0.562632
31.580904 0.562632
31.58924 0.562632
31.597576 0.562632
31.605912 0.562632
31.614248 0.562632
31.622584 0.562632
31.63092 0.562632
31.639256 0.562632
31.647592 0.562632
31.655928 0.562632
31.664264 0.562632
31.6726 0.562632
31.680936 0.562632
31.689272 0.562632
31.697608 0.562632
31.705944 0.562632
31.71428 0.562632
31.722616 0.562632
31.730952 0.562632
31.739288 0.562632
31.747624 0.562632
31.75596 0.562632
31.764296 0.562632
31.772632 0.562632
31.780968 0.562632
31.789304 0.562632
31.79764 0.562632
31.805976 0.562632
31.814312 0.562632
31.822648 0.562632
31.830984 0.562632
31.83932 0.562632
31.847656 0.562632
31.855992 0.562632
31.864328 0.562632
31.872664 0.562632
31.881 0.562632
31.889336 0.562632
31.897672 0.562632
31.906008 0.562632
31.914344 0.562632
31.92268 0.562632
31.931016 0.562632
31.939352 0.562632
31.947688 0.562632
31.956024 0.562632
31.96436 0.562632
31.972696 0.562632
31.981032 0.562632
31.989368 0.562632
31.997704 0.562632
32.00604 0.562632
32.014376 0.562632
32.022712 0.562632
32.031048 0.562632
32.039384 0.562632
32.04772 0.562632
32.056056 0.562632
32.064392 0.562632
32.072728 0.562632
32.081064 0.562632
32.0894 0.562632
32.097736 0.562632
32.106072 0.562632
32.114408 0.562632
32.122744 0.562632
32.13108 0.562632
32.139416 0.562632
32.147752 0.562632
32.156088 0.562632
32.164424 0.562632
32.17276 0.562632
32.181096 0.562632
32.189432 0.562632
32.197768 0.562632
32.206104 0.562632
32.21444 0.562632
32.222776 0.562632
32.231112 0.562632
32.239448 0.562632
32.247784 0.562632
32.25612 0.562632
32.264456 0.562632
32.272792 0.562632
32.281128 0.562632
32.289464 0.562632
32.2978 0.562632
32.306136 0.562632
32.314472 0.562632
32.322808 0.562632
32.331144 0.562632
32.33948 0.562632
32.347816 0.562632
32.356152 0.562632
32.364488 0.562632
32.372824 0.562632
32.38116 0.562632
32.389496 0.562632
32.397832 0.562632
32.406168 0.562632
32.414504 0.562632
32.42284 0.562632
32.431176 0.562632
32.439512 0.562632
32.447848 0.562632
32.456184 0.562632
32.46452 0.562632
32.472856 0.562632
32.481192 0.562632
32.489528 0.562632
32.497864 0.562632
32.5062 0.562632
32.514536 0.562632
32.522872 0.562632
32.531208 0.562632
32.539544 0.562632
32.54788 0.562632
32.556216 0.562632
32.564552 0.562632
32.572888 0.562632
32.581224 0.562632
32.58956 0.562632
32.597896 0.562632
32.606232 0.562632
32.614568 0.562632
32.622904 0.562632
32.63124 0.562632
32.639576 0.562632
32.647912 0.562632
32.656248 0.562632
32.664584 0.562632
32.67292 0.562632
32.681256 0.562632
32.689592 0.562632
32.697928 0.562632
32.706264 0.562632
32.7146 0.562632
32.722936 0.562632
32.731272 0.562632
32.739608 0.562632
32.747944 0.562632
32.75628 0.562632
32.764616 0.562632
32.772952 0.562632
32.781288 0.562632
32.789624 0.562632
32.79796 0.562632
32.806296 0.562632
32.814632 0.562632
32.822968 0.562632
32.831304 0.562632
32.83964 0.562632
32.847976 0.562632
32.856312 0.562632
32.864648 0.562632
32.872984 0.562632
32.88132 0.562632
32.889656 0.562632
32.897992 0.562632
32.906328 0.562632
32.914664 0.562632
32.923 0.562632
32.931336 0.562632
32.939672 0.562632
32.948008 0.562632
32.956344 0.562632
32.96468 0.562632
32.973016 0.562632
32.981352 0.562632
32.989688 0.562632
32.998024 0.562632
33.00636 0.562632
33.014696 0.562632
33.023032 0.562632
33.031368 0.562632
33.039704 0.562632
33.04804 0.562632
33.056376 0.562632
33.064712 0.562632
33.073048 0.562632
33.081384 0.562632
33.08972 0.562632
33.098056 0.562632
33.106392 0.562632
33.114728 0.562632
33.123064 0.562632
33.1314 0.562632
33.139736 0.562632
33.148072 0.562632
33.156408 0.562632
33.164744 0.562632
33.17308 0.562632
33.181416 0.562632
33.189752 0.562632
33.198088 0.562632
33.206424 0.562632
33.21476 0.562632
33.223096 0.562632
33.231432 0.562632
33.239768 0.562632
33.248104 0.562632
33.25644 0.562632
33.264776 0.562632
33.273112 0.562632
33.281448 0.562632
33.289784 0.562632
33.29812 0.562632
33.306456 0.562632
33.314792 0.562632
33.323128 0.562632
33.331464 0.562632
33.3398 0.562632
33.348136 0.562632
33.356472 0.562632
33.364808 0.562632
33.373144 0.562632
33.38148 0.562632
33.389816 0.562632
33.398152 0.562632
33.406488 0.562632
33.414824 0.562632
33.42316 0.562632
33.431496 0.562632
33.439832 0.562632
33.448168 0.562632
33.456504 0.562632
33.46484 0.562632
33.473176 0.562632
33.481512 0.562632
33.489848 0.562632
33.498184 0.562632
33.50652 0.562632
33.514856 0.562632
33.523192 0.562632
33.531528 0.562632
33.539864 0.562632
33.5482 0.562632
33.556536 0.562632
33.564872 0.562632
33.573208 0.562632
33.581544 0.562632
33.58988 0.562632
33.598216 0.562632
33.606552 0.562632
33.614888 0.562632
33.623224 0.562632
33.63156 0.562632
33.639896 0.562632
33.648232 0.562632
33.656568 0.562632
33.664904 0.562632
33.67324 0.562632
33.681576 0.562632
33.689912 0.562632
33.698248 0.562632
33.706584 0.562632
33.71492 0.562632
33.723256 0.562632
33.731592 0.562632
33.739928 0.562632
33.748264 0.562632
33.7566 0.562632
33.764936 0.562632
33.773272 0.562632
33.781608 0.562632
33.789944 0.562632
33.79828 0.562632
33.806616 0.562632
33.814952 0.562632
33.823288 0.562632
33.831624 0.562632
33.83996 0.562632
33.848296 0.562632
33.856632 0.562632
33.864968 0.562632
33.873304 0.562632
33.88164 0.562632
33.889976 0.562632
33.898312 0.562632
33.906648 0.562632
33.914984 0.562632
33.92332 0.562632
33.931656 0.562632
33.939992 0.562632
33.948328 0.562632
33.956664 0.562632
33.965 0.562632
33.973336 0.562632
33.981672 0.562632
33.990008 0.562632
33.998344 0.562632
34.00668 0.562632
34.015016 0.562632
34.023352 0.562632
34.031688 0.562632
34.040024 0.562632
34.04836 0.562632
34.056696 0.562632
34.065032 0.562632
34.073368 0.562632
34.081704 0.562632
34.09004 0.562632
34.098376 0.562632
34.106712 0.562632
34.115048 0.562632
34.123384 0.562632
34.13172 0.562632
34.140056 0.562632
34.148392 0.562632
34.156728 0.562632
34.165064 0.562632
34.1734 0.562632
34.181736 0.562632
34.190072 0.562632
34.198408 0.562632
34.206744 0.562632
34.21508 0.562632
34.223416 0.562632
34.231752 0.562632
34.240088 0.562632
34.248424 0.562632
34.25676 0.562632
34.265096 0.562632
34.273432 0.562632
34.281768 0.562632
34.290104 0.562632
34.29844 0.562632
34.306776 0.562632
34.315112 0.562632
34.323448 0.562632
34.331784 0.562632
34.34012 0.562632
34.348456 0.562632
34.356792 0.562632
34.365128 0.562632
34.373464 0.562632
34.3818 0.562632
34.390136 0.562632
34.398472 0.562632
34.406808 0.562632
34.415144 0.562632
34.42348 0.562632
34.431816 0.562632
34.440152 0.562632
34.448488 0.562632
34.456824 0.562632
34.46516 0.562632
34.473496 0.562632
34.481832 0.562632
34.490168 0.562632
34.498504 0.562632
34.50684 0.562632
34.515176 0.562632
34.523512 0.562632
34.531848 0.562632
34.540184 0.562632
34.54852 0.562632
34.556856 0.562632
34.565192 0.562632
34.573528 0.562632
34.581864 0.562632
34.5902 0.562632
34.598536 0.562632
34.606872 0.562632
34.615208 0.562632
34.623544 0.562632
34.63188 0.562632
34.640216 0.562632
34.648552 0.562632
34.656888 0.562632
34.665224 0.562632
34.67356 0.562632
34.681896 0.562632
34.690232 0.562632
34.698568 0.562632
34.706904 0.562632
34.71524 0.562632
34.723576 0.562632
34.731912 0.562632
34.740248 0.562632
34.748584 0.562632
34.75692 0.562632
34.765256 0.562632
34.773592 0.562632
34.781928 0.562632
34.790264 0.562632
34.7986 0.562632
34.806936 0.562632
34.815272 0.562632
34.823608 0.562632
34.831944 0.562632
34.84028 0.562632
34.848616 0.562632
34.856952 0.562632
34.865288 0.562632
34.873624 0.562632
34.88196 0.562632
34.890296 0.562632
34.898632 0.562632
34.906968 0.562632
34.915304 0.562632
34.92364 0.562632
34.931976 0.562632
34.940312 0.562632
34.948648 0.562632
34.956984 0.562632
34.96532 0.562632
34.973656 0.562632
34.981992 0.562632
34.990328 0.562632
34.998664 0.562632
35.007 0.562632
35.015336 0.562632
35.023672 0.562632
35.032008 0.562632
35.040344 0.562632
35.04868 0.562632
35.057016 0.562632
35.065352 0.562632
35.073688 0.562632
35.082024 0.562632
35.09036 0.562632
35.098696 0.562632
35.107032 0.562632
35.115368 0.562632
35.123704 0.562632
35.13204 0.562632
35.140376 0.562632
35.148712 0.562632
35.157048 0.562632
35.165384 0.562632
35.17372 0.562632
35.182056 0.562632
35.190392 0.562632
35.198728 0.562632
35.207064 0.562632
35.2154 0.562632
35.223736 0.562632
35.232072 0.562632
35.240408 0.562632
35.248744 0.562632
35.25708 0.562632
35.265416 0.562632
35.273752 0.562632
35.282088 0.562632
35.290424 0.562632
35.29876 0.562632
35.307096 0.562632
35.315432 0.562632
35.323768 0.562632
35.332104 0.562632
35.34044 0.562632
35.348776 0.562632
35.357112 0.562632
35.365448 0.562632
35.373784 0.562632
35.38212 0.562632
35.390456 0.562632
35.398792 0.562632
35.407128 0.562632
35.415464 0.562632
35.4238 0.562632
35.432136 0.562632
35.440472 0.562632
35.448808 0.562632
35.457144 0.562632
35.46548 0.562632
35.473816 0.562632
35.482152 0.562632
35.490488 0.562632
35.498824 0.562632
35.50716 0.562632
35.515496 0.562632
35.523832 0.562632
35.532168 0.562632
35.540504 0.562632
35.54884 0.562632
35.557176 0.562632
35.565512 0.562632
35.573848 0.562632
35.582184 0.562632
35.59052 0.562632
35.598856 0.562632
35.607192 0.562632
35.615528 0.562632
35.623864 0.562632
35.6322 0.562632
35.640536 0.562632
35.648872 0.562632
35.657208 0.562632
35.665544 0.562632
35.67388 0.562632
35.682216 0.562632
35.690552 0.562632
35.698888 0.562632
35.707224 0.562632
35.71556 0.562632
35.723896 0.562632
35.732232 0.562632
35.740568 0.562632
35.748904 0.562632
35.75724 0.562632
35.765576 0.562632
35.773912 0.562632
35.782248 0.562632
35.790584 0.562632
35.79892 0.562632
35.807256 0.562632
35.815592 0.562632
35.823928 0.562632
35.832264 0.562632
35.8406 0.562632
35.848936 0.562632
35.857272 0.562632
35.865608 0.562632
35.873944 0.562632
35.88228 0.562632
35.890616 0.562632
35.898952 0.562632
35.907288 0.562632
35.915624 0.562632
35.92396 0.562632
35.932296 0.562632
35.940632 0.562632
35.948968 0.562632
35.957304 0.562632
35.96564 0.562632
35.973976 0.562632
35.982312 0.562632
35.990648 0.562632
35.998984 0.562632
36.00732 0.562632
36.015656 0.562632
36.023992 0.562632
36.032328 0.562632
36.040664 0.562632
36.049 0.562632
36.057336 0.562632
36.065672 0.562632
36.074008 0.562632
36.082344 0.562632
36.09068 0.562632
36.099016 0.562632
36.107352 0.562632
36.115688 0.562632
36.124024 0.562632
36.13236 0.562632
36.140696 0.562632
36.149032 0.562632
36.157368 0.562632
36.165704 0.562632
36.17404 0.562632
36.182376 0.562632
36.190712 0.562632
36.199048 0.562632
36.207384 0.562632
36.21572 0.562632
36.224056 0.562632
36.232392 0.562632
36.240728 0.562632
36.249064 0.562632
36.2574 0.562632
36.265736 0.562632
36.274072 0.562632
36.282408 0.562632
36.290744 0.562632
36.29908 0.562632
36.307416 0.562632
36.315752 0.562632
36.324088 0.562632
36.332424 0.562632
36.34076 0.562632
36.349096 0.562632
36.357432 0.562632
36.365768 0.562632
36.374104 0.562632
36.38244 0.562632
36.390776 0.562632
36.399112 0.562632
36.407448 0.562632
36.415784 0.562632
36.42412 0.562632
36.432456 0.562632
36.440792 0.562632
36.449128 0.562632
36.457464 0.562632
36.4658 0.562632
36.474136 0.562632
36.482472 0.562632
36.490808 0.562632
36.499144 0.562632
36.50748 0.562632
36.515816 0.562632
36.524152 0.562632
36.532488 0.562632
36.540824 0.562632
36.54916 0.562632
36.557496 0.562632
36.565832 0.562632
36.574168 0.562632
36.582504 0.562632
36.59084 0.562632
36.599176 0.562632
36.607512 0.562632
36.615848 0.562632
36.624184 0.562632
36.63252 0.562632
36.640856 0.562632
36.649192 0.562632
36.657528 0.562632
36.665864 0.562632
36.6742 0.562632
36.682536 0.562632
36.690872 0.562632
36.699208 0.562632
36.707544 0.562632
36.71588 0.562632
36.724216 0.562632
36.732552 0.562632
36.740888 0.562632
36.749224 0.562632
36.75756 0.562632
36.765896 0.562632
36.774232 0.562632
36.782568 0.562632
36.790904 0.562632
36.79924 0.562632
36.807576 0.562632
36.815912 0.562632
36.824248 0.562632
36.832584 0.562632
36.84092 0.562632
36.849256 0.562632
36.857592 0.562632
36.865928 0.562632
36.874264 0.562632
36.8826 0.562632
36.890936 0.562632
36.899272 0.562632
36.907608 0.562632
36.915944 0.562632
36.92428 0.562632
36.932616 0.562632
36.940952 0.562632
36.949288 0.562632
36.957624 0.562632
36.96596 0.562632
36.974296 0.562632
36.982632 0.562632
36.990968 0.562632
36.999304 0.562632
37.00764 0.562632
37.015976 0.562632
37.024312 0.562632
37.032648 0.562632
37.040984 0.562632
37.04932 0.562632
37.057656 0.562632
37.065992 0.562632
37.074328 0.562632
37.082664 0.562632
37.091 0.562632
37.099336 0.562632
37.107672 0.562632
37.116008 0.562632
37.124344 0.562632
37.13268 0.562632
37.141016 0.562632
37.149352 0.562632
37.157688 0.562632
37.166024 0.562632
37.17436 0.562632
37.182696 0.562632
37.191032 0.562632
37.199368 0.562632
37.207704 0.562632
37.21604 0.562632
37.224376 0.562632
37.232712 0.562632
37.241048 0.562632
37.249384 0.562632
37.25772 0.562632
37.266056 0.562632
37.274392 0.562632
37.282728 0.562632
37.291064 0.562632
37.2994 0.562632
37.307736 0.562632
37.316072 0.562632
37.324408 0.562632
37.332744 0.562632
37.34108 0.562632
37.349416 0.562632
37.357752 0.562632
37.366088 0.562632
37.374424 0.562632
37.38276 0.562632
37.391096 0.562632
37.399432 0.562632
37.407768 0.562632
37.416104 0.562632
37.42444 0.562632
37.432776 0.562632
37.441112 0.562632
37.449448 0.562632
37.457784 0.562632
37.46612 0.562632
37.474456 0.562632
37.482792 0.562632
37.491128 0.562632
37.499464 0.562632
37.5078 0.562632
37.516136 0.562632
37.524472 0.562632
37.532808 0.562632
37.541144 0.562632
37.54948 0.562632
37.557816 0.562632
37.566152 0.562632
37.574488 0.562632
37.582824 0.562632
37.59116 0.562632
37.599496 0.562632
37.607832 0.562632
37.616168 0.562632
37.624504 0.562632
37.63284 0.562632
37.641176 0.562632
37.649512 0.562632
37.657848 0.562632
37.666184 0.562632
37.67452 0.562632
37.682856 0.562632
37.691192 0.562632
37.699528 0.562632
37.707864 0.562632
37.7162 0.562632
37.724536 0.562632
37.732872 0.562632
37.741208 0.562632
37.749544 0.562632
37.75788 0.562632
37.766216 0.562632
37.774552 0.562632
37.782888 0.562632
37.791224 0.562632
37.79956 0.562632
37.807896 0.562632
37.816232 0.562632
37.824568 0.562632
37.832904 0.562632
37.84124 0.562632
37.849576 0.562632
37.857912 0.562632
37.866248 0.562632
37.874584 0.562632
37.88292 0.562632
37.891256 0.562632
37.899592 0.562632
37.907928 0.562632
37.916264 0.562632
37.9246 0.562632
37.932936 0.562632
37.941272 0.562632
37.949608 0.562632
37.957944 0.562632
37.96628 0.562632
37.974616 0.562632
37.982952 0.562632
37.991288 0.562632
37.999624 0.562632
38.00796 0.562632
38.016296 0.562632
38.024632 0.562632
38.032968 0.562632
38.041304 0.562632
38.04964 0.562632
38.057976 0.562632
38.066312 0.562632
38.074648 0.562632
38.082984 0.562632
38.09132 0.562632
38.099656 0.562632
38.107992 0.562632
38.116328 0.562632
38.124664 0.562632
38.133 0.562632
38.141336 0.562632
38.149672 0.562632
38.158008 0.562632
38.166344 0.562632
38.17468 0.562632
38.183016 0.562632
38.191352 0.562632
38.199688 0.562632
38.208024 0.562632
38.21636 0.562632
38.224696 0.562632
38.233032 0.562632
38.241368 0.562632
38.249704 0.562632
38.25804 0.562632
38.266376 0.562632
38.274712 0.562632
38.283048 0.562632
38.291384 0.562632
38.29972 0.562632
38.308056 0.562632
38.316392 0.562632
38.324728 0.562632
38.333064 0.562632
38.3414 0.562632
38.349736 0.562632
38.358072 0.562632
38.366408 0.562632
38.374744 0.562632
38.38308 0.562632
38.391416 0.562632
38.399752 0.562632
38.408088 0.562632
38.416424 0.562632
38.42476 0.562632
38.433096 0.562632
38.441432 0.562632
38.449768 0.562632
38.458104 0.562632
38.46644 0.562632
38.474776 0.562632
38.483112 0.562632
38.491448 0.562632
38.499784 0.562632
38.50812 0.562632
38.516456 0.562632
38.524792 0.562632
38.533128 0.562632
38.541464 0.562632
38.5498 0.562632
38.558136 0.562632
38.566472 0.562632
38.574808 0.562632
38.583144 0.562632
38.59148 0.562632
38.599816 0.562632
38.608152 0.562632
38.616488 0.562632
38.624824 0.562632
38.63316 0.562632
38.641496 0.562632
38.649832 0.562632
38.658168 0.562632
38.666504 0.562632
38.67484 0.562632
38.683176 0.562632
38.691512 0.562632
38.699848 0.562632
38.708184 0.562632
38.71652 0.562632
38.724856 0.562632
38.733192 0.562632
38.741528 0.562632
38.749864 0.562632
38.7582 0.562632
38.766536 0.562632
38.774872 0.562632
38.783208 0.562632
38.791544 0.562632
38.79988 0.562632
38.808216 0.562632
38.816552 0.562632
38.824888 0.562632
38.833224 0.562632
38.84156 0.562632
38.849896 0.562632
38.858232 0.562632
38.866568 0.562632
38.874904 0.562632
38.88324 0.562632
38.891576 0.562632
38.899912 0.562632
38.908248 0.562632
38.916584 0.562632
38.92492 0.562632
38.933256 0.562632
38.941592 0.562632
38.949928 0.562632
38.958264 0.562632
38.9666 0.562632
38.974936 0.562632
38.983272 0.562632
38.991608 0.562632
38.999944 0.562632
39.00828 0.562632
39.016616 0.562632
39.024952 0.562632
39.033288 0.562632
39.041624 0.562632
39.04996 0.562632
39.058296 0.562632
39.066632 0.562632
39.074968 0.562632
39.083304 0.562632
39.09164 0.562632
39.099976 0.562632
39.108312 0.562632
39.116648 0.562632
39.124984 0.562632
39.13332 0.562632
39.141656 0.562632
39.149992 0.562632
39.158328 0.562632
39.166664 0.562632
39.175 0.562632
39.183336 0.562632
39.191672 0.562632
39.200008 0.562632
39.208344 0.562632
39.21668 0.562632
39.225016 0.562632
39.233352 0.562632
39.241688 0.562632
39.250024 0.562632
39.25836 0.562632
39.266696 0.562632
39.275032 0.562632
39.283368 0.562632
39.291704 0.562632
39.30004 0.562632
39.308376 0.562632
39.316712 0.562632
39.325048 0.562632
39.333384 0.562632
39.34172 0.562632
39.350056 0.562632
39.358392 0.562632
39.366728 0.562632
39.375064 0.562632
39.3834 0.562632
39.391736 0.562632
39.400072 0.562632
39.408408 0.562632
39.416744 0.562632
39.42508 0.562632
39.433416 0.562632
39.441752 0.562632
39.450088 0.562632
39.458424 0.562632
39.46676 0.562632
39.475096 0.562632
39.483432 0.562632
39.491768 0.562632
39.500104 0.562632
39.50844 0.562632
39.516776 0.562632
39.525112 0.562632
39.533448 0.562632
39.541784 0.562632
39.55012 0.562632
39.558456 0.562632
39.566792 0.562632
39.575128 0.562632
39.583464 0.562632
39.5918 0.562632
39.600136 0.562632
39.608472 0.562632
39.616808 0.562632
39.625144 0.562632
39.63348 0.562632
39.641816 0.562632
39.650152 0.562632
39.658488 0.562632
39.666824 0.562632
39.67516 0.562632
39.683496 0.562632
39.691832 0.562632
39.700168 0.562632
39.708504 0.562632
39.71684 0.562632
39.725176 0.562632
39.733512 0.562632
39.741848 0.562632
39.750184 0.562632
39.75852 0.562632
39.766856 0.562632
39.775192 0.562632
39.783528 0.562632
39.791864 0.562632
39.8002 0.562632
39.808536 0.562632
39.816872 0.562632
39.825208 0.562632
39.833544 0.562632
39.84188 0.562632
39.850216 0.562632
39.858552 0.562632
39.866888 0.562632
39.875224 0.562632
39.88356 0.562632
39.891896 0.562632
39.900232 0.562632
39.908568 0.562632
39.916904 0.562632
39.92524 0.562632
39.933576 0.562632
39.941912 0.562632
39.950248 0.562632
39.958584 0.562632
39.96692 0.562632
39.975256 0.562632
39.983592 0.562632
39.991928 0.562632
