0.1 0.103200
0.2032 0.103200
0.3064 0.512800
0.3064 0.925600
0.8192 0.103200
0.9224 0.722400
0.9224 1.135200
1.232 0.103200
1.3352 1.135200
1.3352 1.548000
1.6448 0.103200
1.748 1.548000
1.748 1.960800
2.0576 0.103200
2.1608 1.960800
2.1608 2.373600
2.4704 0.103200
2.5736 2.373600
2.5736 2.786400
2.8832 0.103200
2.9864 2.786400
2.9864 3.199200
3.296 0.103200
3.3992 3.199200
3.3992 3.612000
3.7088 0.103200
3.812 3.612000
3.812 4.024800
4.1216 0.103200
4.2248 4.024800
4.2248 4.437600
4.5344 0.103200
4.6376 4.437600
4.6376 4.850400
4.9472 0.103200
5.0504 4.850400
5.0504 5.263200
5.36 0.103200
5.4632 5.263200
5.4632 5.676000
5.7728 0.103200
5.876 5.676000
5.876 6.088800
6.1856 0.103200
6.2888 6.088800
6.2888 6.501600
6.5984 0.103200
6.7016 6.501600
6.7016 6.914400
7.0112 0.103200
7.1144 6.914400
7.1144 7.327200
7.424 0.103200
7.5272 7.327200
7.5272 7.740000
7.8368 0.103200
7.94 7.740000
7.94 8.152800
8.2496 0.103200
8.3528 8.152800
8.6624 0.103200
8.7656 8.152800
9.0752 0.103200
9.1784 8.152800
9.488 0.103200
9.5912 8.152800
9.9008 0.103200
10.004 8.152800
10.3136 0.103200
10.4168 8.152800
10.7264 0.103200
10.8296 8.152800
11.1392 0.103200
11.2424 8.152800
11.552 0.103200
11.6552 8.152800
11.9648 0.103200
12.068 8.152800
12.3776 0.103200
12.4808 8.152800
12.7904 0.103200
12.8936 8.152800
13.2032 0.103200
13.3064 8.152800
13.616 0.103200
13.7192 8.152800
14.0288 0.103200
14.132 8.152800
14.4416 0.103200
14.5448 8.152800
14.8544 0.103200
14.9576 8.152800
15.2672 0.103200
15.3704 8.152800
15.68 0.103200
15.7832 8.152800
16.0928 0.103200
16.196 8.152800
16.5056 0.103200
16.6088 8.152800
16.9184 0.103200
17.0216 8.152800
17.3312 0.103200
17.4344 8.152800
17.744 0.103200
17.8472 8.152800
18.1568 0.103200
18.26 8.152800
18.5696 0.103200
18.6728 8.152800
18.9824 0.103200
19.0856 8.152800
19.3952 0.103200
19.4984 8.152800
19.808 0.103200
19.9112 8.152800
20.2208 0.103200
20.324 8.152800
20.6336 0.103200
20.7368 8.152800
21.0464 0.103200
21.1496 8.152800
21.4592 0.103200
21.5624 8.152800
21.872 0.103200
21.9752 8.152800
22.2848 0.103200
22.388 8.152800
22.6976 0.103200
22.8008 8.152800
23.1104 0.103200
23.2136 8.152800
23.5232 0.103200
23.6264 8.152800
23.936 0.103200
24.0392 8.152800
24.3488 0.103200
24.452 8.152800
24.7616 0.103200
24.8648 8.152800
25.1744 0.103200
25.2776 8.152800
25.5872 0.103200
25.6904 8.152800
26 0.103200
26.1032 8.152800
26.4128 0.103200
26.516 8.152800
26.8256 0.103200
26.9288 8.152800
27.2384 0.103200
27.3416 8.152800
27.6512 0.103200
27.7544 8.152800
28.064 0.103200
28.1672 8.152800
28.4768 0.103200
28.58 8.152800
28.8896 0.103200
28.9928 8.152800
29.3024 0.103200
29.4056 8.152800
29.7152 0.103200
29.8184 8.152800
30.128 0.103200
30.2312 8.152800
30.5408 0.103200
30.644 8.152800
30.9536 0.103200
31.0568 8.152800
31.3664 0.103200
31.4696 8.152800
31.7792 0.103200
31.8824 8.152800
32.192 0.103200
32.2952 8.152800
32.6048 0.103200
32.708 8.152800
33.0176 0.103200
33.1208 8.152800
33.4304 0.103200
33.5336 8.152800
33.8432 0.103200
33.9464 8.152800
34.256 0.103200
34.3592 8.152800
34.6688 0.103200
34.772 8.152800
35.0816 0.103200
35.1848 8.152800
35.4944 0.103200
35.5976 8.152800
35.9072 0.103200
36.0104 8.152800
36.32 0.103200
36.4232 8.152800
36.7328 0.103200
36.836 8.152800
37.1456 0.103200
37.2488 8.152800
37.5584 0.103200
37.6616 8.152800
37.9712 0.103200
38.0744 8.152800
38.384 0.103200
38.4872 8.152800
38.7968 0.103200
38.9 8.152800
39.2096 0.103200
39.3128 8.152800
39.6224 0.103200
39.7256 8.152800
40.0352 0.103200
40.448 0.103200
40.8608 0.103200
41.2736 0.103200
41.6864 0.103200
42.0992 0.103200
42.512 0.103200
42.9248 0.103200
43.3376 0.103200
43.7504 0.103200
44.1632 0.103200
44.576 0.103200
44.9888 0.103200
45.4016 0.103200
45.8144 0.103200
46.2272 0.103200
46.64 0.103200
47.0528 0.103200
47.4656 0.103200
47.8784 0.103200
