0.1 0.166000
0.1 0.174800
0.1124 0.178400
0.1124 0.187200
0.1248 0.190800
0.1248 0.199600
0.1372 0.203200
0.1372 0.212000
0.1496 0.215600
0.1496 0.224400
0.162 0.228000
0.162 0.236800
0.1744 0.240400
0.1744 0.249200
0.1868 0.252800
0.1868 0.261600
0.1992 0.265200
0.1992 0.274000
0.2116 0.277600
0.2116 0.286400
0.224 0.290000
0.224 0.298800
0.2364 0.302400
0.2364 0.311200
0.2488 0.314800
0.2488 0.323600
0.2612 0.327200
0.2612 0.336000
0.2736 0.339600
0.2736 0.348400
0.286 0.352000
0.286 0.360800
0.2984 0.364400
0.2984 0.373200
0.3108 0.376800
0.3108 0.385600
0.3232 0.389200
0.3232 0.398000
0.3356 0.401600
0.3356 0.410400
0.348 0.414000
0.348 0.422800
0.3604 0.426400
0.3604 0.435200
0.3728 0.438800
0.3728 0.447600
0.3852 0.451200
0.3852 0.460000
0.3976 0.463600
0.3976 0.472400
0.41 0.476000
0.41 0.484800
0.4224 0.488400
0.4224 0.497200
0.4348 0.500800
0.4348 0.509600
0.4472 0.513200
0.4472 0.522000
0.4596 0.525600
0.4596 0.534400
0.472 0.538000
0.472 0.546800
0.4844 0.550400
0.4844 0.559200
0.4968 0.562800
0.4968 0.571600
0.5092 0.575200
0.5092 0.584000
0.5216 0.587600
0.5216 0.596400
0.534 0.600000
0.534 0.608800
0.5464 0.612400
0.5464 0.621200
0.5588 0.624800
0.5588 0.633600
0.5712 0.637200
0.5712 0.646000
0.5836 0.649600
0.5836 0.658400
0.596 0.662000
0.596 0.670800
0.6084 0.674400
0.6084 0.683200
0.6208 0.686800
0.6208 0.695600
0.6332 0.699200
0.6332 0.708000
0.6456 0.711600
0.6456 0.720400
0.658 0.724000
0.658 0.732800
0.6704 0.736400
0.6704 0.745200
0.6828 0.748800
0.6828 0.757600
0.6952 0.761200
0.7076 0.764800
0.72 0.768400
0.7324 0.772000
0.7448 0.775600
0.7572 0.779200
0.7696 0.782800
0.782 0.786400
0.7944 0.790000
0.8068 0.793600
0.8192 0.797200
0.8316 0.800800
0.844 0.804400
0.8564 0.808000
0.8688 0.811600
0.8812 0.815200
0.8936 0.818800
0.906 0.822400
0.9184 0.826000
0.9308 0.829600
0.9432 0.833200
0.9556 0.836800
0.968 0.840400
0.9804 0.844000
0.9928 0.847600
1.0052 0.851200
1.0176 0.854800
1.03 0.858400
1.0424 0.862000
1.0548 0.865600
1.0672 0.869200
1.0796 0.872800
1.092 0.876400
1.1044 0.880000
1.1168 0.883600
1.1292 0.887200
1.1416 0.890800
1.154 0.894400
1.1664 0.898000
1.1788 0.901600
1.1912 0.905200
1.2036 0.908800
1.216 0.912400
1.2284 0.916000
1.2408 0.919600
1.2532 0.923200
1.2656 0.926800
1.278 0.930400
1.2904 0.934000
1.3028 0.937600
1.3152 0.941200
1.3276 0.944800
1.34 0.948400
1.3648 0.939600
1.3772 0.943200
1.3896 0.946800
1.4144 0.938000
1.4268 0.941600
1.4392 0.945200
1.4516 0.948800
1.4764 0.940000
1.4888 0.943600
1.5012 0.947200
1.526 0.938400
1.5384 0.942000
1.5508 0.945600
1.5632 0.949200
1.588 0.940400
1.6004 0.944000
1.6128 0.947600
1.6376 0.938800
1.65 0.942400
1.6624 0.946000
1.6748 0.949600
1.6996 0.940800
1.712 0.944400
1.7244 0.948000
1.7492 0.939200
1.7616 0.942800
1.774 0.946400
1.7988 0.937600
1.8112 0.941200
1.8236 0.944800
1.836 0.948400
1.8608 0.939600
1.8732 0.943200
1.8856 0.946800
1.9104 0.938000
1.9228 0.941600
1.9352 0.945200
1.9476 0.948800
1.9724 0.940000
1.9848 0.943600
1.9972 0.947200
2.022 0.938400
2.0344 0.942000
2.0468 0.945600
2.0592 0.949200
2.084 0.940400
2.0964 0.944000
2.1088 0.947600
2.1336 0.938800
2.146 0.942400
2.1584 0.946000
2.1708 0.949600
2.1956 0.940800
2.208 0.944400
2.2204 0.948000
2.2452 0.939200
2.2576 0.942800
2.27 0.946400
2.2948 0.937600
2.3072 0.941200
2.3196 0.944800
2.332 0.948400
2.3568 0.939600
2.3692 0.943200
2.3816 0.946800
2.4064 0.938000
2.4188 0.941600
2.4312 0.945200
2.4436 0.948800
2.4684 0.940000
2.4808 0.943600
2.4932 0.947200
2.518 0.938400
2.5304 0.942000
2.5428 0.945600
2.5552 0.949200
2.58 0.940400
2.5924 0.944000
2.6048 0.947600
2.6296 0.938800
2.642 0.942400
2.6544 0.946000
2.6668 0.949600
2.6916 0.940800
2.704 0.944400
2.7164 0.948000
2.7412 0.939200
2.7536 0.942800
2.766 0.946400
2.7908 0.937600
2.8032 0.941200
2.8156 0.944800
2.828 0.948400
2.8528 0.939600
2.8652 0.943200
2.8776 0.946800
2.9024 0.938000
2.9148 0.941600
2.9272 0.945200
2.9396 0.948800
2.9644 0.940000
2.9768 0.943600
2.9892 0.947200
3.014 0.938400
3.0264 0.942000
3.0388 0.945600
3.0512 0.949200
3.076 0.940400
3.0884 0.944000
3.1008 0.947600
3.1256 0.938800
3.138 0.942400
3.1504 0.946000
3.1628 0.949600
3.1876 0.940800
3.2 0.944400
3.2124 0.948000
3.2372 0.939200
3.2496 0.942800
3.262 0.946400
3.2868 0.937600
3.2992 0.941200
3.3116 0.944800
3.324 0.948400
3.3488 0.939600
3.3612 0.943200
3.3736 0.946800
3.3984 0.938000
3.4108 0.941600
3.4232 0.945200
3.4356 0.948800
3.4604 0.940000
3.4728 0.943600
3.4852 0.947200
3.51 0.938400
3.5224 0.942000
3.5348 0.945600
3.5472 0.949200
3.572 0.940400
3.5844 0.944000
3.5968 0.947600
3.6216 0.938800
3.634 0.942400
3.6464 0.946000
3.6588 0.949600
3.6836 0.940800
3.696 0.944400
3.7084 0.948000
3.7332 0.939200
3.7456 0.942800
3.758 0.946400
3.7828 0.937600
3.7952 0.941200
3.8076 0.944800
3.82 0.948400
3.8448 0.939600
3.8572 0.943200
3.8696 0.946800
3.8944 0.938000
3.9068 0.941600
3.9192 0.945200
3.9316 0.948800
3.9564 0.940000
3.9688 0.943600
3.9812 0.947200
4.006 0.938400
4.0184 0.942000
4.0308 0.945600
4.0432 0.949200
4.068 0.940400
4.0804 0.944000
4.0928 0.947600
4.1176 0.938800
4.13 0.942400
4.1424 0.946000
4.1548 0.949600
4.1796 0.940800
4.192 0.944400
4.2044 0.948000
4.2292 0.939200
4.2416 0.942800
4.254 0.946400
4.2788 0.937600
4.2912 0.941200
4.3036 0.944800
4.316 0.948400
4.3408 0.939600
4.3532 0.943200
4.3656 0.946800
4.3904 0.938000
4.4028 0.941600
4.4152 0.945200
4.4276 0.948800
4.4524 0.940000
4.4648 0.943600
4.4772 0.947200
4.502 0.938400
4.5144 0.942000
4.5268 0.945600
4.5392 0.949200
4.564 0.940400
4.5764 0.944000
4.5888 0.947600
4.6136 0.938800
4.626 0.942400
4.6384 0.946000
4.6508 0.949600
4.6756 0.940800
4.688 0.944400
4.7004 0.948000
4.7252 0.939200
4.7376 0.942800
4.75 0.946400
4.7624 0.950000
4.7872 0.941200
4.7996 0.944800
4.812 0.948400
4.8368 0.939600
4.8492 0.943200
4.8616 0.946800
4.8864 0.938000
4.8988 0.941600
4.9112 0.945200
4.9236 0.948800
4.9484 0.940000
4.9608 0.943600
4.9732 0.947200
4.998 0.938400
5.0104 0.942000
5.0228 0.945600
5.0352 0.949200
5.06 0.940400
5.0724 0.944000
5.0848 0.947600
5.1096 0.938800
5.122 0.942400
5.1344 0.946000
5.1468 0.949600
5.1716 0.940800
5.184 0.944400
5.1964 0.948000
5.2212 0.939200
5.2336 0.942800
5.246 0.946400
5.2584 0.950000
5.2832 0.941200
5.2956 0.944800
5.308 0.948400
5.3328 0.939600
5.3452 0.943200
5.3576 0.946800
5.3824 0.938000
5.3948 0.941600
5.4072 0.945200
5.4196 0.948800
5.4444 0.940000
5.4568 0.943600
5.4692 0.947200
5.494 0.938400
5.5064 0.942000
5.5188 0.945600
5.5312 0.949200
5.556 0.940400
5.5684 0.944000
5.5808 0.947600
5.6056 0.938800
5.618 0.942400
5.6304 0.946000
5.6428 0.949600
5.6676 0.940800
5.68 0.944400
5.6924 0.948000
5.7172 0.939200
5.7296 0.942800
5.742 0.946400
5.7544 0.950000
5.7792 0.941200
5.7916 0.944800
5.804 0.948400
5.8288 0.939600
5.8412 0.943200
5.8536 0.946800
5.8784 0.938000
5.8908 0.941600
5.9032 0.945200
5.9156 0.948800
5.9404 0.940000
5.9528 0.943600
5.9652 0.947200
5.99 0.938400
6.0024 0.942000
6.0148 0.945600
6.0272 0.949200
6.052 0.940400
6.0644 0.944000
6.0768 0.947600
6.1016 0.938800
6.114 0.942400
6.1264 0.946000
6.1388 0.949600
6.1636 0.940800
6.176 0.944400
6.1884 0.948000
6.2132 0.939200
6.2256 0.942800
6.238 0.946400
6.2504 0.950000
6.2752 0.941200
6.2876 0.944800
6.3 0.948400
6.3248 0.939600
6.3372 0.943200
6.3496 0.946800
6.3744 0.938000
6.3868 0.941600
6.3992 0.945200
6.4116 0.948800
6.4364 0.940000
6.4488 0.943600
6.4612 0.947200
6.486 0.938400
6.4984 0.942000
6.5108 0.945600
6.5232 0.949200
6.548 0.940400
6.5604 0.944000
6.5728 0.947600
6.5976 0.938800
6.61 0.942400
6.6224 0.946000
6.6348 0.949600
6.6596 0.940800
6.672 0.944400
6.6844 0.948000
6.7092 0.939200
6.7216 0.942800
6.734 0.946400
6.7464 0.950000
6.7712 0.941200
6.7836 0.944800
6.796 0.948400
6.8208 0.939600
6.8332 0.943200
6.8456 0.946800
6.8704 0.938000
6.8828 0.941600
6.8952 0.945200
6.9076 0.948800
6.9324 0.940000
6.9448 0.943600
6.9572 0.947200
6.982 0.938400
6.9944 0.942000
7.0068 0.945600
7.0192 0.949200
7.044 0.940400
7.0564 0.944000
7.0688 0.947600
7.0936 0.938800
7.106 0.942400
7.1184 0.946000
7.1308 0.949600
7.1556 0.940800
7.168 0.944400
7.1804 0.948000
7.2052 0.939200
7.2176 0.942800
7.23 0.946400
7.2424 0.950000
7.2672 0.941200
7.2796 0.944800
7.292 0.948400
7.3168 0.939600
7.3292 0.943200
7.3416 0.946800
7.3664 0.938000
7.3788 0.941600
7.3912 0.945200
7.4036 0.948800
7.4284 0.940000
7.4408 0.943600
7.4532 0.947200
7.478 0.938400
7.4904 0.942000
7.5028 0.945600
7.5152 0.949200
7.54 0.940400
7.5524 0.944000
7.5648 0.947600
7.5896 0.938800
7.602 0.942400
7.6144 0.946000
7.6268 0.949600
7.6516 0.940800
7.664 0.944400
7.6764 0.948000
7.7012 0.939200
7.7136 0.942800
7.726 0.946400
7.7384 0.950000
7.7632 0.941200
7.7756 0.944800
7.788 0.948400
7.8128 0.939600
7.8252 0.943200
7.8376 0.946800
7.8624 0.938000
7.8748 0.941600
7.8872 0.945200
7.8996 0.948800
7.9244 0.940000
7.9368 0.943600
7.9492 0.947200
7.974 0.938400
7.9864 0.942000
7.9988 0.945600
8.0112 0.949200
8.036 0.940400
8.0484 0.944000
8.0608 0.947600
8.0856 0.938800
8.098 0.942400
8.1104 0.946000
8.1228 0.949600
8.1476 0.940800
8.16 0.944400
8.1724 0.948000
8.1972 0.939200
8.2096 0.942800
8.222 0.946400
8.2344 0.950000
8.2592 0.941200
8.2716 0.944800
8.284 0.948400
8.3088 0.939600
8.3212 0.943200
8.3336 0.946800
8.3584 0.938000
8.3708 0.941600
8.3832 0.945200
8.3956 0.948800
8.4204 0.940000
8.4328 0.943600
8.4452 0.947200
8.47 0.938400
8.4824 0.942000
8.4948 0.945600
8.5072 0.949200
8.532 0.940400
8.5444 0.944000
8.5568 0.947600
8.5816 0.938800
8.594 0.942400
8.6064 0.946000
8.6188 0.949600
8.6436 0.940800
8.656 0.944400
8.6684 0.948000
8.6932 0.939200
8.7056 0.942800
8.718 0.946400
8.7304 0.950000
8.7552 0.941200
8.7676 0.944800
8.78 0.948400
8.8048 0.939600
8.8172 0.943200
8.8296 0.946800
8.8544 0.938000
8.8668 0.941600
8.8792 0.945200
8.8916 0.948800
8.9164 0.940000
8.9288 0.943600
8.9412 0.947200
8.966 0.938400
8.9784 0.942000
8.9908 0.945600
9.0032 0.949200
9.028 0.940400
9.0404 0.944000
9.0528 0.947600
9.0776 0.938800
9.09 0.942400
9.1024 0.946000
9.1148 0.949600
9.1396 0.940800
9.152 0.944400
9.1644 0.948000
9.1892 0.939200
9.2016 0.942800
9.214 0.946400
9.2264 0.950000
9.2512 0.941200
9.2636 0.944800
9.276 0.948400
9.3008 0.939600
9.3132 0.943200
9.3256 0.946800
9.3504 0.938000
9.3628 0.941600
9.3752 0.945200
9.3876 0.948800
9.4124 0.940000
9.4248 0.943600
9.4372 0.947200
9.462 0.938400
9.4744 0.942000
9.4868 0.945600
9.4992 0.949200
9.524 0.940400
9.5364 0.944000
9.5488 0.947600
9.5736 0.938800
9.586 0.942400
9.5984 0.946000
9.6108 0.949600
9.6356 0.940800
9.648 0.944400
9.6604 0.948000
9.6852 0.939200
9.6976 0.942800
9.71 0.946400
9.7224 0.950000
9.7472 0.941200
9.7596 0.944800
9.772 0.948400
9.7968 0.939600
9.8092 0.943200
9.8216 0.946800
9.8464 0.938000
9.8588 0.941600
9.8712 0.945200
9.8836 0.948800
9.9084 0.940000
9.9208 0.943600
9.9332 0.947200
9.958 0.938400
9.9704 0.942000
9.9828 0.945600
9.9952 0.949200
10.02 0.940400
10.0324 0.944000
10.0448 0.947600
10.0696 0.938800
10.082 0.942400
10.0944 0.946000
10.1068 0.949600
10.1316 0.940800
10.144 0.944400
10.1564 0.948000
10.1812 0.939200
10.1936 0.942800
10.206 0.946400
10.2184 0.950000
10.2432 0.941200
10.2556 0.944800
10.268 0.948400
10.2928 0.939600
10.3052 0.943200
10.3176 0.946800
10.3424 0.938000
10.3548 0.941600
10.3672 0.945200
10.3796 0.948800
10.4044 0.940000
10.4168 0.943600
10.4292 0.947200
10.454 0.938400
10.4664 0.942000
10.4788 0.945600
10.4912 0.949200
10.516 0.940400
10.5284 0.944000
10.5408 0.947600
10.5656 0.938800
10.578 0.942400
10.5904 0.946000
10.6028 0.949600
10.6276 0.940800
10.64 0.944400
10.6524 0.948000
10.6772 0.939200
10.6896 0.942800
10.702 0.946400
10.7144 0.950000
10.7392 0.941200
10.7516 0.944800
10.764 0.948400
10.7888 0.939600
10.8012 0.943200
10.8136 0.946800
10.8384 0.938000
10.8508 0.941600
10.8632 0.945200
10.8756 0.948800
10.9004 0.940000
10.9128 0.943600
10.9252 0.947200
10.95 0.938400
10.9624 0.942000
10.9748 0.945600
10.9872 0.949200
11.012 0.940400
11.0244 0.944000
11.0368 0.947600
11.0616 0.938800
11.074 0.942400
11.0864 0.946000
11.0988 0.949600
11.1236 0.940800
11.136 0.944400
11.1484 0.948000
11.1732 0.939200
11.1856 0.942800
11.198 0.946400
11.2228 0.937600
11.2352 0.941200
11.2476 0.944800
11.26 0.948400
11.2848 0.939600
11.2972 0.943200
11.3096 0.946800
11.3344 0.938000
11.3468 0.941600
11.3592 0.945200
11.3716 0.948800
11.3964 0.940000
11.4088 0.943600
11.4212 0.947200
11.446 0.938400
11.4584 0.942000
11.4708 0.945600
11.4832 0.949200
11.508 0.940400
11.5204 0.944000
11.5328 0.947600
11.5576 0.938800
11.57 0.942400
11.5824 0.946000
11.5948 0.949600
11.6196 0.940800
11.632 0.944400
11.6444 0.948000
11.6692 0.939200
11.6816 0.942800
11.694 0.946400
11.7188 0.937600
11.7312 0.941200
11.7436 0.944800
11.756 0.948400
11.7808 0.939600
11.7932 0.943200
11.8056 0.946800
11.8304 0.938000
11.8428 0.941600
11.8552 0.945200
11.8676 0.948800
11.8924 0.940000
11.9048 0.943600
11.9172 0.947200
11.942 0.938400
11.9544 0.942000
11.9668 0.945600
11.9792 0.949200
12.004 0.940400
12.0164 0.944000
12.0288 0.947600
12.0536 0.938800
12.066 0.942400
12.0784 0.946000
12.0908 0.949600
12.1156 0.940800
12.128 0.944400
12.1404 0.948000
12.1652 0.939200
12.1776 0.942800
12.19 0.946400
12.2148 0.937600
12.2272 0.941200
12.2396 0.944800
12.252 0.948400
12.2768 0.939600
12.2892 0.943200
12.3016 0.946800
12.3264 0.938000
12.3388 0.941600
12.3512 0.945200
12.3636 0.948800
12.3884 0.940000
12.4008 0.943600
12.4132 0.947200
12.438 0.938400
12.4504 0.942000
12.4628 0.945600
12.4752 0.949200
12.5 0.940400
12.5124 0.944000
12.5248 0.947600
12.5496 0.938800
12.562 0.942400
12.5744 0.946000
12.5868 0.949600
12.6116 0.940800
12.624 0.944400
12.6364 0.948000
12.6612 0.939200
12.6736 0.942800
12.686 0.946400
12.7108 0.937600
12.7232 0.941200
12.7356 0.944800
12.748 0.948400
12.7728 0.939600
12.7852 0.943200
12.7976 0.946800
12.8224 0.938000
12.8348 0.941600
12.8472 0.945200
12.8596 0.948800
12.8844 0.940000
12.8968 0.943600
12.9092 0.947200
12.934 0.938400
12.9464 0.942000
12.9588 0.945600
12.9712 0.949200
12.996 0.940400
13.0084 0.944000
13.0208 0.947600
13.0456 0.938800
13.058 0.942400
13.0704 0.946000
13.0828 0.949600
13.1076 0.940800
13.12 0.944400
13.1324 0.948000
13.1572 0.939200
13.1696 0.942800
13.182 0.946400
13.2068 0.937600
13.2192 0.941200
13.2316 0.944800
13.244 0.948400
13.2688 0.939600
13.2812 0.943200
13.2936 0.946800
13.3184 0.938000
13.3308 0.941600
13.3432 0.945200
13.3556 0.948800
13.3804 0.940000
13.3928 0.943600
13.4052 0.947200
13.43 0.938400
13.4424 0.942000
13.4548 0.945600
13.4672 0.949200
13.492 0.940400
13.5044 0.944000
13.5168 0.947600
13.5416 0.938800
13.554 0.942400
13.5664 0.946000
13.5788 0.949600
13.6036 0.940800
13.616 0.944400
13.6284 0.948000
13.6532 0.939200
13.6656 0.942800
13.678 0.946400
13.7028 0.937600
13.7152 0.941200
13.7276 0.944800
13.74 0.948400
13.7648 0.939600
13.7772 0.943200
13.7896 0.946800
13.8144 0.938000
13.8268 0.941600
13.8392 0.945200
13.8516 0.948800
13.8764 0.940000
13.8888 0.943600
13.9012 0.947200
13.926 0.938400
13.9384 0.942000
13.9508 0.945600
13.9632 0.949200
13.988 0.940400
14.0004 0.944000
14.0128 0.947600
14.0376 0.938800
14.05 0.942400
14.0624 0.946000
14.0748 0.949600
14.0996 0.940800
14.112 0.944400
14.1244 0.948000
14.1492 0.939200
14.1616 0.942800
14.174 0.946400
14.1988 0.937600
14.2112 0.941200
14.2236 0.944800
14.236 0.948400
14.2608 0.939600
14.2732 0.943200
14.2856 0.946800
14.3104 0.938000
14.3228 0.941600
14.3352 0.945200
14.3476 0.948800
14.3724 0.940000
14.3848 0.943600
14.3972 0.947200
14.422 0.938400
14.4344 0.942000
14.4468 0.945600
14.4592 0.949200
14.484 0.940400
14.4964 0.944000
14.5088 0.947600
14.5336 0.938800
14.546 0.942400
14.5584 0.946000
14.5708 0.949600
14.5956 0.940800
14.608 0.944400
14.6204 0.948000
14.6452 0.939200
14.6576 0.942800
14.67 0.946400
14.6948 0.937600
14.7072 0.941200
14.7196 0.944800
14.732 0.948400
14.7568 0.939600
14.7692 0.943200
14.7816 0.946800
14.8064 0.938000
14.8188 0.941600
14.8312 0.945200
14.8436 0.948800
14.8684 0.940000
14.8808 0.943600
14.8932 0.947200
14.918 0.938400
14.9304 0.942000
14.9428 0.945600
14.9552 0.949200
14.98 0.940400
14.9924 0.944000
15.0048 0.947600
15.0296 0.938800
15.042 0.942400
15.0544 0.946000
15.0668 0.949600
15.0916 0.940800
15.104 0.944400
15.1164 0.948000
15.1412 0.939200
15.1536 0.942800
15.166 0.946400
15.1908 0.937600
15.2032 0.941200
15.2156 0.944800
15.228 0.948400
15.2528 0.939600
15.2652 0.943200
15.2776 0.946800
15.3024 0.938000
15.3148 0.941600
15.3272 0.945200
15.3396 0.948800
15.3644 0.940000
15.3768 0.943600
15.3892 0.947200
15.414 0.938400
15.4264 0.942000
15.4388 0.945600
15.4512 0.949200
15.476 0.940400
15.4884 0.944000
15.5008 0.947600
15.5256 0.938800
15.538 0.942400
15.5504 0.946000
15.5628 0.949600
15.5876 0.940800
15.6 0.944400
15.6124 0.948000
15.6372 0.939200
15.6496 0.942800
15.662 0.946400
15.6868 0.937600
15.6992 0.941200
15.7116 0.944800
15.724 0.948400
15.7488 0.939600
15.7612 0.943200
15.7736 0.946800
15.7984 0.938000
15.8108 0.941600
15.8232 0.945200
15.8356 0.948800
15.8604 0.940000
15.8728 0.943600
15.8852 0.947200
15.91 0.938400
15.9224 0.942000
15.9348 0.945600
15.9472 0.949200
15.972 0.940400
15.9844 0.944000
15.9968 0.947600
16.0216 0.938800
16.034 0.942400
16.0464 0.946000
16.0588 0.949600
16.0836 0.940800
16.096 0.944400
16.1084 0.948000
16.1332 0.939200
16.1456 0.942800
16.158 0.946400
16.1828 0.937600
16.1952 0.941200
16.2076 0.944800
16.22 0.948400
16.2448 0.939600
16.2572 0.943200
16.2696 0.946800
16.2944 0.938000
16.3068 0.941600
16.3192 0.945200
16.3316 0.948800
16.3564 0.940000
16.3688 0.943600
16.3812 0.947200
16.406 0.938400
16.4184 0.942000
16.4308 0.945600
16.4432 0.949200
16.468 0.940400
16.4804 0.944000
16.4928 0.947600
16.5176 0.938800
16.53 0.942400
16.5424 0.946000
16.5548 0.949600
16.5796 0.940800
16.592 0.944400
16.6044 0.948000
16.6292 0.939200
16.6416 0.942800
16.654 0.946400
16.6788 0.937600
16.6912 0.941200
16.7036 0.944800
16.716 0.948400
16.7408 0.939600
16.7532 0.943200
16.7656 0.946800
16.7904 0.938000
16.8028 0.941600
16.8152 0.945200
16.8276 0.948800
16.8524 0.940000
16.8648 0.943600
16.8772 0.947200
16.902 0.938400
16.9144 0.942000
16.9268 0.945600
16.9392 0.949200
16.964 0.940400
16.9764 0.944000
16.9888 0.947600
17.0136 0.938800
17.026 0.942400
17.0384 0.946000
17.0508 0.949600
17.0756 0.940800
17.088 0.944400
17.1004 0.948000
17.1252 0.939200
17.1376 0.942800
17.15 0.946400
17.1748 0.937600
17.1872 0.941200
17.1996 0.944800
17.212 0.948400
17.2368 0.939600
17.2492 0.943200
17.2616 0.946800
17.2864 0.938000
17.2988 0.941600
17.3112 0.945200
17.3236 0.948800
17.3484 0.940000
17.3608 0.943600
17.3732 0.947200
17.398 0.938400
17.4104 0.942000
17.4228 0.945600
17.4352 0.949200
17.46 0.940400
17.4724 0.944000
17.4848 0.947600
17.5096 0.938800
17.522 0.942400
17.5344 0.946000
17.5468 0.949600
17.5716 0.940800
17.584 0.944400
17.5964 0.948000
17.6212 0.939200
17.6336 0.942800
17.646 0.946400
17.6708 0.937600
17.6832 0.941200
17.6956 0.944800
17.708 0.948400
17.7328 0.939600
17.7452 0.943200
17.7576 0.946800
17.7824 0.938000
17.7948 0.941600
17.8072 0.945200
17.8196 0.948800
17.8444 0.940000
17.8568 0.943600
17.8692 0.947200
17.894 0.938400
17.9064 0.942000
17.9188 0.945600
17.9312 0.949200
17.956 0.940400
17.9684 0.944000
17.9808 0.947600
18.0056 0.938800
18.018 0.942400
18.0304 0.946000
18.0428 0.949600
18.0676 0.940800
18.08 0.944400
18.0924 0.948000
18.1172 0.939200
18.1296 0.942800
18.142 0.946400
18.1668 0.937600
18.1792 0.941200
18.1916 0.944800
18.204 0.948400
18.2288 0.939600
18.2412 0.943200
18.2536 0.946800
18.2784 0.938000
18.2908 0.941600
18.3032 0.945200
18.3156 0.948800
18.3404 0.940000
18.3528 0.943600
18.3652 0.947200
18.39 0.938400
18.4024 0.942000
18.4148 0.945600
18.4272 0.949200
18.452 0.940400
18.4644 0.944000
18.4768 0.947600
18.5016 0.938800
18.514 0.942400
18.5264 0.946000
18.5388 0.949600
18.5636 0.940800
18.576 0.944400
18.5884 0.948000
18.6132 0.939200
18.6256 0.942800
18.638 0.946400
18.6628 0.937600
18.6752 0.941200
18.6876 0.944800
18.7 0.948400
18.7248 0.939600
18.7372 0.943200
18.7496 0.946800
18.7744 0.938000
18.7868 0.941600
18.7992 0.945200
18.8116 0.948800
18.8364 0.940000
18.8488 0.943600
18.8612 0.947200
18.886 0.938400
18.8984 0.942000
18.9108 0.945600
18.9232 0.949200
18.948 0.940400
18.9604 0.944000
18.9728 0.947600
18.9976 0.938800
19.01 0.942400
19.0224 0.946000
19.0348 0.949600
19.0596 0.940800
19.072 0.944400
19.0844 0.948000
19.1092 0.939200
19.1216 0.942800
19.134 0.946400
19.1464 0.950000
19.1712 0.941200
19.1836 0.944800
19.196 0.948400
19.2208 0.939600
19.2332 0.943200
19.2456 0.946800
19.2704 0.938000
19.2828 0.941600
19.2952 0.945200
19.3076 0.948800
19.3324 0.940000
19.3448 0.943600
19.3572 0.947200
19.382 0.938400
19.3944 0.942000
19.4068 0.945600
19.4192 0.949200
19.444 0.940400
19.4564 0.944000
19.4688 0.947600
19.4936 0.938800
19.506 0.942400
19.5184 0.946000
19.5308 0.949600
19.5556 0.940800
19.568 0.944400
19.5804 0.948000
19.6052 0.939200
19.6176 0.942800
19.63 0.946400
19.6424 0.950000
19.6672 0.941200
19.6796 0.944800
19.692 0.948400
19.7168 0.939600
19.7292 0.943200
19.7416 0.946800
19.7664 0.938000
19.7788 0.941600
19.7912 0.945200
19.8036 0.948800
19.8284 0.940000
19.8408 0.943600
19.8532 0.947200
19.878 0.938400
19.8904 0.942000
19.9028 0.945600
19.9152 0.949200
19.94 0.940400
19.9524 0.944000
19.9648 0.947600
19.9896 0.938800
20.002 0.942400
20.0144 0.946000
20.0268 0.949600
20.0516 0.940800
20.064 0.944400
20.0764 0.948000
20.1012 0.939200
20.1136 0.942800
20.126 0.946400
20.1384 0.950000
20.1632 0.941200
20.1756 0.944800
20.188 0.948400
20.2128 0.939600
20.2252 0.943200
20.2376 0.946800
20.2624 0.938000
20.2748 0.941600
20.2872 0.945200
20.2996 0.948800
20.3244 0.940000
20.3368 0.943600
20.3492 0.947200
20.374 0.938400
20.3864 0.942000
20.3988 0.945600
20.4112 0.949200
20.436 0.940400
20.4484 0.944000
20.4608 0.947600
20.4856 0.938800
20.498 0.942400
20.5104 0.946000
20.5228 0.949600
20.5476 0.940800
20.56 0.944400
20.5724 0.948000
20.5972 0.939200
20.6096 0.942800
20.622 0.946400
20.6344 0.950000
20.6592 0.941200
20.6716 0.944800
20.684 0.948400
20.7088 0.939600
20.7212 0.943200
20.7336 0.946800
20.7584 0.938000
20.7708 0.941600
20.7832 0.945200
20.7956 0.948800
20.8204 0.940000
20.8328 0.943600
20.8452 0.947200
20.87 0.938400
20.8824 0.942000
20.8948 0.945600
20.9072 0.949200
20.932 0.940400
20.9444 0.944000
20.9568 0.947600
20.9816 0.938800
20.994 0.942400
21.0064 0.946000
21.0188 0.949600
21.0436 0.940800
21.056 0.944400
21.0684 0.948000
21.0932 0.939200
21.1056 0.942800
21.118 0.946400
21.1304 0.950000
21.1552 0.941200
21.1676 0.944800
21.18 0.948400
21.2048 0.939600
21.2172 0.943200
21.2296 0.946800
21.2544 0.938000
21.2668 0.941600
21.2792 0.945200
21.2916 0.948800
21.3164 0.940000
21.3288 0.943600
21.3412 0.947200
21.366 0.938400
21.3784 0.942000
21.3908 0.945600
21.4032 0.949200
21.428 0.940400
21.4404 0.944000
21.4528 0.947600
21.4776 0.938800
21.49 0.942400
21.5024 0.946000
21.5148 0.949600
21.5396 0.940800
21.552 0.944400
21.5644 0.948000
21.5892 0.939200
21.6016 0.942800
21.614 0.946400
21.6264 0.950000
21.6512 0.941200
21.6636 0.944800
21.676 0.948400
21.7008 0.939600
21.7132 0.943200
21.7256 0.946800
21.7504 0.938000
21.7628 0.941600
21.7752 0.945200
21.7876 0.948800
21.8124 0.940000
21.8248 0.943600
21.8372 0.947200
21.862 0.938400
21.8744 0.942000
21.8868 0.945600
21.8992 0.949200
21.924 0.940400
21.9364 0.944000
21.9488 0.947600
21.9736 0.938800
21.986 0.942400
21.9984 0.946000
22.0108 0.949600
22.0356 0.940800
22.048 0.944400
22.0604 0.948000
22.0852 0.939200
22.0976 0.942800
22.11 0.946400
22.1224 0.950000
22.1472 0.941200
22.1596 0.944800
22.172 0.948400
22.1968 0.939600
22.2092 0.943200
22.2216 0.946800
22.2464 0.938000
22.2588 0.941600
22.2712 0.945200
22.2836 0.948800
22.3084 0.940000
22.3208 0.943600
22.3332 0.947200
22.358 0.938400
22.3704 0.942000
22.3828 0.945600
22.3952 0.949200
22.42 0.940400
22.4324 0.944000
22.4448 0.947600
22.4696 0.938800
22.482 0.942400
22.4944 0.946000
22.5068 0.949600
22.5316 0.940800
22.544 0.944400
22.5564 0.948000
22.5812 0.939200
22.5936 0.942800
22.606 0.946400
22.6184 0.950000
22.6432 0.941200
22.6556 0.944800
22.668 0.948400
22.6928 0.939600
22.7052 0.943200
22.7176 0.946800
22.7424 0.938000
22.7548 0.941600
22.7672 0.945200
22.7796 0.948800
22.8044 0.940000
22.8168 0.943600
22.8292 0.947200
22.854 0.938400
22.8664 0.942000
22.8788 0.945600
22.8912 0.949200
22.916 0.940400
22.9284 0.944000
22.9408 0.947600
22.9656 0.938800
22.978 0.942400
22.9904 0.946000
23.0028 0.949600
23.0276 0.940800
23.04 0.944400
23.0524 0.948000
23.0772 0.939200
23.0896 0.942800
23.102 0.946400
23.1144 0.950000
23.1392 0.941200
23.1516 0.944800
23.164 0.948400
23.1888 0.939600
23.2012 0.943200
23.2136 0.946800
23.2384 0.938000
23.2508 0.941600
23.2632 0.945200
23.2756 0.948800
23.3004 0.940000
23.3128 0.943600
23.3252 0.947200
23.35 0.938400
23.3624 0.942000
23.3748 0.945600
23.3872 0.949200
23.412 0.940400
23.4244 0.944000
23.4368 0.947600
23.4616 0.938800
23.474 0.942400
23.4864 0.946000
23.4988 0.949600
23.5236 0.940800
23.536 0.944400
23.5484 0.948000
23.5732 0.939200
23.5856 0.942800
23.598 0.946400
23.6104 0.950000
23.6352 0.941200
23.6476 0.944800
23.66 0.948400
23.6848 0.939600
23.6972 0.943200
23.7096 0.946800
23.7344 0.938000
23.7468 0.941600
23.7592 0.945200
23.7716 0.948800
23.7964 0.940000
23.8088 0.943600
23.8212 0.947200
23.846 0.938400
23.8584 0.942000
23.8708 0.945600
23.8832 0.949200
23.908 0.940400
23.9204 0.944000
23.9328 0.947600
23.9576 0.938800
23.97 0.942400
23.9824 0.946000
23.9948 0.949600
24.0196 0.940800
24.032 0.944400
24.0444 0.948000
24.0692 0.939200
24.0816 0.942800
24.094 0.946400
24.1064 0.950000
24.1312 0.941200
24.1436 0.944800
24.156 0.948400
24.1808 0.939600
24.1932 0.943200
24.2056 0.946800
24.2304 0.938000
24.2428 0.941600
24.2552 0.945200
24.2676 0.948800
24.2924 0.940000
24.3048 0.943600
24.3172 0.947200
24.342 0.938400
24.3544 0.942000
24.3668 0.945600
24.3792 0.949200
24.404 0.940400
24.4164 0.944000
24.4288 0.947600
24.4536 0.938800
24.466 0.942400
24.4784 0.946000
24.4908 0.949600
24.5156 0.940800
24.528 0.944400
24.5404 0.948000
24.5652 0.939200
24.5776 0.942800
24.59 0.946400
24.6024 0.950000
24.6272 0.941200
24.6396 0.944800
24.652 0.948400
24.6768 0.939600
24.6892 0.943200
24.7016 0.946800
24.7264 0.938000
24.7388 0.941600
24.7512 0.945200
24.7636 0.948800
24.7884 0.940000
24.8008 0.943600
24.8132 0.947200
24.838 0.938400
24.8504 0.942000
24.8628 0.945600
24.8752 0.949200
24.9 0.940400
24.9124 0.944000
24.9248 0.947600
24.9496 0.938800
24.962 0.942400
24.9744 0.946000
24.9868 0.949600
25.0116 0.940800
25.024 0.944400
25.0364 0.948000
25.0612 0.939200
25.0736 0.942800
25.086 0.946400
25.0984 0.950000
25.1232 0.941200
25.1356 0.944800
25.148 0.948400
25.1728 0.939600
25.1852 0.943200
25.1976 0.946800
25.2224 0.938000
25.2348 0.941600
25.2472 0.945200
25.2596 0.948800
25.2844 0.940000
25.2968 0.943600
25.3092 0.947200
25.334 0.938400
25.3464 0.942000
25.3588 0.945600
25.3712 0.949200
25.396 0.940400
25.4084 0.944000
25.4208 0.947600
25.4456 0.938800
25.458 0.942400
25.4704 0.946000
25.4828 0.949600
25.5076 0.940800
25.52 0.944400
25.5324 0.948000
25.5572 0.939200
25.5696 0.942800
25.582 0.946400
25.5944 0.950000
25.6192 0.941200
25.6316 0.944800
25.644 0.948400
25.6688 0.939600
25.6812 0.943200
25.6936 0.946800
25.7184 0.938000
25.7308 0.941600
25.7432 0.945200
25.7556 0.948800
25.7804 0.940000
25.7928 0.943600
25.8052 0.947200
25.83 0.938400
25.8424 0.942000
25.8548 0.945600
25.8672 0.949200
25.892 0.940400
25.9044 0.944000
25.9168 0.947600
25.9416 0.938800
25.954 0.942400
25.9664 0.946000
25.9788 0.949600
26.0036 0.940800
26.016 0.944400
26.0284 0.948000
26.0532 0.939200
26.0656 0.942800
26.078 0.946400
26.0904 0.950000
26.1152 0.941200
26.1276 0.944800
26.14 0.948400
26.1648 0.939600
26.1772 0.943200
26.1896 0.946800
26.2144 0.938000
26.2268 0.941600
26.2392 0.945200
26.2516 0.948800
26.2764 0.940000
26.2888 0.943600
26.3012 0.947200
26.326 0.938400
26.3384 0.942000
26.3508 0.945600
26.3632 0.949200
26.388 0.940400
26.4004 0.944000
26.4128 0.947600
26.4376 0.938800
26.45 0.942400
26.4624 0.946000
26.4748 0.949600
26.4996 0.940800
26.512 0.944400
26.5244 0.948000
26.5492 0.939200
26.5616 0.942800
26.574 0.946400
26.5864 0.950000
26.6112 0.941200
26.6236 0.944800
26.636 0.948400
26.6608 0.939600
26.6732 0.943200
26.6856 0.946800
26.7104 0.938000
26.7228 0.941600
26.7352 0.945200
26.7476 0.948800
26.7724 0.940000
26.7848 0.943600
26.7972 0.947200
26.822 0.938400
26.8344 0.942000
26.8468 0.945600
26.8592 0.949200
26.884 0.940400
26.8964 0.944000
26.9088 0.947600
26.9336 0.938800
26.946 0.942400
26.9584 0.946000
26.9708 0.949600
26.9956 0.940800
27.008 0.944400
27.0204 0.948000
27.0452 0.939200
27.0576 0.942800
27.07 0.946400
27.0824 0.950000
27.1072 0.941200
27.1196 0.944800
27.132 0.948400
27.1568 0.939600
27.1692 0.943200
27.1816 0.946800
27.2064 0.938000
27.2188 0.941600
27.2312 0.945200
27.2436 0.948800
27.2684 0.940000
27.2808 0.943600
27.2932 0.947200
27.318 0.938400
27.3304 0.942000
27.3428 0.945600
27.3552 0.949200
27.38 0.940400
27.3924 0.944000
27.4048 0.947600
27.4296 0.938800
27.442 0.942400
27.4544 0.946000
27.4668 0.949600
27.4916 0.940800
27.504 0.944400
27.5164 0.948000
27.5412 0.939200
27.5536 0.942800
27.566 0.946400
27.5784 0.950000
27.6032 0.941200
27.6156 0.944800
27.628 0.948400
27.6528 0.939600
27.6652 0.943200
27.6776 0.946800
27.7024 0.938000
27.7148 0.941600
27.7272 0.945200
27.7396 0.948800
27.7644 0.940000
27.7768 0.943600
27.7892 0.947200
27.814 0.938400
27.8264 0.942000
27.8388 0.945600
27.8512 0.949200
27.876 0.940400
27.8884 0.944000
27.9008 0.947600
27.9256 0.938800
27.938 0.942400
27.9504 0.946000
27.9628 0.949600
27.9876 0.940800
28 0.944400
28.0124 0.948000
28.0372 0.939200
28.0496 0.942800
28.062 0.946400
28.0744 0.950000
28.0992 0.941200
28.1116 0.944800
28.124 0.948400
28.1488 0.939600
28.1612 0.943200
28.1736 0.946800
28.1984 0.938000
28.2108 0.941600
28.2232 0.945200
28.2356 0.948800
28.2604 0.940000
28.2728 0.943600
28.2852 0.947200
28.31 0.938400
28.3224 0.942000
28.3348 0.945600
28.3472 0.949200
28.372 0.940400
28.3844 0.944000
28.3968 0.947600
28.4216 0.938800
28.434 0.942400
28.4464 0.946000
28.4588 0.949600
28.4836 0.940800
28.496 0.944400
28.5084 0.948000
28.5332 0.939200
28.5456 0.942800
28.558 0.946400
28.5704 0.950000
28.5952 0.941200
28.6076 0.944800
28.62 0.948400
28.6448 0.939600
28.6572 0.943200
28.6696 0.946800
28.6944 0.938000
28.7068 0.941600
28.7192 0.945200
28.7316 0.948800
28.7564 0.940000
28.7688 0.943600
28.7812 0.947200
28.806 0.938400
28.8184 0.942000
28.8308 0.945600
28.8432 0.949200
28.868 0.940400
28.8804 0.944000
28.8928 0.947600
28.9176 0.938800
28.93 0.942400
28.9424 0.946000
28.9548 0.949600
28.9796 0.940800
28.992 0.944400
29.0044 0.948000
29.0292 0.939200
29.0416 0.942800
29.054 0.946400
29.0664 0.950000
29.0912 0.941200
29.1036 0.944800
29.116 0.948400
29.1408 0.939600
29.1532 0.943200
29.1656 0.946800
29.1904 0.938000
29.2028 0.941600
29.2152 0.945200
29.2276 0.948800
29.2524 0.940000
29.2648 0.943600
29.2772 0.947200
29.302 0.938400
29.3144 0.942000
29.3268 0.945600
29.3392 0.949200
29.364 0.940400
29.3764 0.944000
29.3888 0.947600
29.4136 0.938800
29.426 0.942400
29.4384 0.946000
29.4508 0.949600
29.4756 0.940800
29.488 0.944400
29.5004 0.948000
29.5252 0.939200
29.5376 0.942800
29.55 0.946400
29.5624 0.950000
29.5872 0.941200
29.5996 0.944800
29.612 0.948400
29.6368 0.939600
29.6492 0.943200
29.6616 0.946800
29.6864 0.938000
29.6988 0.941600
29.7112 0.945200
29.7236 0.948800
29.7484 0.940000
29.7608 0.943600
29.7732 0.947200
29.798 0.938400
29.8104 0.942000
29.8228 0.945600
29.8352 0.949200
29.86 0.940400
29.8724 0.944000
29.8848 0.947600
29.9096 0.938800
29.922 0.942400
29.9344 0.946000
29.9468 0.949600
29.9716 0.940800
29.984 0.944400
29.9964 0.948000
30.0212 0.939200
30.0336 0.942800
30.046 0.946400
30.0584 0.950000
30.0832 0.941200
30.0956 0.944800
30.108 0.948400
30.1328 0.939600
30.1452 0.943200
30.1576 0.946800
30.1824 0.938000
30.1948 0.941600
30.2072 0.945200
30.2196 0.948800
30.2444 0.940000
30.2568 0.943600
30.2692 0.947200
30.294 0.938400
30.3064 0.942000
30.3188 0.945600
30.3312 0.949200
30.356 0.940400
30.3684 0.944000
30.3808 0.947600
30.4056 0.938800
30.418 0.942400
30.4304 0.946000
30.4428 0.949600
30.4676 0.940800
30.48 0.944400
30.4924 0.948000
30.5172 0.939200
30.5296 0.942800
30.542 0.946400
30.5544 0.950000
30.5792 0.941200
30.5916 0.944800
30.604 0.948400
30.6288 0.939600
30.6412 0.943200
30.6536 0.946800
30.6784 0.938000
30.6908 0.941600
30.7032 0.945200
30.7156 0.948800
30.7404 0.940000
30.7528 0.943600
30.7652 0.947200
30.79 0.938400
30.8024 0.942000
30.8148 0.945600
30.8272 0.949200
30.852 0.940400
30.8644 0.944000
30.8768 0.947600
30.9016 0.938800
30.914 0.942400
30.9264 0.946000
30.9388 0.949600
30.9636 0.940800
30.976 0.944400
30.9884 0.948000
31.0132 0.939200
31.0256 0.942800
31.038 0.946400
31.0504 0.950000
31.0752 0.941200
31.0876 0.944800
31.1 0.948400
31.1248 0.939600
31.1372 0.943200
31.1496 0.946800
31.1744 0.938000
31.1868 0.941600
31.1992 0.945200
31.2116 0.948800
31.2364 0.940000
31.2488 0.943600
31.2612 0.947200
31.286 0.938400
31.2984 0.942000
31.3108 0.945600
31.3232 0.949200
31.348 0.940400
31.3604 0.944000
31.3728 0.947600
31.3976 0.938800
31.41 0.942400
31.4224 0.946000
31.4348 0.949600
31.4596 0.940800
31.472 0.944400
31.4844 0.948000
31.5092 0.939200
31.5216 0.942800
31.534 0.946400
31.5464 0.950000
31.5712 0.941200
31.5836 0.944800
31.596 0.948400
31.6208 0.939600
31.6332 0.943200
31.6456 0.946800
31.6704 0.938000
31.6828 0.941600
31.6952 0.945200
31.7076 0.948800
31.7324 0.940000
31.7448 0.943600
31.7572 0.947200
31.782 0.938400
31.7944 0.942000
31.8068 0.945600
31.8192 0.949200
31.844 0.940400
31.8564 0.944000
31.8688 0.947600
31.8936 0.938800
31.906 0.942400
31.9184 0.946000
31.9308 0.949600
31.9556 0.940800
31.968 0.944400
31.9804 0.948000
32.0052 0.939200
32.0176 0.942800
32.03 0.946400
32.0424 0.950000
32.0672 0.941200
32.0796 0.944800
32.092 0.948400
32.1168 0.939600
32.1292 0.943200
32.1416 0.946800
32.1664 0.938000
32.1788 0.941600
32.1912 0.945200
32.2036 0.948800
32.2284 0.940000
32.2408 0.943600
32.2532 0.947200
32.278 0.938400
32.2904 0.942000
32.3028 0.945600
32.3152 0.949200
32.34 0.940400
32.3524 0.944000
32.3648 0.947600
32.3896 0.938800
32.402 0.942400
32.4144 0.946000
32.4268 0.949600
32.4516 0.940800
32.464 0.944400
32.4764 0.948000
32.5012 0.939200
32.5136 0.942800
32.526 0.946400
32.5384 0.950000
32.5632 0.941200
32.5756 0.944800
32.588 0.948400
32.6128 0.939600
32.6252 0.943200
32.6376 0.946800
32.6624 0.938000
32.6748 0.941600
32.6872 0.945200
32.6996 0.948800
32.7244 0.940000
32.7368 0.943600
32.7492 0.947200
32.774 0.938400
32.7864 0.942000
32.7988 0.945600
32.8112 0.949200
32.836 0.940400
32.8484 0.944000
32.8608 0.947600
32.8856 0.938800
32.898 0.942400
32.9104 0.946000
32.9228 0.949600
32.9476 0.940800
32.96 0.944400
32.9724 0.948000
32.9972 0.939200
33.0096 0.942800
33.022 0.946400
33.0344 0.950000
33.0592 0.941200
33.0716 0.944800
33.084 0.948400
33.1088 0.939600
33.1212 0.943200
33.1336 0.946800
33.1584 0.938000
33.1708 0.941600
33.1832 0.945200
33.1956 0.948800
33.2204 0.940000
33.2328 0.943600
33.2452 0.947200
33.27 0.938400
33.2824 0.942000
33.2948 0.945600
33.3072 0.949200
33.332 0.940400
33.3444 0.944000
33.3568 0.947600
33.3816 0.938800
33.394 0.942400
33.4064 0.946000
33.4188 0.949600
33.4436 0.940800
33.456 0.944400
33.4684 0.948000
33.4932 0.939200
33.5056 0.942800
33.518 0.946400
33.5304 0.950000
33.5552 0.941200
33.5676 0.944800
33.58 0.948400
33.6048 0.939600
33.6172 0.943200
33.6296 0.946800
33.6544 0.938000
33.6668 0.941600
33.6792 0.945200
33.6916 0.948800
33.7164 0.940000
33.7288 0.943600
33.7412 0.947200
33.766 0.938400
33.7784 0.942000
33.7908 0.945600
33.8032 0.949200
33.828 0.940400
33.8404 0.944000
33.8528 0.947600
33.8776 0.938800
33.89 0.942400
33.9024 0.946000
33.9148 0.949600
33.9396 0.940800
33.952 0.944400
33.9644 0.948000
33.9892 0.939200
34.0016 0.942800
34.014 0.946400
34.0264 0.950000
34.0512 0.941200
34.0636 0.944800
34.076 0.948400
34.1008 0.939600
34.1132 0.943200
34.1256 0.946800
34.1504 0.938000
34.1628 0.941600
34.1752 0.945200
34.1876 0.948800
34.2124 0.940000
34.2248 0.943600
34.2372 0.947200
34.262 0.938400
34.2744 0.942000
34.2868 0.945600
34.2992 0.949200
34.324 0.940400
34.3364 0.944000
34.3488 0.947600
34.3736 0.938800
34.386 0.942400
34.3984 0.946000
34.4108 0.949600
34.4356 0.940800
34.448 0.944400
34.4604 0.948000
34.4852 0.939200
34.4976 0.942800
34.51 0.946400
34.5224 0.950000
34.5472 0.941200
34.5596 0.944800
34.572 0.948400
34.5968 0.939600
34.6092 0.943200
34.6216 0.946800
34.6464 0.938000
34.6588 0.941600
34.6712 0.945200
34.6836 0.948800
34.7084 0.940000
34.7208 0.943600
34.7332 0.947200
34.758 0.938400
34.7704 0.942000
34.7828 0.945600
34.7952 0.949200
34.82 0.940400
34.8324 0.944000
34.8448 0.947600
34.8696 0.938800
34.882 0.942400
34.8944 0.946000
34.9068 0.949600
34.9316 0.940800
34.944 0.944400
34.9564 0.948000
34.9812 0.939200
34.9936 0.942800
35.006 0.946400
35.0184 0.950000
35.0432 0.941200
35.0556 0.944800
35.068 0.948400
35.0928 0.939600
35.1052 0.943200
35.1176 0.946800
35.1424 0.938000
35.1548 0.941600
35.1672 0.945200
35.1796 0.948800
35.2044 0.940000
35.2168 0.943600
35.2292 0.947200
35.254 0.938400
35.2664 0.942000
35.2788 0.945600
35.2912 0.949200
35.316 0.940400
35.3284 0.944000
35.3408 0.947600
35.3656 0.938800
35.378 0.942400
35.3904 0.946000
35.4028 0.949600
35.4276 0.940800
35.44 0.944400
35.4524 0.948000
35.4772 0.939200
35.4896 0.942800
35.502 0.946400
35.5144 0.950000
35.5392 0.941200
35.5516 0.944800
35.564 0.948400
35.5888 0.939600
35.6012 0.943200
35.6136 0.946800
35.6384 0.938000
35.6508 0.941600
35.6632 0.945200
35.6756 0.948800
35.7004 0.940000
35.7128 0.943600
35.7252 0.947200
35.75 0.938400
35.7624 0.942000
35.7748 0.945600
35.7872 0.949200
35.812 0.940400
35.8244 0.944000
35.8368 0.947600
35.8616 0.938800
35.874 0.942400
35.8864 0.946000
35.8988 0.949600
35.9236 0.940800
35.936 0.944400
35.9484 0.948000
35.9732 0.939200
35.9856 0.942800
35.998 0.946400
36.0104 0.950000
36.0352 0.941200
36.0476 0.944800
36.06 0.948400
36.0848 0.939600
36.0972 0.943200
36.1096 0.946800
36.1344 0.938000
36.1468 0.941600
36.1592 0.945200
36.1716 0.948800
36.1964 0.940000
36.2088 0.943600
36.2212 0.947200
36.246 0.938400
36.2584 0.942000
36.2708 0.945600
36.2832 0.949200
36.308 0.940400
36.3204 0.944000
36.3328 0.947600
36.3576 0.938800
36.37 0.942400
36.3824 0.946000
36.3948 0.949600
36.4196 0.940800
36.432 0.944400
36.4444 0.948000
36.4692 0.939200
36.4816 0.942800
36.494 0.946400
36.5064 0.950000
36.5312 0.941200
36.5436 0.944800
36.556 0.948400
36.5808 0.939600
36.5932 0.943200
36.6056 0.946800
36.6304 0.938000
36.6428 0.941600
36.6552 0.945200
36.6676 0.948800
36.6924 0.940000
36.7048 0.943600
36.7172 0.947200
36.742 0.938400
36.7544 0.942000
36.7668 0.945600
36.7792 0.949200
36.804 0.940400
36.8164 0.944000
36.8288 0.947600
36.8536 0.938800
36.866 0.942400
36.8784 0.946000
36.8908 0.949600
36.9156 0.940800
36.928 0.944400
36.9404 0.948000
36.9652 0.939200
36.9776 0.942800
36.99 0.946400
37.0024 0.950000
37.0272 0.941200
37.0396 0.944800
37.052 0.948400
37.0768 0.939600
37.0892 0.943200
37.1016 0.946800
37.1264 0.938000
37.1388 0.941600
37.1512 0.945200
37.1636 0.948800
37.1884 0.940000
37.2008 0.943600
37.2132 0.947200
37.238 0.938400
37.2504 0.942000
37.2628 0.945600
37.2752 0.949200
37.3 0.940400
37.3124 0.944000
37.3248 0.947600
37.3496 0.938800
37.362 0.942400
37.3744 0.946000
37.3868 0.949600
37.4116 0.940800
37.424 0.944400
37.4364 0.948000
37.4612 0.939200
37.4736 0.942800
37.486 0.946400
37.4984 0.950000
37.5232 0.941200
37.5356 0.944800
37.548 0.948400
37.5728 0.939600
37.5852 0.943200
37.5976 0.946800
37.6224 0.938000
37.6348 0.941600
37.6472 0.945200
37.6596 0.948800
37.6844 0.940000
37.6968 0.943600
37.7092 0.947200
37.734 0.938400
37.7464 0.942000
37.7588 0.945600
37.7712 0.949200
37.796 0.940400
37.8084 0.944000
37.8208 0.947600
37.8456 0.938800
37.858 0.942400
37.8704 0.946000
37.8828 0.949600
37.9076 0.940800
37.92 0.944400
37.9324 0.948000
37.9572 0.939200
37.9696 0.942800
37.982 0.946400
37.9944 0.950000
38.0192 0.941200
38.0316 0.944800
38.044 0.948400
38.0688 0.939600
38.0812 0.943200
38.0936 0.946800
38.1184 0.938000
38.1308 0.941600
38.1432 0.945200
38.1556 0.948800
38.1804 0.940000
38.1928 0.943600
38.2052 0.947200
38.23 0.938400
38.2424 0.942000
38.2548 0.945600
38.2672 0.949200
38.292 0.940400
38.3044 0.944000
38.3168 0.947600
38.3416 0.938800
38.354 0.942400
38.3664 0.946000
38.3788 0.949600
38.4036 0.940800
38.416 0.944400
38.4284 0.948000
38.4532 0.939200
38.4656 0.942800
38.478 0.946400
38.4904 0.950000
38.5152 0.941200
38.5276 0.944800
38.54 0.948400
38.5648 0.939600
38.5772 0.943200
38.5896 0.946800
38.6144 0.938000
38.6268 0.941600
38.6392 0.945200
38.6516 0.948800
38.6764 0.940000
38.6888 0.943600
38.7012 0.947200
38.726 0.938400
38.7384 0.942000
38.7508 0.945600
38.7632 0.949200
38.788 0.940400
38.8004 0.944000
38.8128 0.947600
38.8376 0.938800
38.85 0.942400
38.8624 0.946000
38.8748 0.949600
38.8996 0.940800
38.912 0.944400
38.9244 0.948000
38.9492 0.939200
38.9616 0.942800
38.974 0.946400
38.9864 0.950000
39.0112 0.941200
39.0236 0.944800
39.036 0.948400
39.0608 0.939600
39.0732 0.943200
39.0856 0.946800
39.1104 0.938000
39.1228 0.941600
39.1352 0.945200
39.1476 0.948800
39.1724 0.940000
39.1848 0.943600
39.1972 0.947200
39.222 0.938400
39.2344 0.942000
39.2468 0.945600
39.2592 0.949200
39.284 0.940400
39.2964 0.944000
39.3088 0.947600
39.3336 0.938800
39.346 0.942400
39.3584 0.946000
39.3708 0.949600
39.3956 0.940800
39.408 0.944400
39.4204 0.948000
39.4452 0.939200
39.4576 0.942800
39.47 0.946400
39.4824 0.950000
39.5072 0.941200
39.5196 0.944800
39.532 0.948400
39.5568 0.939600
39.5692 0.943200
39.5816 0.946800
39.6064 0.938000
39.6188 0.941600
39.6312 0.945200
39.6436 0.948800
39.6684 0.940000
39.6808 0.943600
39.6932 0.947200
39.718 0.938400
39.7304 0.942000
39.7428 0.945600
39.7552 0.949200
39.78 0.940400
39.7924 0.944000
39.8048 0.947600
39.8296 0.938800
39.842 0.942400
39.8544 0.946000
39.8668 0.949600
39.8916 0.940800
39.904 0.944400
39.9164 0.948000
39.9412 0.939200
39.9536 0.942800
39.966 0.946400
39.9784 0.950000
