0.1 0.103200
0.2032 0.103200
0.3064 0.430880
0.3064 0.761760
0.73728 0.103200
0.84048 0.558560
0.84048 0.889440
1.06816 0.103200
1.17136 0.889440
1.17136 1.220320
1.39904 0.103200
1.50224 1.220320
1.50224 1.551200
1.72992 0.103200
1.83312 1.551200
1.83312 1.882080
2.0608 0.103200
2.164 1.882080
2.164 2.212960
2.39168 0.103200
2.49488 2.212960
2.49488 2.543840
2.72256 0.103200
2.82576 2.543840
2.82576 2.874720
3.05344 0.103200
3.15664 2.874720
3.15664 3.205600
3.38432 0.103200
3.48752 3.205600
3.48752 3.536480
3.7152 0.103200
3.8184 3.536480
3.8184 3.867360
4.04608 0.103200
4.14928 3.867360
4.14928 4.198240
4.37696 0.103200
4.48016 4.198240
4.48016 4.529120
4.70784 0.103200
4.81104 4.529120
4.81104 4.860000
5.03872 0.103200
5.14192 4.860000
5.14192 5.190880
5.3696 0.103200
5.4728 5.190880
5.4728 5.521760
5.70048 0.103200
5.80368 5.521760
5.80368 5.852640
6.03136 0.103200
6.13456 5.852640
6.13456 6.183520
6.36224 0.103200
6.46544 6.183520
6.46544 6.514400
6.69312 0.103200
6.79632 6.514400
7.024 0.103200
7.1272 6.514400
7.35488 0.103200
7.45808 6.514400
7.68576 0.103200
7.78896 6.514400
8.01664 0.103200
8.11984 6.514400
8.34752 0.103200
8.45072 6.514400
8.6784 0.103200
8.7816 6.514400
9.00928 0.103200
9.11248 6.514400
9.34016 0.103200
9.44336 6.514400
9.67104 0.103200
9.77424 6.514400
10.00192 0.103200
10.10512 6.514400
10.3328 0.103200
10.436 6.514400
10.66368 0.103200
10.76688 6.514400
10.99456 0.103200
11.09776 6.514400
11.32544 0.103200
11.42864 6.514400
11.65632 0.103200
11.75952 6.514400
11.9872 0.103200
12.0904 6.514400
12.31808 0.103200
12.42128 6.514400
12.64896 0.103200
12.75216 6.514400
12.97984 0.103200
13.08304 6.514400
13.31072 0.103200
13.41392 6.514400
13.6416 0.103200
13.7448 6.514400
13.97248 0.103200
14.07568 6.514400
14.30336 0.103200
14.40656 6.514400
14.63424 0.103200
14.73744 6.514400
14.96512 0.103200
15.06832 6.514400
15.296 0.103200
15.3992 6.514400
15.62688 0.103200
15.73008 6.514400
15.95776 0.103200
16.06096 6.514400
16.28864 0.103200
16.39184 6.514400
16.61952 0.103200
16.72272 6.514400
16.9504 0.103200
17.0536 6.514400
17.28128 0.103200
17.38448 6.514400
17.61216 0.103200
17.71536 6.514400
17.94304 0.103200
18.04624 6.514400
18.27392 0.103200
18.37712 6.514400
18.6048 0.103200
18.708 6.514400
18.93568 0.103200
19.03888 6.514400
19.26656 0.103200
19.36976 6.514400
19.59744 0.103200
19.70064 6.514400
19.92832 0.103200
20.03152 6.514400
20.2592 0.103200
20.3624 6.514400
20.59008 0.103200
20.69328 6.514400
20.92096 0.103200
21.02416 6.514400
21.25184 0.103200
21.35504 6.514400
21.58272 0.103200
21.68592 6.514400
21.9136 0.103200
22.0168 6.514400
22.24448 0.103200
22.34768 6.514400
22.57536 0.103200
22.67856 6.514400
22.90624 0.103200
23.00944 6.514400
23.23712 0.103200
23.34032 6.514400
23.568 0.103200
23.6712 6.514400
23.89888 0.103200
24.00208 6.514400
24.22976 0.103200
24.33296 6.514400
24.56064 0.103200
24.66384 6.514400
24.89152 0.103200
24.99472 6.514400
25.2224 0.103200
25.3256 6.514400
25.55328 0.103200
25.65648 6.514400
25.88416 0.103200
25.98736 6.514400
26.21504 0.103200
26.31824 6.514400
26.54592 0.103200
26.64912 6.514400
26.8768 0.103200
26.98 6.514400
27.20768 0.103200
27.31088 6.514400
27.53856 0.103200
27.64176 6.514400
27.86944 0.103200
27.97264 6.514400
28.20032 0.103200
28.30352 6.514400
28.5312 0.103200
28.6344 6.514400
28.86208 0.103200
28.96528 6.514400
29.19296 0.103200
29.29616 6.514400
29.52384 0.103200
29.62704 6.514400
29.85472 0.103200
29.95792 6.514400
30.1856 0.103200
30.2888 6.514400
30.51648 0.103200
30.61968 6.514400
30.84736 0.103200
30.95056 6.514400
31.17824 0.103200
31.28144 6.514400
31.50912 0.103200
31.61232 6.514400
31.84 0.103200
31.9432 6.514400
32.17088 0.103200
32.27408 6.514400
32.50176 0.103200
32.60496 6.514400
32.83264 0.103200
32.93584 6.514400
33.16352 0.103200
33.26672 6.514400
33.4944 0.103200
33.5976 6.514400
33.82528 0.103200
33.92848 6.514400
34.15616 0.103200
34.25936 6.514400
34.48704 0.103200
34.59024 6.514400
34.81792 0.103200
34.92112 6.514400
35.1488 0.103200
35.252 6.514400
35.47968 0.103200
35.58288 6.514400
35.81056 0.103200
35.91376 6.514400
36.14144 0.103200
36.24464 6.514400
36.47232 0.103200
36.57552 6.514400
36.8032 0.103200
36.9064 6.514400
37.13408 0.103200
37.23728 6.514400
37.46496 0.103200
37.56816 6.514400
37.79584 0.103200
37.89904 6.514400
38.12672 0.103200
38.22992 6.514400
38.4576 0.103200
38.5608 6.514400
38.78848 0.103200
38.89168 6.514400
39.11936 0.103200
39.22256 6.514400
39.45024 0.103200
39.55344 6.514400
39.78112 0.103200
39.88432 6.514400
40.112 0.103200
40.44288 0.103200
40.77376 0.103200
41.10464 0.103200
41.43552 0.103200
41.7664 0.103200
42.09728 0.103200
42.42816 0.103200
42.75904 0.103200
43.08992 0.103200
43.4208 0.103200
43.75168 0.103200
44.08256 0.103200
44.41344 0.103200
44.74432 0.103200
45.0752 0.103200
45.40608 0.103200
45.73696 0.103200
46.06784 0.103200
46.39872 0.103200
