0.1 0.166000
0.1 0.182000
0.1 0.198000
0.1 0.214000
0.1 0.230000
0.1 0.246000
0.1 0.262000
0.1 0.264944
0.157472 0.223472
0.157472 0.239472
0.157472 0.255472
0.157472 0.271472
0.157472 0.287472
0.157472 0.303472
0.157472 0.319472
0.157472 0.322416
0.214944 0.280944
0.214944 0.296944
0.214944 0.312944
0.214944 0.328944
0.214944 0.344944
0.214944 0.360944
0.214944 0.376944
0.214944 0.379888
0.272416 0.338416
0.272416 0.354416
0.272416 0.370416
0.272416 0.386416
0.272416 0.402416
0.272416 0.418416
0.272416 0.434416
0.272416 0.437360
0.329888 0.395888
0.329888 0.411888
0.329888 0.427888
0.329888 0.443888
0.329888 0.459888
0.329888 0.475888
0.329888 0.491888
0.329888 0.494832
0.38736 0.453360
0.38736 0.469360
0.38736 0.485360
0.38736 0.501360
0.38736 0.517360
0.38736 0.533360
0.38736 0.549360
0.38736 0.552304
0.444832 0.510832
0.444832 0.526832
0.444832 0.542832
0.444832 0.558832
0.444832 0.574832
0.444832 0.590832
0.444832 0.606832
0.444832 0.609776
0.502304 0.568304
0.502304 0.584304
0.502304 0.600304
0.502304 0.616304
0.502304 0.632304
0.502304 0.648304
0.502304 0.664304
0.502304 0.667248
0.559776 0.625776
0.559776 0.641776
0.559776 0.657776
0.559776 0.673776
0.559776 0.689776
0.559776 0.705776
0.559776 0.721776
0.559776 0.724720
0.617248 0.683248
0.617248 0.699248
0.617248 0.715248
0.617248 0.731248
0.617248 0.747248
0.617248 0.763248
0.617248 0.779248
0.617248 0.782192
0.67472 0.740720
0.67472 0.756720
0.67472 0.772720
0.67472 0.788720
0.67472 0.804720
0.67472 0.820720
0.67472 0.836720
0.67472 0.839664
0.732192 0.798192
0.732192 0.814192
0.732192 0.830192
0.732192 0.846192
0.732192 0.862192
0.789664 0.820720
0.789664 0.836720
0.789664 0.852720
0.789664 0.868720
0.847136 0.827248
0.847136 0.843248
0.847136 0.859248
0.847136 0.875248
0.904608 0.833776
0.904608 0.849776
0.904608 0.865776
0.904608 0.881776
0.96208 0.840304
0.96208 0.856304
0.96208 0.872304
0.96208 0.888304
1.019552 0.846832
1.019552 0.862832
1.019552 0.878832
1.019552 0.894832
1.077024 0.853360
1.077024 0.869360
1.077024 0.885360
1.077024 0.901360
1.134496 0.859888
1.134496 0.875888
1.134496 0.891888
1.134496 0.907888
1.191968 0.866416
1.191968 0.882416
1.191968 0.898416
1.191968 0.914416
1.24944 0.872944
1.24944 0.888944
1.24944 0.904944
1.24944 0.920944
1.306912 0.879472
1.306912 0.895472
1.306912 0.911472
1.306912 0.927472
1.364384 0.886000
1.364384 0.902000
1.364384 0.918000
1.364384 0.934000
1.421856 0.892528
1.421856 0.908528
1.421856 0.924528
1.421856 0.940528
1.479328 0.899056
1.479328 0.915056
1.479328 0.931056
1.479328 0.947056
1.5368 0.905584
1.5368 0.921584
1.5368 0.937584
1.594272 0.896112
1.594272 0.912112
1.594272 0.928112
1.594272 0.944112
1.651744 0.902640
1.651744 0.918640
1.651744 0.934640
1.709216 0.893168
1.709216 0.909168
1.709216 0.925168
1.709216 0.941168
1.766688 0.899696
1.766688 0.915696
1.766688 0.931696
1.766688 0.947696
1.82416 0.906224
1.82416 0.922224
1.82416 0.938224
1.881632 0.896752
1.881632 0.912752
1.881632 0.928752
1.881632 0.944752
1.939104 0.903280
1.939104 0.919280
1.939104 0.935280
1.996576 0.893808
1.996576 0.909808
1.996576 0.925808
1.996576 0.941808
2.054048 0.900336
2.054048 0.916336
2.054048 0.932336
2.054048 0.948336
2.11152 0.906864
2.11152 0.922864
2.11152 0.938864
2.168992 0.897392
2.168992 0.913392
2.168992 0.929392
2.168992 0.945392
2.226464 0.903920
2.226464 0.919920
2.226464 0.935920
2.283936 0.894448
2.283936 0.910448
2.283936 0.926448
2.283936 0.942448
2.341408 0.900976
2.341408 0.916976
2.341408 0.932976
2.341408 0.948976
2.39888 0.907504
2.39888 0.923504
2.39888 0.939504
2.456352 0.898032
2.456352 0.914032
2.456352 0.930032
2.456352 0.946032
2.513824 0.904560
2.513824 0.920560
2.513824 0.936560
2.571296 0.895088
2.571296 0.911088
2.571296 0.927088
2.571296 0.943088
2.628768 0.901616
2.628768 0.917616
2.628768 0.933616
2.628768 0.949616
2.68624 0.908144
2.68624 0.924144
2.68624 0.940144
2.743712 0.898672
2.743712 0.914672
2.743712 0.930672
2.743712 0.946672
2.801184 0.905200
2.801184 0.921200
2.801184 0.937200
2.858656 0.895728
2.858656 0.911728
2.858656 0.927728
2.858656 0.943728
2.916128 0.902256
2.916128 0.918256
2.916128 0.934256
2.9736 0.892784
2.9736 0.908784
2.9736 0.924784
2.9736 0.940784
3.031072 0.899312
3.031072 0.915312
3.031072 0.931312
3.031072 0.947312
3.088544 0.905840
3.088544 0.921840
3.088544 0.937840
3.146016 0.896368
3.146016 0.912368
3.146016 0.928368
3.146016 0.944368
3.203488 0.902896
3.203488 0.918896
3.203488 0.934896
3.26096 0.893424
3.26096 0.909424
3.26096 0.925424
3.26096 0.941424
3.318432 0.899952
3.318432 0.915952
3.318432 0.931952
3.318432 0.947952
3.375904 0.906480
3.375904 0.922480
3.375904 0.938480
3.433376 0.897008
3.433376 0.913008
3.433376 0.929008
3.433376 0.945008
3.490848 0.903536
3.490848 0.919536
3.490848 0.935536
3.54832 0.894064
3.54832 0.910064
3.54832 0.926064
3.54832 0.942064
3.605792 0.900592
3.605792 0.916592
3.605792 0.932592
3.605792 0.948592
3.663264 0.907120
3.663264 0.923120
3.663264 0.939120
3.720736 0.897648
3.720736 0.913648
3.720736 0.929648
3.720736 0.945648
3.778208 0.904176
3.778208 0.920176
3.778208 0.936176
3.83568 0.894704
3.83568 0.910704
3.83568 0.926704
3.83568 0.942704
3.893152 0.901232
3.893152 0.917232
3.893152 0.933232
3.893152 0.949232
3.950624 0.907760
3.950624 0.923760
3.950624 0.939760
4.008096 0.898288
4.008096 0.914288
4.008096 0.930288
4.008096 0.946288
4.065568 0.904816
4.065568 0.920816
4.065568 0.936816
4.12304 0.895344
4.12304 0.911344
4.12304 0.927344
4.12304 0.943344
4.180512 0.901872
4.180512 0.917872
4.180512 0.933872
4.180512 0.949872
4.237984 0.908400
4.237984 0.924400
4.237984 0.940400
4.295456 0.898928
4.295456 0.914928
4.295456 0.930928
4.295456 0.946928
4.352928 0.905456
4.352928 0.921456
4.352928 0.937456
4.4104 0.895984
4.4104 0.911984
4.4104 0.927984
4.4104 0.943984
4.467872 0.902512
4.467872 0.918512
4.467872 0.934512
4.525344 0.893040
4.525344 0.909040
4.525344 0.925040
4.525344 0.941040
4.582816 0.899568
4.582816 0.915568
4.582816 0.931568
4.582816 0.947568
4.640288 0.906096
4.640288 0.922096
4.640288 0.938096
4.69776 0.896624
4.69776 0.912624
4.69776 0.928624
4.69776 0.944624
4.755232 0.903152
4.755232 0.919152
4.755232 0.935152
4.812704 0.893680
4.812704 0.909680
4.812704 0.925680
4.812704 0.941680
4.870176 0.900208
4.870176 0.916208
4.870176 0.932208
4.870176 0.948208
4.927648 0.906736
4.927648 0.922736
4.927648 0.938736
4.98512 0.897264
4.98512 0.913264
4.98512 0.929264
4.98512 0.945264
5.042592 0.903792
5.042592 0.919792
5.042592 0.935792
5.100064 0.894320
5.100064 0.910320
5.100064 0.926320
5.100064 0.942320
5.157536 0.900848
5.157536 0.916848
5.157536 0.932848
5.157536 0.948848
5.215008 0.907376
5.215008 0.923376
5.215008 0.939376
5.27248 0.897904
5.27248 0.913904
5.27248 0.929904
5.27248 0.945904
5.329952 0.904432
5.329952 0.920432
5.329952 0.936432
5.387424 0.894960
5.387424 0.910960
5.387424 0.926960
5.387424 0.942960
5.444896 0.901488
5.444896 0.917488
5.444896 0.933488
5.444896 0.949488
5.502368 0.908016
5.502368 0.924016
5.502368 0.940016
5.55984 0.898544
5.55984 0.914544
5.55984 0.930544
5.55984 0.946544
5.617312 0.905072
5.617312 0.921072
5.617312 0.937072
5.674784 0.895600
5.674784 0.911600
5.674784 0.927600
5.674784 0.943600
5.732256 0.902128
5.732256 0.918128
5.732256 0.934128
5.789728 0.892656
5.789728 0.908656
5.789728 0.924656
5.789728 0.940656
5.8472 0.899184
5.8472 0.915184
5.8472 0.931184
5.8472 0.947184
5.904672 0.905712
5.904672 0.921712
5.904672 0.937712
5.962144 0.896240
5.962144 0.912240
5.962144 0.928240
5.962144 0.944240
6.019616 0.902768
6.019616 0.918768
6.019616 0.934768
6.077088 0.893296
6.077088 0.909296
6.077088 0.925296
6.077088 0.941296
6.13456 0.899824
6.13456 0.915824
6.13456 0.931824
6.13456 0.947824
6.192032 0.906352
6.192032 0.922352
6.192032 0.938352
6.249504 0.896880
6.249504 0.912880
6.249504 0.928880
6.249504 0.944880
6.306976 0.903408
6.306976 0.919408
6.306976 0.935408
6.364448 0.893936
6.364448 0.909936
6.364448 0.925936
6.364448 0.941936
6.42192 0.900464
6.42192 0.916464
6.42192 0.932464
6.42192 0.948464
6.479392 0.906992
6.479392 0.922992
6.479392 0.938992
6.536864 0.897520
6.536864 0.913520
6.536864 0.929520
6.536864 0.945520
6.594336 0.904048
6.594336 0.920048
6.594336 0.936048
6.651808 0.894576
6.651808 0.910576
6.651808 0.926576
6.651808 0.942576
6.70928 0.901104
6.70928 0.917104
6.70928 0.933104
6.70928 0.949104
6.766752 0.907632
6.766752 0.923632
6.766752 0.939632
6.824224 0.898160
6.824224 0.914160
6.824224 0.930160
6.824224 0.946160
6.881696 0.904688
6.881696 0.920688
6.881696 0.936688
6.939168 0.895216
6.939168 0.911216
6.939168 0.927216
6.939168 0.943216
6.99664 0.901744
6.99664 0.917744
6.99664 0.933744
6.99664 0.949744
7.054112 0.908272
7.054112 0.924272
7.054112 0.940272
7.111584 0.898800
7.111584 0.914800
7.111584 0.930800
7.111584 0.946800
7.169056 0.905328
7.169056 0.921328
7.169056 0.937328
7.226528 0.895856
7.226528 0.911856
7.226528 0.927856
7.226528 0.943856
7.284 0.902384
7.284 0.918384
7.284 0.934384
7.341472 0.892912
7.341472 0.908912
7.341472 0.924912
7.341472 0.940912
7.398944 0.899440
7.398944 0.915440
7.398944 0.931440
7.398944 0.947440
7.456416 0.905968
7.456416 0.921968
7.456416 0.937968
7.513888 0.896496
7.513888 0.912496
7.513888 0.928496
7.513888 0.944496
7.57136 0.903024
7.57136 0.919024
7.57136 0.935024
7.628832 0.893552
7.628832 0.909552
7.628832 0.925552
7.628832 0.941552
7.686304 0.900080
7.686304 0.916080
7.686304 0.932080
7.686304 0.948080
7.743776 0.906608
7.743776 0.922608
7.743776 0.938608
7.801248 0.897136
7.801248 0.913136
7.801248 0.929136
7.801248 0.945136
7.85872 0.903664
7.85872 0.919664
7.85872 0.935664
7.916192 0.894192
7.916192 0.910192
7.916192 0.926192
7.916192 0.942192
7.973664 0.900720
7.973664 0.916720
7.973664 0.932720
7.973664 0.948720
8.031136 0.907248
8.031136 0.923248
8.031136 0.939248
8.088608 0.897776
8.088608 0.913776
8.088608 0.929776
8.088608 0.945776
8.14608 0.904304
8.14608 0.920304
8.14608 0.936304
8.203552 0.894832
8.203552 0.910832
8.203552 0.926832
8.203552 0.942832
8.261024 0.901360
8.261024 0.917360
8.261024 0.933360
8.261024 0.949360
8.318496 0.907888
8.318496 0.923888
8.318496 0.939888
8.375968 0.898416
8.375968 0.914416
8.375968 0.930416
8.375968 0.946416
8.43344 0.904944
8.43344 0.920944
8.43344 0.936944
8.490912 0.895472
8.490912 0.911472
8.490912 0.927472
8.490912 0.943472
8.548384 0.902000
8.548384 0.918000
8.548384 0.934000
8.605856 0.892528
8.605856 0.908528
8.605856 0.924528
8.605856 0.940528
8.663328 0.899056
8.663328 0.915056
8.663328 0.931056
8.663328 0.947056
8.7208 0.905584
8.7208 0.921584
8.7208 0.937584
8.778272 0.896112
8.778272 0.912112
8.778272 0.928112
8.778272 0.944112
8.835744 0.902640
8.835744 0.918640
8.835744 0.934640
8.893216 0.893168
8.893216 0.909168
8.893216 0.925168
8.893216 0.941168
8.950688 0.899696
8.950688 0.915696
8.950688 0.931696
8.950688 0.947696
9.00816 0.906224
9.00816 0.922224
9.00816 0.938224
9.065632 0.896752
9.065632 0.912752
9.065632 0.928752
9.065632 0.944752
9.123104 0.903280
9.123104 0.919280
9.123104 0.935280
9.180576 0.893808
9.180576 0.909808
9.180576 0.925808
9.180576 0.941808
9.238048 0.900336
9.238048 0.916336
9.238048 0.932336
9.238048 0.948336
9.29552 0.906864
9.29552 0.922864
9.29552 0.938864
9.352992 0.897392
9.352992 0.913392
9.352992 0.929392
9.352992 0.945392
9.410464 0.903920
9.410464 0.919920
9.410464 0.935920
9.467936 0.894448
9.467936 0.910448
9.467936 0.926448
9.467936 0.942448
9.525408 0.900976
9.525408 0.916976
9.525408 0.932976
9.525408 0.948976
9.58288 0.907504
9.58288 0.923504
9.58288 0.939504
9.640352 0.898032
9.640352 0.914032
9.640352 0.930032
9.640352 0.946032
9.697824 0.904560
9.697824 0.920560
9.697824 0.936560
9.755296 0.895088
9.755296 0.911088
9.755296 0.927088
9.755296 0.943088
9.812768 0.901616
9.812768 0.917616
9.812768 0.933616
9.812768 0.949616
9.87024 0.908144
9.87024 0.924144
9.87024 0.940144
9.927712 0.898672
9.927712 0.914672
9.927712 0.930672
9.927712 0.946672
9.985184 0.905200
9.985184 0.921200
9.985184 0.937200
10.042656 0.895728
10.042656 0.911728
10.042656 0.927728
10.042656 0.943728
10.100128 0.902256
10.100128 0.918256
10.100128 0.934256
10.1576 0.892784
10.1576 0.908784
10.1576 0.924784
10.1576 0.940784
10.215072 0.899312
10.215072 0.915312
10.215072 0.931312
10.215072 0.947312
10.272544 0.905840
10.272544 0.921840
10.272544 0.937840
10.330016 0.896368
10.330016 0.912368
10.330016 0.928368
10.330016 0.944368
10.387488 0.902896
10.387488 0.918896
10.387488 0.934896
10.44496 0.893424
10.44496 0.909424
10.44496 0.925424
10.44496 0.941424
10.502432 0.899952
10.502432 0.915952
10.502432 0.931952
10.502432 0.947952
10.559904 0.906480
10.559904 0.922480
10.559904 0.938480
10.617376 0.897008
10.617376 0.913008
10.617376 0.929008
10.617376 0.945008
10.674848 0.903536
10.674848 0.919536
10.674848 0.935536
10.73232 0.894064
10.73232 0.910064
10.73232 0.926064
10.73232 0.942064
10.789792 0.900592
10.789792 0.916592
10.789792 0.932592
10.789792 0.948592
10.847264 0.907120
10.847264 0.923120
10.847264 0.939120
10.904736 0.897648
10.904736 0.913648
10.904736 0.929648
10.904736 0.945648
10.962208 0.904176
10.962208 0.920176
10.962208 0.936176
11.01968 0.894704
11.01968 0.910704
11.01968 0.926704
11.01968 0.942704
11.077152 0.901232
11.077152 0.917232
11.077152 0.933232
11.077152 0.949232
11.134624 0.907760
11.134624 0.923760
11.134624 0.939760
11.192096 0.898288
11.192096 0.914288
11.192096 0.930288
11.192096 0.946288
11.249568 0.904816
11.249568 0.920816
11.249568 0.936816
11.30704 0.895344
11.30704 0.911344
11.30704 0.927344
11.30704 0.943344
11.364512 0.901872
11.364512 0.917872
11.364512 0.933872
11.364512 0.949872
11.421984 0.908400
11.421984 0.924400
11.421984 0.940400
11.479456 0.898928
11.479456 0.914928
11.479456 0.930928
11.479456 0.946928
11.536928 0.905456
11.536928 0.921456
11.536928 0.937456
11.5944 0.895984
11.5944 0.911984
11.5944 0.927984
11.5944 0.943984
11.651872 0.902512
11.651872 0.918512
11.651872 0.934512
11.709344 0.893040
11.709344 0.909040
11.709344 0.925040
11.709344 0.941040
11.766816 0.899568
11.766816 0.915568
11.766816 0.931568
11.766816 0.947568
11.824288 0.906096
11.824288 0.922096
11.824288 0.938096
11.88176 0.896624
11.88176 0.912624
11.88176 0.928624
11.88176 0.944624
11.939232 0.903152
11.939232 0.919152
11.939232 0.935152
11.996704 0.893680
11.996704 0.909680
11.996704 0.925680
11.996704 0.941680
12.054176 0.900208
12.054176 0.916208
12.054176 0.932208
12.054176 0.948208
12.111648 0.906736
12.111648 0.922736
12.111648 0.938736
12.16912 0.897264
12.16912 0.913264
12.16912 0.929264
12.16912 0.945264
12.226592 0.903792
12.226592 0.919792
12.226592 0.935792
12.284064 0.894320
12.284064 0.910320
12.284064 0.926320
12.284064 0.942320
12.341536 0.900848
12.341536 0.916848
12.341536 0.932848
12.341536 0.948848
12.399008 0.907376
12.399008 0.923376
12.399008 0.939376
12.45648 0.897904
12.45648 0.913904
12.45648 0.929904
12.45648 0.945904
12.513952 0.904432
12.513952 0.920432
12.513952 0.936432
12.571424 0.894960
12.571424 0.910960
12.571424 0.926960
12.571424 0.942960
12.628896 0.901488
12.628896 0.917488
12.628896 0.933488
12.628896 0.949488
12.686368 0.908016
12.686368 0.924016
12.686368 0.940016
12.74384 0.898544
12.74384 0.914544
12.74384 0.930544
12.74384 0.946544
12.801312 0.905072
12.801312 0.921072
12.801312 0.937072
12.858784 0.895600
12.858784 0.911600
12.858784 0.927600
12.858784 0.943600
12.916256 0.902128
12.916256 0.918128
12.916256 0.934128
12.973728 0.892656
12.973728 0.908656
12.973728 0.924656
12.973728 0.940656
13.0312 0.899184
13.0312 0.915184
13.0312 0.931184
13.0312 0.947184
13.088672 0.905712
13.088672 0.921712
13.088672 0.937712
13.146144 0.896240
13.146144 0.912240
13.146144 0.928240
13.146144 0.944240
13.203616 0.902768
13.203616 0.918768
13.203616 0.934768
13.261088 0.893296
13.261088 0.909296
13.261088 0.925296
13.261088 0.941296
13.31856 0.899824
13.31856 0.915824
13.31856 0.931824
13.31856 0.947824
13.376032 0.906352
13.376032 0.922352
13.376032 0.938352
13.433504 0.896880
13.433504 0.912880
13.433504 0.928880
13.433504 0.944880
13.490976 0.903408
13.490976 0.919408
13.490976 0.935408
13.548448 0.893936
13.548448 0.909936
13.548448 0.925936
13.548448 0.941936
13.60592 0.900464
13.60592 0.916464
13.60592 0.932464
13.60592 0.948464
13.663392 0.906992
13.663392 0.922992
13.663392 0.938992
13.720864 0.897520
13.720864 0.913520
13.720864 0.929520
13.720864 0.945520
13.778336 0.904048
13.778336 0.920048
13.778336 0.936048
13.835808 0.894576
13.835808 0.910576
13.835808 0.926576
13.835808 0.942576
13.89328 0.901104
13.89328 0.917104
13.89328 0.933104
13.89328 0.949104
13.950752 0.907632
13.950752 0.923632
13.950752 0.939632
14.008224 0.898160
14.008224 0.914160
14.008224 0.930160
14.008224 0.946160
14.065696 0.904688
14.065696 0.920688
14.065696 0.936688
14.123168 0.895216
14.123168 0.911216
14.123168 0.927216
14.123168 0.943216
14.18064 0.901744
14.18064 0.917744
14.18064 0.933744
14.18064 0.949744
14.238112 0.908272
14.238112 0.924272
14.238112 0.940272
14.295584 0.898800
14.295584 0.914800
14.295584 0.930800
14.295584 0.946800
14.353056 0.905328
14.353056 0.921328
14.353056 0.937328
14.410528 0.895856
14.410528 0.911856
14.410528 0.927856
14.410528 0.943856
14.468 0.902384
14.468 0.918384
14.468 0.934384
14.525472 0.892912
14.525472 0.908912
14.525472 0.924912
14.525472 0.940912
14.582944 0.899440
14.582944 0.915440
14.582944 0.931440
14.582944 0.947440
14.640416 0.905968
14.640416 0.921968
14.640416 0.937968
14.697888 0.896496
14.697888 0.912496
14.697888 0.928496
14.697888 0.944496
14.75536 0.903024
14.75536 0.919024
14.75536 0.935024
14.812832 0.893552
14.812832 0.909552
14.812832 0.925552
14.812832 0.941552
14.870304 0.900080
14.870304 0.916080
14.870304 0.932080
14.870304 0.948080
14.927776 0.906608
14.927776 0.922608
14.927776 0.938608
14.985248 0.897136
14.985248 0.913136
14.985248 0.929136
14.985248 0.945136
15.04272 0.903664
15.04272 0.919664
15.04272 0.935664
15.100192 0.894192
15.100192 0.910192
15.100192 0.926192
15.100192 0.942192
15.157664 0.900720
15.157664 0.916720
15.157664 0.932720
15.157664 0.948720
15.215136 0.907248
15.215136 0.923248
15.215136 0.939248
15.272608 0.897776
15.272608 0.913776
15.272608 0.929776
15.272608 0.945776
15.33008 0.904304
15.33008 0.920304
15.33008 0.936304
15.387552 0.894832
15.387552 0.910832
15.387552 0.926832
15.387552 0.942832
15.445024 0.901360
15.445024 0.917360
15.445024 0.933360
15.445024 0.949360
15.502496 0.907888
15.502496 0.923888
15.502496 0.939888
15.559968 0.898416
15.559968 0.914416
15.559968 0.930416
15.559968 0.946416
15.61744 0.904944
15.61744 0.920944
15.61744 0.936944
15.674912 0.895472
15.674912 0.911472
15.674912 0.927472
15.674912 0.943472
15.732384 0.902000
15.732384 0.918000
15.732384 0.934000
15.732384 0.950000
15.789856 0.908528
15.789856 0.924528
15.789856 0.940528
15.847328 0.899056
15.847328 0.915056
15.847328 0.931056
15.847328 0.947056
15.9048 0.905584
15.9048 0.921584
15.9048 0.937584
15.962272 0.896112
15.962272 0.912112
15.962272 0.928112
15.962272 0.944112
16.019744 0.902640
16.019744 0.918640
16.019744 0.934640
16.077216 0.893168
16.077216 0.909168
16.077216 0.925168
16.077216 0.941168
16.134688 0.899696
16.134688 0.915696
16.134688 0.931696
16.134688 0.947696
16.19216 0.906224
16.19216 0.922224
16.19216 0.938224
16.249632 0.896752
16.249632 0.912752
16.249632 0.928752
16.249632 0.944752
16.307104 0.903280
16.307104 0.919280
16.307104 0.935280
16.364576 0.893808
16.364576 0.909808
16.364576 0.925808
16.364576 0.941808
16.422048 0.900336
16.422048 0.916336
16.422048 0.932336
16.422048 0.948336
16.47952 0.906864
16.47952 0.922864
16.47952 0.938864
16.536992 0.897392
16.536992 0.913392
16.536992 0.929392
16.536992 0.945392
16.594464 0.903920
16.594464 0.919920
16.594464 0.935920
16.651936 0.894448
16.651936 0.910448
16.651936 0.926448
16.651936 0.942448
16.709408 0.900976
16.709408 0.916976
16.709408 0.932976
16.709408 0.948976
16.76688 0.907504
16.76688 0.923504
16.76688 0.939504
16.824352 0.898032
16.824352 0.914032
16.824352 0.930032
16.824352 0.946032
16.881824 0.904560
16.881824 0.920560
16.881824 0.936560
16.939296 0.895088
16.939296 0.911088
16.939296 0.927088
16.939296 0.943088
16.996768 0.901616
16.996768 0.917616
16.996768 0.933616
16.996768 0.949616
17.05424 0.908144
17.05424 0.924144
17.05424 0.940144
17.111712 0.898672
17.111712 0.914672
17.111712 0.930672
17.111712 0.946672
17.169184 0.905200
17.169184 0.921200
17.169184 0.937200
17.226656 0.895728
17.226656 0.911728
17.226656 0.927728
17.226656 0.943728
17.284128 0.902256
17.284128 0.918256
17.284128 0.934256
17.3416 0.892784
17.3416 0.908784
17.3416 0.924784
17.3416 0.940784
17.399072 0.899312
17.399072 0.915312
17.399072 0.931312
17.399072 0.947312
17.456544 0.905840
17.456544 0.921840
17.456544 0.937840
17.514016 0.896368
17.514016 0.912368
17.514016 0.928368
17.514016 0.944368
17.571488 0.902896
17.571488 0.918896
17.571488 0.934896
17.62896 0.893424
17.62896 0.909424
17.62896 0.925424
17.62896 0.941424
17.686432 0.899952
17.686432 0.915952
17.686432 0.931952
17.686432 0.947952
17.743904 0.906480
17.743904 0.922480
17.743904 0.938480
17.801376 0.897008
17.801376 0.913008
17.801376 0.929008
17.801376 0.945008
17.858848 0.903536
17.858848 0.919536
17.858848 0.935536
17.91632 0.894064
17.91632 0.910064
17.91632 0.926064
17.91632 0.942064
17.973792 0.900592
17.973792 0.916592
17.973792 0.932592
17.973792 0.948592
18.031264 0.907120
18.031264 0.923120
18.031264 0.939120
18.088736 0.897648
18.088736 0.913648
18.088736 0.929648
18.088736 0.945648
18.146208 0.904176
18.146208 0.920176
18.146208 0.936176
18.20368 0.894704
18.20368 0.910704
18.20368 0.926704
18.20368 0.942704
18.261152 0.901232
18.261152 0.917232
18.261152 0.933232
18.261152 0.949232
18.318624 0.907760
18.318624 0.923760
18.318624 0.939760
18.376096 0.898288
18.376096 0.914288
18.376096 0.930288
18.376096 0.946288
18.433568 0.904816
18.433568 0.920816
18.433568 0.936816
18.49104 0.895344
18.49104 0.911344
18.49104 0.927344
18.49104 0.943344
18.548512 0.901872
18.548512 0.917872
18.548512 0.933872
18.548512 0.949872
18.605984 0.908400
18.605984 0.924400
18.605984 0.940400
18.663456 0.898928
18.663456 0.914928
18.663456 0.930928
18.663456 0.946928
18.720928 0.905456
18.720928 0.921456
18.720928 0.937456
18.7784 0.895984
18.7784 0.911984
18.7784 0.927984
18.7784 0.943984
18.835872 0.902512
18.835872 0.918512
18.835872 0.934512
18.893344 0.893040
18.893344 0.909040
18.893344 0.925040
18.893344 0.941040
18.950816 0.899568
18.950816 0.915568
18.950816 0.931568
18.950816 0.947568
19.008288 0.906096
19.008288 0.922096
19.008288 0.938096
19.06576 0.896624
19.06576 0.912624
19.06576 0.928624
19.06576 0.944624
19.123232 0.903152
19.123232 0.919152
19.123232 0.935152
19.180704 0.893680
19.180704 0.909680
19.180704 0.925680
19.180704 0.941680
19.238176 0.900208
19.238176 0.916208
19.238176 0.932208
19.238176 0.948208
19.295648 0.906736
19.295648 0.922736
19.295648 0.938736
19.35312 0.897264
19.35312 0.913264
19.35312 0.929264
19.35312 0.945264
19.410592 0.903792
19.410592 0.919792
19.410592 0.935792
19.468064 0.894320
19.468064 0.910320
19.468064 0.926320
19.468064 0.942320
19.525536 0.900848
19.525536 0.916848
19.525536 0.932848
19.525536 0.948848
19.583008 0.907376
19.583008 0.923376
19.583008 0.939376
19.64048 0.897904
19.64048 0.913904
19.64048 0.929904
19.64048 0.945904
19.697952 0.904432
19.697952 0.920432
19.697952 0.936432
19.755424 0.894960
19.755424 0.910960
19.755424 0.926960
19.755424 0.942960
19.812896 0.901488
19.812896 0.917488
19.812896 0.933488
19.812896 0.949488
19.870368 0.908016
19.870368 0.924016
19.870368 0.940016
19.92784 0.898544
19.92784 0.914544
19.92784 0.930544
19.92784 0.946544
19.985312 0.905072
19.985312 0.921072
19.985312 0.937072
20.042784 0.895600
20.042784 0.911600
20.042784 0.927600
20.042784 0.943600
20.100256 0.902128
20.100256 0.918128
20.100256 0.934128
20.157728 0.892656
20.157728 0.908656
20.157728 0.924656
20.157728 0.940656
20.2152 0.899184
20.2152 0.915184
20.2152 0.931184
20.2152 0.947184
20.272672 0.905712
20.272672 0.921712
20.272672 0.937712
20.330144 0.896240
20.330144 0.912240
20.330144 0.928240
20.330144 0.944240
20.387616 0.902768
20.387616 0.918768
20.387616 0.934768
20.445088 0.893296
20.445088 0.909296
20.445088 0.925296
20.445088 0.941296
20.50256 0.899824
20.50256 0.915824
20.50256 0.931824
20.50256 0.947824
20.560032 0.906352
20.560032 0.922352
20.560032 0.938352
20.617504 0.896880
20.617504 0.912880
20.617504 0.928880
20.617504 0.944880
20.674976 0.903408
20.674976 0.919408
20.674976 0.935408
20.732448 0.893936
20.732448 0.909936
20.732448 0.925936
20.732448 0.941936
20.78992 0.900464
20.78992 0.916464
20.78992 0.932464
20.78992 0.948464
20.847392 0.906992
20.847392 0.922992
20.847392 0.938992
20.904864 0.897520
20.904864 0.913520
20.904864 0.929520
20.904864 0.945520
20.962336 0.904048
20.962336 0.920048
20.962336 0.936048
21.019808 0.894576
21.019808 0.910576
21.019808 0.926576
21.019808 0.942576
21.07728 0.901104
21.07728 0.917104
21.07728 0.933104
21.07728 0.949104
21.134752 0.907632
21.134752 0.923632
21.134752 0.939632
21.192224 0.898160
21.192224 0.914160
21.192224 0.930160
21.192224 0.946160
21.249696 0.904688
21.249696 0.920688
21.249696 0.936688
21.307168 0.895216
21.307168 0.911216
21.307168 0.927216
21.307168 0.943216
21.36464 0.901744
21.36464 0.917744
21.36464 0.933744
21.36464 0.949744
21.422112 0.908272
21.422112 0.924272
21.422112 0.940272
21.479584 0.898800
21.479584 0.914800
21.479584 0.930800
21.479584 0.946800
21.537056 0.905328
21.537056 0.921328
21.537056 0.937328
21.594528 0.895856
21.594528 0.911856
21.594528 0.927856
21.594528 0.943856
21.652 0.902384
21.652 0.918384
21.652 0.934384
21.709472 0.892912
21.709472 0.908912
21.709472 0.924912
21.709472 0.940912
21.766944 0.899440
21.766944 0.915440
21.766944 0.931440
21.766944 0.947440
21.824416 0.905968
21.824416 0.921968
21.824416 0.937968
21.881888 0.896496
21.881888 0.912496
21.881888 0.928496
21.881888 0.944496
21.93936 0.903024
21.93936 0.919024
21.93936 0.935024
21.996832 0.893552
21.996832 0.909552
21.996832 0.925552
21.996832 0.941552
22.054304 0.900080
22.054304 0.916080
22.054304 0.932080
22.054304 0.948080
22.111776 0.906608
22.111776 0.922608
22.111776 0.938608
22.169248 0.897136
22.169248 0.913136
22.169248 0.929136
22.169248 0.945136
22.22672 0.903664
22.22672 0.919664
22.22672 0.935664
22.284192 0.894192
22.284192 0.910192
22.284192 0.926192
22.284192 0.942192
22.341664 0.900720
22.341664 0.916720
22.341664 0.932720
22.341664 0.948720
22.399136 0.907248
22.399136 0.923248
22.399136 0.939248
22.456608 0.897776
22.456608 0.913776
22.456608 0.929776
22.456608 0.945776
22.51408 0.904304
22.51408 0.920304
22.51408 0.936304
22.571552 0.894832
22.571552 0.910832
22.571552 0.926832
22.571552 0.942832
22.629024 0.901360
22.629024 0.917360
22.629024 0.933360
22.629024 0.949360
22.686496 0.907888
22.686496 0.923888
22.686496 0.939888
22.743968 0.898416
22.743968 0.914416
22.743968 0.930416
22.743968 0.946416
22.80144 0.904944
22.80144 0.920944
22.80144 0.936944
22.858912 0.895472
22.858912 0.911472
22.858912 0.927472
22.858912 0.943472
22.916384 0.902000
22.916384 0.918000
22.916384 0.934000
22.916384 0.950000
22.973856 0.908528
22.973856 0.924528
22.973856 0.940528
23.031328 0.899056
23.031328 0.915056
23.031328 0.931056
23.031328 0.947056
23.0888 0.905584
23.0888 0.921584
23.0888 0.937584
23.146272 0.896112
23.146272 0.912112
23.146272 0.928112
23.146272 0.944112
23.203744 0.902640
23.203744 0.918640
23.203744 0.934640
23.261216 0.893168
23.261216 0.909168
23.261216 0.925168
23.261216 0.941168
23.318688 0.899696
23.318688 0.915696
23.318688 0.931696
23.318688 0.947696
23.37616 0.906224
23.37616 0.922224
23.37616 0.938224
23.433632 0.896752
23.433632 0.912752
23.433632 0.928752
23.433632 0.944752
23.491104 0.903280
23.491104 0.919280
23.491104 0.935280
23.548576 0.893808
23.548576 0.909808
23.548576 0.925808
23.548576 0.941808
23.606048 0.900336
23.606048 0.916336
23.606048 0.932336
23.606048 0.948336
23.66352 0.906864
23.66352 0.922864
23.66352 0.938864
23.720992 0.897392
23.720992 0.913392
23.720992 0.929392
23.720992 0.945392
23.778464 0.903920
23.778464 0.919920
23.778464 0.935920
23.835936 0.894448
23.835936 0.910448
23.835936 0.926448
23.835936 0.942448
23.893408 0.900976
23.893408 0.916976
23.893408 0.932976
23.893408 0.948976
23.95088 0.907504
23.95088 0.923504
23.95088 0.939504
24.008352 0.898032
24.008352 0.914032
24.008352 0.930032
24.008352 0.946032
24.065824 0.904560
24.065824 0.920560
24.065824 0.936560
24.123296 0.895088
24.123296 0.911088
24.123296 0.927088
24.123296 0.943088
24.180768 0.901616
24.180768 0.917616
24.180768 0.933616
24.180768 0.949616
24.23824 0.908144
24.23824 0.924144
24.23824 0.940144
24.295712 0.898672
24.295712 0.914672
24.295712 0.930672
24.295712 0.946672
24.353184 0.905200
24.353184 0.921200
24.353184 0.937200
24.410656 0.895728
24.410656 0.911728
24.410656 0.927728
24.410656 0.943728
24.468128 0.902256
24.468128 0.918256
24.468128 0.934256
24.5256 0.892784
24.5256 0.908784
24.5256 0.924784
24.5256 0.940784
24.583072 0.899312
24.583072 0.915312
24.583072 0.931312
24.583072 0.947312
24.640544 0.905840
24.640544 0.921840
24.640544 0.937840
24.698016 0.896368
24.698016 0.912368
24.698016 0.928368
24.698016 0.944368
24.755488 0.902896
24.755488 0.918896
24.755488 0.934896
24.81296 0.893424
24.81296 0.909424
24.81296 0.925424
24.81296 0.941424
24.870432 0.899952
24.870432 0.915952
24.870432 0.931952
24.870432 0.947952
24.927904 0.906480
24.927904 0.922480
24.927904 0.938480
24.985376 0.897008
24.985376 0.913008
24.985376 0.929008
24.985376 0.945008
25.042848 0.903536
25.042848 0.919536
25.042848 0.935536
25.10032 0.894064
25.10032 0.910064
25.10032 0.926064
25.10032 0.942064
25.157792 0.900592
25.157792 0.916592
25.157792 0.932592
25.157792 0.948592
25.215264 0.907120
25.215264 0.923120
25.215264 0.939120
25.272736 0.897648
25.272736 0.913648
25.272736 0.929648
25.272736 0.945648
25.330208 0.904176
25.330208 0.920176
25.330208 0.936176
25.38768 0.894704
25.38768 0.910704
25.38768 0.926704
25.38768 0.942704
25.445152 0.901232
25.445152 0.917232
25.445152 0.933232
25.445152 0.949232
25.502624 0.907760
25.502624 0.923760
25.502624 0.939760
25.560096 0.898288
25.560096 0.914288
25.560096 0.930288
25.560096 0.946288
25.617568 0.904816
25.617568 0.920816
25.617568 0.936816
25.67504 0.895344
25.67504 0.911344
25.67504 0.927344
25.67504 0.943344
25.732512 0.901872
25.732512 0.917872
25.732512 0.933872
25.732512 0.949872
25.789984 0.908400
25.789984 0.924400
25.789984 0.940400
25.847456 0.898928
25.847456 0.914928
25.847456 0.930928
25.847456 0.946928
25.904928 0.905456
25.904928 0.921456
25.904928 0.937456
25.9624 0.895984
25.9624 0.911984
25.9624 0.927984
25.9624 0.943984
26.019872 0.902512
26.019872 0.918512
26.019872 0.934512
26.077344 0.893040
26.077344 0.909040
26.077344 0.925040
26.077344 0.941040
26.134816 0.899568
26.134816 0.915568
26.134816 0.931568
26.134816 0.947568
26.192288 0.906096
26.192288 0.922096
26.192288 0.938096
26.24976 0.896624
26.24976 0.912624
26.24976 0.928624
26.24976 0.944624
26.307232 0.903152
26.307232 0.919152
26.307232 0.935152
26.364704 0.893680
26.364704 0.909680
26.364704 0.925680
26.364704 0.941680
26.422176 0.900208
26.422176 0.916208
26.422176 0.932208
26.422176 0.948208
26.479648 0.906736
26.479648 0.922736
26.479648 0.938736
26.53712 0.897264
26.53712 0.913264
26.53712 0.929264
26.53712 0.945264
26.594592 0.903792
26.594592 0.919792
26.594592 0.935792
26.652064 0.894320
26.652064 0.910320
26.652064 0.926320
26.652064 0.942320
26.709536 0.900848
26.709536 0.916848
26.709536 0.932848
26.709536 0.948848
26.767008 0.907376
26.767008 0.923376
26.767008 0.939376
26.82448 0.897904
26.82448 0.913904
26.82448 0.929904
26.82448 0.945904
26.881952 0.904432
26.881952 0.920432
26.881952 0.936432
26.939424 0.894960
26.939424 0.910960
26.939424 0.926960
26.939424 0.942960
26.996896 0.901488
26.996896 0.917488
26.996896 0.933488
26.996896 0.949488
27.054368 0.908016
27.054368 0.924016
27.054368 0.940016
27.11184 0.898544
27.11184 0.914544
27.11184 0.930544
27.11184 0.946544
27.169312 0.905072
27.169312 0.921072
27.169312 0.937072
27.226784 0.895600
27.226784 0.911600
27.226784 0.927600
27.226784 0.943600
27.284256 0.902128
27.284256 0.918128
27.284256 0.934128
27.341728 0.892656
27.341728 0.908656
27.341728 0.924656
27.341728 0.940656
27.3992 0.899184
27.3992 0.915184
27.3992 0.931184
27.3992 0.947184
27.456672 0.905712
27.456672 0.921712
27.456672 0.937712
27.514144 0.896240
27.514144 0.912240
27.514144 0.928240
27.514144 0.944240
27.571616 0.902768
27.571616 0.918768
27.571616 0.934768
27.629088 0.893296
27.629088 0.909296
27.629088 0.925296
27.629088 0.941296
27.68656 0.899824
27.68656 0.915824
27.68656 0.931824
27.68656 0.947824
27.744032 0.906352
27.744032 0.922352
27.744032 0.938352
27.801504 0.896880
27.801504 0.912880
27.801504 0.928880
27.801504 0.944880
27.858976 0.903408
27.858976 0.919408
27.858976 0.935408
27.916448 0.893936
27.916448 0.909936
27.916448 0.925936
27.916448 0.941936
27.97392 0.900464
27.97392 0.916464
27.97392 0.932464
27.97392 0.948464
28.031392 0.906992
28.031392 0.922992
28.031392 0.938992
28.088864 0.897520
28.088864 0.913520
28.088864 0.929520
28.088864 0.945520
28.146336 0.904048
28.146336 0.920048
28.146336 0.936048
28.203808 0.894576
28.203808 0.910576
28.203808 0.926576
28.203808 0.942576
28.26128 0.901104
28.26128 0.917104
28.26128 0.933104
28.26128 0.949104
28.318752 0.907632
28.318752 0.923632
28.318752 0.939632
28.376224 0.898160
28.376224 0.914160
28.376224 0.930160
28.376224 0.946160
28.433696 0.904688
28.433696 0.920688
28.433696 0.936688
28.491168 0.895216
28.491168 0.911216
28.491168 0.927216
28.491168 0.943216
28.54864 0.901744
28.54864 0.917744
28.54864 0.933744
28.54864 0.949744
28.606112 0.908272
28.606112 0.924272
28.606112 0.940272
28.663584 0.898800
28.663584 0.914800
28.663584 0.930800
28.663584 0.946800
28.721056 0.905328
28.721056 0.921328
28.721056 0.937328
28.778528 0.895856
28.778528 0.911856
28.778528 0.927856
28.778528 0.943856
28.836 0.902384
28.836 0.918384
28.836 0.934384
28.893472 0.892912
28.893472 0.908912
28.893472 0.924912
28.893472 0.940912
28.950944 0.899440
28.950944 0.915440
28.950944 0.931440
28.950944 0.947440
29.008416 0.905968
29.008416 0.921968
29.008416 0.937968
29.065888 0.896496
29.065888 0.912496
29.065888 0.928496
29.065888 0.944496
29.12336 0.903024
29.12336 0.919024
29.12336 0.935024
29.180832 0.893552
29.180832 0.909552
29.180832 0.925552
29.180832 0.941552
29.238304 0.900080
29.238304 0.916080
29.238304 0.932080
29.238304 0.948080
29.295776 0.906608
29.295776 0.922608
29.295776 0.938608
29.353248 0.897136
29.353248 0.913136
29.353248 0.929136
29.353248 0.945136
29.41072 0.903664
29.41072 0.919664
29.41072 0.935664
29.468192 0.894192
29.468192 0.910192
29.468192 0.926192
29.468192 0.942192
29.525664 0.900720
29.525664 0.916720
29.525664 0.932720
29.525664 0.948720
29.583136 0.907248
29.583136 0.923248
29.583136 0.939248
29.640608 0.897776
29.640608 0.913776
29.640608 0.929776
29.640608 0.945776
29.69808 0.904304
29.69808 0.920304
29.69808 0.936304
29.755552 0.894832
29.755552 0.910832
29.755552 0.926832
29.755552 0.942832
29.813024 0.901360
29.813024 0.917360
29.813024 0.933360
29.813024 0.949360
29.870496 0.907888
29.870496 0.923888
29.870496 0.939888
29.927968 0.898416
29.927968 0.914416
29.927968 0.930416
29.927968 0.946416
29.98544 0.904944
29.98544 0.920944
29.98544 0.936944
30.042912 0.895472
30.042912 0.911472
30.042912 0.927472
30.042912 0.943472
30.100384 0.902000
30.100384 0.918000
30.100384 0.934000
30.100384 0.950000
30.157856 0.908528
30.157856 0.924528
30.157856 0.940528
30.215328 0.899056
30.215328 0.915056
30.215328 0.931056
30.215328 0.947056
30.2728 0.905584
30.2728 0.921584
30.2728 0.937584
30.330272 0.896112
30.330272 0.912112
30.330272 0.928112
30.330272 0.944112
30.387744 0.902640
30.387744 0.918640
30.387744 0.934640
30.445216 0.893168
30.445216 0.909168
30.445216 0.925168
30.445216 0.941168
30.502688 0.899696
30.502688 0.915696
30.502688 0.931696
30.502688 0.947696
30.56016 0.906224
30.56016 0.922224
30.56016 0.938224
30.617632 0.896752
30.617632 0.912752
30.617632 0.928752
30.617632 0.944752
30.675104 0.903280
30.675104 0.919280
30.675104 0.935280
30.732576 0.893808
30.732576 0.909808
30.732576 0.925808
30.732576 0.941808
30.790048 0.900336
30.790048 0.916336
30.790048 0.932336
30.790048 0.948336
30.84752 0.906864
30.84752 0.922864
30.84752 0.938864
30.904992 0.897392
30.904992 0.913392
30.904992 0.929392
30.904992 0.945392
30.962464 0.903920
30.962464 0.919920
30.962464 0.935920
31.019936 0.894448
31.019936 0.910448
31.019936 0.926448
31.019936 0.942448
31.077408 0.900976
31.077408 0.916976
31.077408 0.932976
31.077408 0.948976
31.13488 0.907504
31.13488 0.923504
31.13488 0.939504
31.192352 0.898032
31.192352 0.914032
31.192352 0.930032
31.192352 0.946032
31.249824 0.904560
31.249824 0.920560
31.249824 0.936560
31.307296 0.895088
31.307296 0.911088
31.307296 0.927088
31.307296 0.943088
31.364768 0.901616
31.364768 0.917616
31.364768 0.933616
31.364768 0.949616
31.42224 0.908144
31.42224 0.924144
31.42224 0.940144
31.479712 0.898672
31.479712 0.914672
31.479712 0.930672
31.479712 0.946672
31.537184 0.905200
31.537184 0.921200
31.537184 0.937200
31.594656 0.895728
31.594656 0.911728
31.594656 0.927728
31.594656 0.943728
31.652128 0.902256
31.652128 0.918256
31.652128 0.934256
31.7096 0.892784
31.7096 0.908784
31.7096 0.924784
31.7096 0.940784
31.767072 0.899312
31.767072 0.915312
31.767072 0.931312
31.767072 0.947312
31.824544 0.905840
31.824544 0.921840
31.824544 0.937840
31.882016 0.896368
31.882016 0.912368
31.882016 0.928368
31.882016 0.944368
31.939488 0.902896
31.939488 0.918896
31.939488 0.934896
31.99696 0.893424
31.99696 0.909424
31.99696 0.925424
31.99696 0.941424
32.054432 0.899952
32.054432 0.915952
32.054432 0.931952
32.054432 0.947952
32.111904 0.906480
32.111904 0.922480
32.111904 0.938480
32.169376 0.897008
32.169376 0.913008
32.169376 0.929008
32.169376 0.945008
32.226848 0.903536
32.226848 0.919536
32.226848 0.935536
32.28432 0.894064
32.28432 0.910064
32.28432 0.926064
32.28432 0.942064
32.341792 0.900592
32.341792 0.916592
32.341792 0.932592
32.341792 0.948592
32.399264 0.907120
32.399264 0.923120
32.399264 0.939120
32.456736 0.897648
32.456736 0.913648
32.456736 0.929648
32.456736 0.945648
32.514208 0.904176
32.514208 0.920176
32.514208 0.936176
32.57168 0.894704
32.57168 0.910704
32.57168 0.926704
32.57168 0.942704
32.629152 0.901232
32.629152 0.917232
32.629152 0.933232
32.629152 0.949232
32.686624 0.907760
32.686624 0.923760
32.686624 0.939760
32.744096 0.898288
32.744096 0.914288
32.744096 0.930288
32.744096 0.946288
32.801568 0.904816
32.801568 0.920816
32.801568 0.936816
32.85904 0.895344
32.85904 0.911344
32.85904 0.927344
32.85904 0.943344
32.916512 0.901872
32.916512 0.917872
32.916512 0.933872
32.916512 0.949872
32.973984 0.908400
32.973984 0.924400
32.973984 0.940400
33.031456 0.898928
33.031456 0.914928
33.031456 0.930928
33.031456 0.946928
33.088928 0.905456
33.088928 0.921456
33.088928 0.937456
33.1464 0.895984
33.1464 0.911984
33.1464 0.927984
33.1464 0.943984
33.203872 0.902512
33.203872 0.918512
33.203872 0.934512
33.261344 0.893040
33.261344 0.909040
33.261344 0.925040
33.261344 0.941040
33.318816 0.899568
33.318816 0.915568
33.318816 0.931568
33.318816 0.947568
33.376288 0.906096
33.376288 0.922096
33.376288 0.938096
33.43376 0.896624
33.43376 0.912624
33.43376 0.928624
33.43376 0.944624
33.491232 0.903152
33.491232 0.919152
33.491232 0.935152
33.548704 0.893680
33.548704 0.909680
33.548704 0.925680
33.548704 0.941680
33.606176 0.900208
33.606176 0.916208
33.606176 0.932208
33.606176 0.948208
33.663648 0.906736
33.663648 0.922736
33.663648 0.938736
33.72112 0.897264
33.72112 0.913264
33.72112 0.929264
33.72112 0.945264
33.778592 0.903792
33.778592 0.919792
33.778592 0.935792
33.836064 0.894320
33.836064 0.910320
33.836064 0.926320
33.836064 0.942320
33.893536 0.900848
33.893536 0.916848
33.893536 0.932848
33.893536 0.948848
33.951008 0.907376
33.951008 0.923376
33.951008 0.939376
34.00848 0.897904
34.00848 0.913904
34.00848 0.929904
34.00848 0.945904
34.065952 0.904432
34.065952 0.920432
34.065952 0.936432
34.123424 0.894960
34.123424 0.910960
34.123424 0.926960
34.123424 0.942960
34.180896 0.901488
34.180896 0.917488
34.180896 0.933488
34.180896 0.949488
34.238368 0.908016
34.238368 0.924016
34.238368 0.940016
34.29584 0.898544
34.29584 0.914544
34.29584 0.930544
34.29584 0.946544
34.353312 0.905072
34.353312 0.921072
34.353312 0.937072
34.410784 0.895600
34.410784 0.911600
34.410784 0.927600
34.410784 0.943600
34.468256 0.902128
34.468256 0.918128
34.468256 0.934128
34.525728 0.892656
34.525728 0.908656
34.525728 0.924656
34.525728 0.940656
34.5832 0.899184
34.5832 0.915184
34.5832 0.931184
34.5832 0.947184
34.640672 0.905712
34.640672 0.921712
34.640672 0.937712
34.698144 0.896240
34.698144 0.912240
34.698144 0.928240
34.698144 0.944240
34.755616 0.902768
34.755616 0.918768
34.755616 0.934768
34.813088 0.893296
34.813088 0.909296
34.813088 0.925296
34.813088 0.941296
34.87056 0.899824
34.87056 0.915824
34.87056 0.931824
34.87056 0.947824
34.928032 0.906352
34.928032 0.922352
34.928032 0.938352
34.985504 0.896880
34.985504 0.912880
34.985504 0.928880
34.985504 0.944880
35.042976 0.903408
35.042976 0.919408
35.042976 0.935408
35.100448 0.893936
35.100448 0.909936
35.100448 0.925936
35.100448 0.941936
35.15792 0.900464
35.15792 0.916464
35.15792 0.932464
35.15792 0.948464
35.215392 0.906992
35.215392 0.922992
35.215392 0.938992
35.272864 0.897520
35.272864 0.913520
35.272864 0.929520
35.272864 0.945520
35.330336 0.904048
35.330336 0.920048
35.330336 0.936048
35.387808 0.894576
35.387808 0.910576
35.387808 0.926576
35.387808 0.942576
35.44528 0.901104
35.44528 0.917104
35.44528 0.933104
35.44528 0.949104
35.502752 0.907632
35.502752 0.923632
35.502752 0.939632
35.560224 0.898160
35.560224 0.914160
35.560224 0.930160
35.560224 0.946160
35.617696 0.904688
35.617696 0.920688
35.617696 0.936688
35.675168 0.895216
35.675168 0.911216
35.675168 0.927216
35.675168 0.943216
35.73264 0.901744
35.73264 0.917744
35.73264 0.933744
35.73264 0.949744
35.790112 0.908272
35.790112 0.924272
35.790112 0.940272
35.847584 0.898800
35.847584 0.914800
35.847584 0.930800
35.847584 0.946800
35.905056 0.905328
35.905056 0.921328
35.905056 0.937328
35.962528 0.895856
35.962528 0.911856
35.962528 0.927856
35.962528 0.943856
36.02 0.902384
36.02 0.918384
36.02 0.934384
36.077472 0.892912
36.077472 0.908912
36.077472 0.924912
36.077472 0.940912
36.134944 0.899440
36.134944 0.915440
36.134944 0.931440
36.134944 0.947440
36.192416 0.905968
36.192416 0.921968
36.192416 0.937968
36.249888 0.896496
36.249888 0.912496
36.249888 0.928496
36.249888 0.944496
36.30736 0.903024
36.30736 0.919024
36.30736 0.935024
36.364832 0.893552
36.364832 0.909552
36.364832 0.925552
36.364832 0.941552
36.422304 0.900080
36.422304 0.916080
36.422304 0.932080
36.422304 0.948080
36.479776 0.906608
36.479776 0.922608
36.479776 0.938608
36.537248 0.897136
36.537248 0.913136
36.537248 0.929136
36.537248 0.945136
36.59472 0.903664
36.59472 0.919664
36.59472 0.935664
36.652192 0.894192
36.652192 0.910192
36.652192 0.926192
36.652192 0.942192
36.709664 0.900720
36.709664 0.916720
36.709664 0.932720
36.709664 0.948720
36.767136 0.907248
36.767136 0.923248
36.767136 0.939248
36.824608 0.897776
36.824608 0.913776
36.824608 0.929776
36.824608 0.945776
36.88208 0.904304
36.88208 0.920304
36.88208 0.936304
36.939552 0.894832
36.939552 0.910832
36.939552 0.926832
36.939552 0.942832
36.997024 0.901360
36.997024 0.917360
36.997024 0.933360
36.997024 0.949360
37.054496 0.907888
37.054496 0.923888
37.054496 0.939888
37.111968 0.898416
37.111968 0.914416
37.111968 0.930416
37.111968 0.946416
37.16944 0.904944
37.16944 0.920944
37.16944 0.936944
37.226912 0.895472
37.226912 0.911472
37.226912 0.927472
37.226912 0.943472
37.284384 0.902000
37.284384 0.918000
37.284384 0.934000
37.284384 0.950000
37.341856 0.908528
37.341856 0.924528
37.341856 0.940528
37.399328 0.899056
37.399328 0.915056
37.399328 0.931056
37.399328 0.947056
37.4568 0.905584
37.4568 0.921584
37.4568 0.937584
37.514272 0.896112
37.514272 0.912112
37.514272 0.928112
37.514272 0.944112
37.571744 0.902640
37.571744 0.918640
37.571744 0.934640
37.629216 0.893168
37.629216 0.909168
37.629216 0.925168
37.629216 0.941168
37.686688 0.899696
37.686688 0.915696
37.686688 0.931696
37.686688 0.947696
37.74416 0.906224
37.74416 0.922224
37.74416 0.938224
37.801632 0.896752
37.801632 0.912752
37.801632 0.928752
37.801632 0.944752
37.859104 0.903280
37.859104 0.919280
37.859104 0.935280
37.916576 0.893808
37.916576 0.909808
37.916576 0.925808
37.916576 0.941808
37.974048 0.900336
37.974048 0.916336
37.974048 0.932336
37.974048 0.948336
38.03152 0.906864
38.03152 0.922864
38.03152 0.938864
38.088992 0.897392
38.088992 0.913392
38.088992 0.929392
38.088992 0.945392
38.146464 0.903920
38.146464 0.919920
38.146464 0.935920
38.203936 0.894448
38.203936 0.910448
38.203936 0.926448
38.203936 0.942448
38.261408 0.900976
38.261408 0.916976
38.261408 0.932976
38.261408 0.948976
38.31888 0.907504
38.31888 0.923504
38.31888 0.939504
38.376352 0.898032
38.376352 0.914032
38.376352 0.930032
38.376352 0.946032
38.433824 0.904560
38.433824 0.920560
38.433824 0.936560
38.491296 0.895088
38.491296 0.911088
38.491296 0.927088
38.491296 0.943088
38.548768 0.901616
38.548768 0.917616
38.548768 0.933616
38.548768 0.949616
38.60624 0.908144
38.60624 0.924144
38.60624 0.940144
38.663712 0.898672
38.663712 0.914672
38.663712 0.930672
38.663712 0.946672
38.721184 0.905200
38.721184 0.921200
38.721184 0.937200
38.778656 0.895728
38.778656 0.911728
38.778656 0.927728
38.778656 0.943728
38.836128 0.902256
38.836128 0.918256
38.836128 0.934256
38.8936 0.892784
38.8936 0.908784
38.8936 0.924784
38.8936 0.940784
38.951072 0.899312
38.951072 0.915312
38.951072 0.931312
38.951072 0.947312
39.008544 0.905840
39.008544 0.921840
39.008544 0.937840
39.066016 0.896368
39.066016 0.912368
39.066016 0.928368
39.066016 0.944368
39.123488 0.902896
39.123488 0.918896
39.123488 0.934896
39.18096 0.893424
39.18096 0.909424
39.18096 0.925424
39.18096 0.941424
39.238432 0.899952
39.238432 0.915952
39.238432 0.931952
39.238432 0.947952
39.295904 0.906480
39.295904 0.922480
39.295904 0.938480
39.353376 0.897008
39.353376 0.913008
39.353376 0.929008
39.353376 0.945008
39.410848 0.903536
39.410848 0.919536
39.410848 0.935536
39.46832 0.894064
39.46832 0.910064
39.46832 0.926064
39.46832 0.942064
39.525792 0.900592
39.525792 0.916592
39.525792 0.932592
39.525792 0.948592
39.583264 0.907120
39.583264 0.923120
39.583264 0.939120
39.640736 0.897648
39.640736 0.913648
39.640736 0.929648
39.640736 0.945648
39.698208 0.904176
39.698208 0.920176
39.698208 0.936176
39.75568 0.894704
39.75568 0.910704
39.75568 0.926704
39.75568 0.942704
39.813152 0.901232
39.813152 0.917232
39.813152 0.933232
39.813152 0.949232
39.870624 0.907760
39.870624 0.923760
39.870624 0.939760
39.928096 0.898288
39.928096 0.914288
39.928096 0.930288
39.928096 0.946288
39.985568 0.904816
39.985568 0.920816
39.985568 0.936816
